#macsj0717_z2_K.J.3206.2.fc.1d.esc.txt
#Wavelength in (A) | Flux (erg/sec/cm2/A)| Flux Error
11530.00000	2.05947e-18	8.38826e-19
11531.30000	4.46147e-18	8.06182e-19
11532.60000	4.40828e-18	8.80949e-19
11533.90000	2.75915e-18	9.65448e-19
11535.20000	2.43011e-18	1.38117e-18
11536.50000	2.85714e-18	3.74316e-18
11537.80000	4.96636e-18	7.05479e-18
11539.10000	1.15469e-17	7.67050e-18
11540.40000	2.56085e-18	5.07628e-18
11541.70000	1.72490e-18	2.50421e-18
11543.00000	1.63437e-18	1.21432e-18
11544.30000	5.62893e-19	9.18814e-19
11545.60000	1.88238e-18	8.28837e-19
11546.90000	2.09952e-18	8.02297e-19
11548.20000	1.46245e-18	7.76623e-19
11549.50000	-1.75505e-19	7.31784e-19
11550.90000	6.25759e-19	7.35284e-19
11552.20000	2.89887e-18	7.59324e-19
11553.50000	3.38393e-18	7.48436e-19
11554.80000	3.74185e-18	7.73063e-19
11556.10000	2.57474e-18	7.77796e-19
11557.40000	2.49422e-18	7.63277e-19
11558.70000	5.50807e-19	7.47977e-19
11560.00000	2.15675e-18	7.52807e-19
11561.30000	4.03499e-19	8.33138e-19
11562.60000	2.23081e-18	1.58002e-18
11563.90000	-3.68532e-19	3.09561e-18
11565.20000	6.89084e-19	3.61668e-18
11566.50000	1.45372e-18	3.06469e-18
11567.80000	2.63421e-18	1.89426e-18
11569.10000	1.83996e-18	1.10293e-18
11570.40000	3.11552e-18	8.22325e-19
11571.70000	1.03290e-18	7.18744e-19
11573.00000	2.19424e-18	7.16856e-19
11574.30000	2.21602e-18	8.95070e-19
11575.60000	1.74560e-18	1.04370e-18
11576.90000	1.32869e-18	1.08736e-18
11578.20000	7.52449e-19	9.82966e-19
11579.50000	8.94174e-19	8.03319e-19
11580.80000	4.84522e-19	6.58133e-19
11582.10000	1.17067e-18	5.94118e-19
11583.40000	2.87207e-18	6.07252e-19
11584.70000	2.78521e-18	6.35475e-19
11586.00000	3.05098e-18	7.14334e-19
11587.30000	1.51436e-19	9.12139e-19
11588.60000	2.79252e-18	1.74398e-18
11589.90000	-2.01226e-18	4.26545e-18
11591.20000	-2.39777e-18	5.67824e-18
11592.60000	1.50702e-18	5.37073e-18
11593.90000	3.70072e-19	3.43732e-18
11595.20000	9.17987e-19	1.55612e-18
11596.50000	1.22771e-18	7.16888e-19
11597.80000	2.12221e-18	5.79980e-19
11599.10000	2.14075e-18	5.53419e-19
11600.40000	1.69814e-18	5.66205e-19
11601.70000	1.61204e-18	5.53095e-19
11603.00000	6.34742e-19	5.81302e-19
11604.30000	8.04782e-19	5.87582e-19
11605.60000	2.09788e-19	5.91802e-19
11606.90000	9.98944e-19	6.66572e-19
11608.20000	1.25349e-18	8.22667e-19
11609.50000	2.96528e-19	8.63478e-19
11610.80000	2.49046e-18	8.45274e-19
11612.10000	2.39197e-18	6.84987e-19
11613.40000	1.57556e-18	5.44889e-19
11614.70000	2.21558e-18	5.39049e-19
11616.00000	1.95280e-18	5.24004e-19
11617.30000	2.16929e-18	5.58255e-19
11618.60000	1.86938e-18	5.74677e-19
11619.90000	2.08575e-18	5.83967e-19
11621.20000	1.68331e-18	6.10223e-19
11622.50000	9.72712e-19	6.03178e-19
11623.80000	1.71059e-18	7.24373e-19
11625.10000	2.38391e-18	1.34264e-18
11626.40000	2.34406e-18	2.57348e-18
11627.70000	2.71284e-18	3.06868e-18
11629.00000	3.92415e-18	2.88650e-18
11630.30000	1.90227e-18	1.56070e-18
11631.60000	1.04254e-18	7.82684e-19
11633.00000	1.33526e-18	7.11614e-19
11634.30000	2.73711e-18	6.88191e-19
11635.60000	1.35076e-18	7.67185e-19
11636.90000	6.26607e-19	7.31314e-19
11638.20000	8.28453e-20	6.82001e-19
11639.50000	9.18650e-19	7.11386e-19
11640.80000	9.78328e-19	7.13144e-19
11642.10000	2.18717e-18	6.80594e-19
11643.40000	2.01623e-18	6.35543e-19
11644.70000	1.91083e-18	5.67703e-19
11646.00000	2.02124e-18	5.97557e-19
11647.30000	1.06389e-18	9.88583e-19
11648.60000	2.94450e-18	2.58880e-18
11649.90000	1.29897e-18	4.09005e-18
11651.20000	-2.19720e-18	4.29566e-18
11652.50000	2.20291e-19	3.10370e-18
11653.80000	3.80276e-19	1.56998e-18
11655.10000	6.31795e-19	7.35724e-19
11656.40000	8.43670e-19	6.22794e-19
11657.70000	2.09133e-18	6.00298e-19
11659.00000	1.04790e-18	5.99087e-19
11660.30000	1.21509e-18	5.90918e-19
11661.60000	8.66785e-19	5.94585e-19
11662.90000	1.78137e-18	5.35355e-19
11664.20000	2.88563e-18	5.14975e-19
11665.50000	2.30788e-18	4.84658e-19
11666.80000	1.48775e-18	4.54763e-19
11668.10000	1.38840e-18	4.81442e-19
11669.40000	2.41535e-18	5.30381e-19
11670.70000	1.05601e-18	6.18441e-19
11672.00000	1.80657e-18	7.15538e-19
11673.30000	2.11252e-18	7.26425e-19
11674.70000	2.77658e-18	6.40244e-19
11676.00000	2.44329e-18	5.87060e-19
11677.30000	2.63659e-18	6.51972e-19
11678.60000	1.69141e-18	7.46686e-19
11679.90000	1.99399e-18	8.86176e-19
11681.20000	1.63339e-18	9.10395e-19
11682.50000	2.69533e-18	9.84296e-19
11683.80000	3.52682e-18	1.03064e-18
11685.10000	3.16988e-18	7.13299e-19
11686.40000	2.87459e-18	5.03724e-19
11687.70000	2.18543e-18	4.47629e-19
11689.00000	2.55165e-18	4.52848e-19
11690.30000	2.37911e-18	4.61645e-19
11691.60000	1.10162e-18	4.98286e-19
11692.90000	1.88486e-18	6.83630e-19
11694.20000	3.23173e-18	1.35566e-18
11695.50000	2.76081e-19	2.12241e-18
11696.80000	2.73983e-19	2.20421e-18
11698.10000	1.22676e-18	1.57709e-18
11699.40000	1.13081e-18	8.27421e-19
11700.70000	1.40685e-18	5.01090e-19
11702.00000	1.29404e-18	4.57185e-19
11703.30000	2.19023e-18	4.38509e-19
11704.60000	1.18346e-18	4.54852e-19
11705.90000	1.85608e-18	4.84107e-19
11707.20000	2.65146e-18	4.81382e-19
11708.50000	2.08289e-18	4.82174e-19
11709.80000	1.98423e-18	5.04191e-19
11711.10000	1.87454e-18	5.91450e-19
11712.40000	2.14874e-19	8.63205e-19
11713.70000	7.69735e-19	1.72225e-18
11715.00000	3.54121e-18	2.84809e-18
11716.40000	3.80062e-18	3.13043e-18
11717.70000	2.79969e-18	2.43355e-18
11719.00000	2.22614e-18	1.32210e-18
11720.30000	2.55359e-18	6.31824e-19
11721.60000	2.03452e-18	4.94800e-19
11722.90000	1.25554e-18	4.93858e-19
11724.20000	2.48559e-18	5.02430e-19
11725.50000	1.97123e-18	4.89508e-19
11726.80000	1.75339e-18	5.25076e-19
11728.10000	3.01473e-18	5.49026e-19
11729.40000	2.36026e-18	5.36508e-19
11730.70000	2.37024e-18	5.32649e-19
11732.00000	2.71212e-18	5.20183e-19
11733.30000	1.70159e-18	4.83066e-19
11734.60000	2.75622e-18	4.77158e-19
11735.90000	2.56802e-18	4.79009e-19
11737.20000	1.94439e-18	4.87062e-19
11738.50000	2.24037e-18	5.46690e-19
11739.80000	1.75600e-18	5.40632e-19
11741.10000	1.79989e-18	5.64048e-19
11742.40000	2.47790e-18	5.35616e-19
11743.70000	2.84107e-18	4.77039e-19
11745.00000	1.97587e-18	4.42527e-19
11746.30000	1.32055e-18	4.14647e-19
11747.60000	1.19583e-18	4.76258e-19
11748.90000	1.39086e-18	4.69327e-19
11750.20000	1.82831e-18	5.37770e-19
11751.50000	1.92389e-18	6.08442e-19
11752.80000	1.32365e-18	5.66384e-19
11754.10000	1.13996e-18	5.36118e-19
11755.40000	2.06360e-18	5.83607e-19
11756.80000	2.15778e-18	6.61389e-19
11758.10000	1.55601e-18	6.47464e-19
11759.40000	1.63092e-18	5.66743e-19
11760.70000	1.90693e-18	4.93195e-19
11762.00000	1.84163e-18	4.39726e-19
11763.30000	2.38033e-18	4.46268e-19
11764.60000	1.80224e-18	4.51380e-19
11765.90000	1.78350e-18	4.56285e-19
11767.20000	1.61916e-18	5.62912e-19
11768.50000	2.26438e-18	1.05057e-18
11769.80000	7.04971e-19	1.70002e-18
11771.10000	2.10952e-18	1.64269e-18
11772.40000	2.88108e-18	1.34121e-18
11773.70000	2.22960e-18	8.86525e-19
11775.00000	1.97422e-18	6.30800e-19
11776.30000	1.46224e-18	5.53615e-19
11777.60000	2.00117e-18	5.27097e-19
11778.90000	1.86236e-18	5.24569e-19
11780.20000	3.25439e-18	5.50899e-19
11781.50000	2.57978e-18	6.32920e-19
11782.80000	2.43249e-18	7.12652e-19
11784.10000	1.08571e-18	8.08590e-19
11785.40000	1.50557e-18	1.19957e-18
11786.70000	3.72457e-18	1.92717e-18
11788.00000	2.98974e-18	2.42599e-18
11789.30000	2.41634e-18	1.88553e-18
11790.60000	3.61612e-18	1.25174e-18
11791.90000	9.63528e-19	8.18323e-19
11793.20000	1.37728e-18	6.35976e-19
11794.50000	2.47858e-18	5.36956e-19
11795.80000	1.88881e-18	4.90089e-19
11797.10000	1.92249e-18	4.71838e-19
11798.50000	3.05738e-18	4.68548e-19
11799.80000	3.14978e-18	4.74706e-19
11801.10000	2.67626e-18	4.77395e-19
11802.40000	1.33304e-18	4.78317e-19
11803.70000	1.94379e-18	5.05979e-19
11805.00000	2.38009e-18	5.61224e-19
11806.30000	1.91024e-18	5.67517e-19
11807.60000	3.10633e-18	5.64998e-19
11808.90000	2.55121e-18	5.60322e-19
11810.20000	1.18567e-18	5.53435e-19
11811.50000	1.63022e-18	5.20855e-19
11812.80000	1.61628e-18	4.82604e-19
11814.10000	1.79185e-18	4.62799e-19
11815.40000	2.05144e-18	4.66654e-19
11816.70000	1.09272e-18	4.42843e-19
11818.00000	2.27505e-18	4.36217e-19
11819.30000	2.20294e-18	4.43670e-19
11820.60000	1.08526e-18	4.59410e-19
11821.90000	1.86251e-18	4.56965e-19
11823.20000	2.15418e-18	4.50110e-19
11824.50000	2.04601e-18	4.52652e-19
11825.80000	1.46942e-18	4.67183e-19
11827.10000	2.09525e-18	4.68456e-19
11828.40000	1.85892e-18	4.72928e-19
11829.70000	2.45029e-18	4.57882e-19
11831.00000	2.54837e-18	4.73049e-19
11832.30000	1.96308e-18	4.78136e-19
11833.60000	1.90749e-18	4.61941e-19
11834.90000	1.33248e-18	4.63422e-19
11836.20000	1.38142e-18	4.74043e-19
11837.50000	2.17795e-18	4.87504e-19
11838.90000	2.25133e-18	4.87291e-19
11840.20000	1.60832e-18	4.78987e-19
11841.50000	1.42823e-18	4.68823e-19
11842.80000	3.05801e-18	4.67659e-19
11844.10000	2.61134e-18	4.70767e-19
11845.40000	1.83370e-18	4.51343e-19
11846.70000	1.83424e-18	4.59076e-19
11848.00000	1.40040e-18	5.40008e-19
11849.30000	1.84981e-18	8.40676e-19
11850.60000	2.64967e-18	1.16968e-18
11851.90000	1.34244e-18	1.21627e-18
11853.20000	1.87028e-18	9.38176e-19
11854.50000	6.62914e-19	6.14845e-19
11855.80000	1.64806e-18	4.92557e-19
11857.10000	2.06174e-18	4.61725e-19
11858.40000	1.81606e-18	4.51081e-19
11859.70000	5.80961e-19	4.47598e-19
11861.00000	1.83944e-18	4.39763e-19
11862.30000	1.72871e-18	4.82381e-19
11863.60000	5.93074e-19	7.48255e-19
11864.90000	1.24879e-18	1.17911e-18
11866.20000	1.43627e-18	1.39238e-18
11867.50000	5.79594e-19	1.26929e-18
11868.80000	1.54941e-18	9.16670e-19
11870.10000	6.37463e-19	6.79963e-19
11871.40000	5.02029e-19	6.25673e-19
11872.70000	8.82547e-19	5.93399e-19
11874.00000	1.68971e-18	5.42630e-19
11875.30000	3.07880e-18	5.09007e-19
11876.60000	3.18917e-18	4.88726e-19
11877.90000	2.95325e-18	4.80369e-19
11879.20000	3.67070e-18	4.79801e-19
11880.60000	7.44348e-19	4.71220e-19
11881.90000	1.37634e-18	4.66174e-19
11883.20000	1.99119e-18	4.54922e-19
11884.50000	2.16072e-18	4.74033e-19
11885.80000	1.83946e-18	5.56114e-19
11887.10000	2.76556e-18	6.32244e-19
11888.40000	1.95475e-18	5.74232e-19
11889.70000	2.74825e-18	5.26472e-19
11891.00000	1.82095e-18	5.43328e-19
11892.30000	1.35377e-18	5.44473e-19
11893.60000	1.54438e-18	4.88294e-19
11894.90000	2.59294e-18	4.71529e-19
11896.20000	1.56962e-18	4.75201e-19
11897.50000	9.91656e-19	5.16386e-19
11898.80000	1.70622e-18	5.96777e-19
11900.10000	2.08741e-18	7.97707e-19
11901.40000	2.32143e-18	6.93768e-19
11902.70000	2.24259e-18	6.24849e-19
11904.00000	2.20700e-18	5.99286e-19
11905.30000	1.56345e-18	6.35602e-19
11906.60000	1.07886e-18	6.70245e-19
11907.90000	8.10186e-19	6.84900e-19
11909.20000	1.73873e-18	6.44075e-19
11910.50000	1.36725e-18	6.20102e-19
11911.80000	1.49875e-18	5.70667e-19
11913.10000	1.98238e-18	5.65323e-19
11914.40000	3.00976e-18	5.85258e-19
11915.70000	2.26175e-18	6.06514e-19
11917.00000	2.53472e-18	5.93793e-19
11918.30000	2.21504e-18	5.58574e-19
11919.60000	2.26576e-18	5.58657e-19
11921.00000	2.90766e-18	5.44483e-19
11922.30000	2.20123e-18	4.75173e-19
11923.60000	1.91173e-18	4.45903e-19
11924.90000	4.39644e-18	4.39275e-19
11926.20000	2.48432e-18	4.34141e-19
11927.50000	1.56106e-18	4.60834e-19
11928.80000	1.43673e-18	4.30982e-19
11930.10000	1.89985e-18	4.24708e-19
11931.40000	1.80780e-18	4.52935e-19
11932.70000	1.90398e-18	5.25835e-19
11934.00000	1.81420e-18	5.74163e-19
11935.30000	2.84824e-18	6.21722e-19
11936.60000	1.96686e-18	7.73037e-19
11937.90000	2.51206e-18	9.03683e-19
11939.20000	1.48291e-18	9.36706e-19
11940.50000	1.60408e-18	6.42057e-19
11941.80000	2.22890e-18	4.96794e-19
11943.10000	1.36302e-18	4.42588e-19
11944.40000	2.05783e-18	4.31541e-19
11945.70000	2.54081e-18	4.27215e-19
11947.00000	2.29470e-18	4.39447e-19
11948.30000	3.59745e-18	5.37474e-19
11949.60000	4.54562e-18	8.06439e-19
11950.90000	3.87772e-18	1.05769e-18
11952.20000	2.43914e-18	1.26841e-18
11953.50000	2.40304e-18	8.99209e-19
11954.80000	2.26072e-18	5.80746e-19
11956.10000	1.78019e-18	4.79811e-19
11957.40000	2.28246e-18	4.55116e-19
11958.70000	2.94082e-18	4.49176e-19
11960.00000	1.70702e-18	4.46890e-19
11961.30000	1.51057e-18	4.78939e-19
11962.70000	1.57168e-18	4.61939e-19
11964.00000	3.38734e-18	4.65633e-19
11965.30000	2.05950e-18	6.25781e-19
11966.60000	2.53904e-18	1.19651e-18
11967.90000	1.81983e-19	1.53799e-18
11969.20000	2.79816e-18	1.64275e-18
11970.50000	4.08278e-18	1.46035e-18
11971.80000	3.86325e-18	1.46586e-18
11973.10000	1.66936e-18	1.86126e-18
11974.40000	1.66328e-18	2.37688e-18
11975.70000	1.83547e-18	2.21691e-18
11977.00000	2.76689e-18	1.65579e-18
11978.30000	9.42848e-19	9.82380e-19
11979.60000	1.78474e-18	6.54452e-19
11980.90000	1.94087e-18	8.67430e-19
11982.20000	4.18596e-19	1.32366e-18
11983.50000	1.63903e-18	1.57923e-18
11984.80000	2.35647e-19	1.52612e-18
11986.10000	6.69327e-19	1.70715e-18
11987.40000	-3.65021e-19	2.62690e-18
11988.70000	2.32350e-18	2.73338e-18
11990.00000	1.95250e-18	2.12117e-18
11991.30000	2.71347e-18	1.09269e-18
11992.60000	2.26930e-18	5.12337e-19
11993.90000	2.20316e-18	4.41030e-19
11995.20000	2.30565e-18	4.45499e-19
11996.50000	2.83261e-18	5.37587e-19
11997.80000	2.47993e-18	1.05617e-18
11999.10000	1.83052e-18	1.72321e-18
12000.40000	1.28233e-18	1.91233e-18
12001.70000	2.70376e-18	1.61015e-18
12003.10000	1.69163e-18	1.23955e-18
12004.40000	9.12533e-20	1.57917e-18
12005.70000	6.66963e-19	2.83612e-18
12007.00000	2.29847e-18	3.32556e-18
12008.30000	5.08887e-18	2.80572e-18
12009.60000	2.53975e-18	1.44302e-18
12010.90000	2.72556e-18	6.16980e-19
12012.20000	2.09373e-18	4.99285e-19
12013.50000	1.80084e-18	5.22596e-19
12014.80000	1.96941e-18	5.16753e-19
12016.10000	1.54853e-18	4.70360e-19
12017.40000	1.97033e-18	4.35379e-19
12018.70000	2.22033e-18	4.38279e-19
12020.00000	1.76046e-18	4.84271e-19
12021.30000	9.08688e-19	8.09197e-19
12022.60000	-3.53632e-19	1.88098e-18
12023.90000	3.42341e-18	2.23881e-18
12025.20000	1.17942e-18	2.26218e-18
12026.50000	2.02035e-18	1.58577e-18
12027.80000	1.91747e-18	1.54500e-18
12029.10000	3.30151e-18	2.71521e-18
12030.40000	2.88985e-18	3.42549e-18
12031.70000	5.24636e-18	3.23243e-18
12033.00000	9.57744e-19	1.98655e-18
12034.30000	6.98484e-19	9.20305e-19
12035.60000	3.00120e-18	6.07371e-19
12036.90000	2.03170e-18	4.99246e-19
12038.20000	2.89947e-18	4.62535e-19
12039.50000	2.29507e-18	4.64230e-19
12040.80000	1.60354e-18	5.72538e-19
12042.10000	1.41165e-18	7.46801e-19
12043.40000	2.96841e-18	8.36339e-19
12044.80000	2.82047e-18	7.56178e-19
12046.10000	6.24183e-19	6.01868e-19
12047.40000	2.00766e-18	4.63922e-19
12048.70000	9.22122e-19	4.52193e-19
12050.00000	1.82332e-18	4.22504e-19
12051.30000	1.61062e-18	4.37796e-19
12052.60000	1.63745e-18	6.09799e-19
12053.90000	2.05366e-18	1.38317e-18
12055.20000	4.62063e-18	2.15878e-18
12056.50000	1.33718e-18	2.25790e-18
12057.80000	2.00494e-18	1.66441e-18
12059.10000	2.37718e-18	1.07773e-18
12060.40000	2.44467e-18	7.96947e-19
12061.70000	8.19907e-19	6.38509e-19
12063.00000	9.62475e-19	5.71632e-19
12064.30000	2.10803e-18	5.64954e-19
12065.60000	1.60372e-18	6.15657e-19
12066.90000	2.29547e-18	5.65285e-19
12068.20000	1.91949e-18	5.00098e-19
12069.50000	5.75081e-19	4.61580e-19
12070.80000	2.98514e-18	4.68859e-19
12072.10000	2.54034e-18	4.80619e-19
12073.40000	2.26639e-18	4.79890e-19
12074.70000	1.44752e-18	5.28791e-19
12076.00000	2.50897e-18	4.62306e-19
12077.30000	2.43199e-18	4.06845e-19
12078.60000	1.75433e-18	3.96948e-19
12079.90000	1.96022e-18	4.37420e-19
12081.20000	1.94821e-18	4.47182e-19
12082.50000	1.49527e-18	4.62392e-19
12083.80000	1.41486e-18	4.46698e-19
12085.20000	1.99321e-18	4.33239e-19
12086.50000	2.62258e-18	4.30331e-19
12087.80000	2.96027e-18	4.45350e-19
12089.10000	1.55153e-18	4.42826e-19
12090.40000	1.66889e-18	4.67386e-19
12091.70000	1.52886e-18	4.91017e-19
12093.00000	6.56074e-19	4.60489e-19
12094.30000	1.35217e-18	5.29647e-19
12095.60000	4.39340e-19	6.66100e-19
12096.90000	1.37637e-18	7.33086e-19
12098.20000	2.81473e-18	6.93253e-19
12099.50000	2.45597e-18	5.47213e-19
12100.80000	2.45752e-18	4.84069e-19
12102.10000	3.21750e-18	5.25273e-19
12103.40000	1.85928e-18	4.77879e-19
12104.70000	1.72694e-18	4.22509e-19
12106.00000	1.53743e-18	4.00318e-19
12107.30000	1.86738e-18	4.01306e-19
12108.60000	2.31486e-18	4.06545e-19
12109.90000	2.26650e-18	4.11517e-19
12111.20000	1.61113e-18	4.13854e-19
12112.50000	2.33036e-18	4.38126e-19
12113.80000	3.12353e-18	4.46325e-19
12115.10000	2.28581e-18	4.65182e-19
12116.40000	2.69805e-18	5.19029e-19
12117.70000	2.16154e-18	8.65318e-19
12119.00000	9.89079e-19	1.71739e-18
12120.30000	3.97829e-18	3.26502e-18
12121.60000	5.87617e-18	5.00621e-18
12122.90000	9.56398e-18	5.17091e-18
12124.20000	5.94831e-18	3.98978e-18
12125.50000	5.51785e-19	1.41901e-18
12126.90000	1.64940e-18	5.95130e-19
12128.20000	2.40729e-18	5.90109e-19
12129.50000	2.40078e-18	8.85504e-19
12130.80000	2.42843e-18	1.24862e-18
12132.10000	1.80580e-18	1.22199e-18
12133.40000	2.51364e-18	1.66984e-18
12134.70000	3.51221e-18	2.78165e-18
12136.00000	3.48892e-18	3.15883e-18
12137.30000	5.59655e-18	2.51227e-18
12138.60000	2.56592e-18	1.21619e-18
12139.90000	2.55588e-18	7.16011e-19
12141.20000	8.87624e-19	9.27528e-19
12142.50000	8.22309e-19	9.11532e-19
12143.80000	2.36027e-18	8.79933e-19
12145.10000	1.67888e-18	7.08562e-19
12146.40000	1.10593e-18	6.68444e-19
12147.70000	2.35981e-18	7.70540e-19
12149.00000	2.21538e-18	7.96703e-19
12150.30000	2.22526e-18	6.80549e-19
12151.60000	8.73441e-19	7.24480e-19
12152.90000	2.05096e-18	1.36236e-18
12154.20000	-7.93895e-19	1.87127e-18
12155.50000	2.18148e-18	1.86994e-18
12156.80000	2.32413e-18	1.29831e-18
12158.10000	1.88425e-19	7.72142e-19
12159.40000	1.55075e-18	6.01550e-19
12160.70000	1.31227e-18	5.77358e-19
12162.00000	1.91388e-18	5.93365e-19
12163.30000	8.14097e-19	5.78869e-19
12164.60000	2.09846e-18	5.55432e-19
12165.90000	2.47252e-18	5.36348e-19
12167.20000	1.98999e-18	5.26332e-19
12168.60000	1.76746e-18	5.35914e-19
12169.90000	1.97546e-18	5.56674e-19
12171.20000	1.63240e-18	5.64629e-19
12172.50000	2.13155e-18	7.43743e-19
12173.80000	2.37889e-18	1.00446e-18
12175.10000	3.23217e-18	4.99452e-19
12176.40000	1.90329e-18	6.20048e-19
12177.70000	2.31596e-18	8.31006e-19
12179.00000	1.68211e-18	1.09571e-18
12180.30000	1.93365e-18	1.26204e-18
12181.60000	2.18754e-18	9.40503e-19
12182.90000	2.49696e-18	5.96771e-19
12184.20000	2.81373e-18	4.28946e-19
12185.50000	2.24230e-18	4.05520e-19
12186.80000	2.44890e-18	4.14923e-19
12188.10000	1.88530e-18	4.25329e-19
12189.40000	2.48971e-18	4.33112e-19
12190.70000	2.73760e-18	4.29525e-19
12192.00000	2.78743e-18	4.41481e-19
12193.30000	2.27811e-18	7.51072e-19
12194.60000	3.78286e-18	1.80486e-18
12195.90000	1.33507e-18	2.47984e-18
12197.20000	3.38200e-18	2.31177e-18
12198.50000	1.96079e-18	1.30984e-18
12199.80000	2.81442e-18	5.62812e-19
12201.10000	2.26235e-18	4.07660e-19
12202.40000	1.66971e-18	4.30018e-19
12203.70000	2.69606e-18	4.51917e-19
12205.00000	2.23479e-18	4.43056e-19
12206.30000	2.14509e-18	4.16915e-19
12207.60000	1.55542e-18	4.74890e-19
12209.00000	2.86783e-18	5.62942e-19
12210.30000	2.47227e-18	6.41345e-19
12211.60000	1.50012e-18	6.42334e-19
12212.90000	1.70806e-18	5.84013e-19
12214.20000	1.98124e-18	4.81182e-19
12215.50000	2.34628e-18	4.18387e-19
12216.80000	2.51773e-18	4.44815e-19
12218.10000	2.39476e-18	4.83039e-19
12219.40000	2.53208e-18	4.76726e-19
12220.70000	1.93277e-18	4.99453e-19
12222.00000	2.08230e-18	5.04761e-19
12223.30000	1.04811e-18	5.07210e-19
12224.60000	2.08604e-18	5.67383e-19
12225.90000	4.47709e-18	9.33600e-19
12227.20000	3.60097e-18	2.70717e-18
12228.50000	9.12511e-18	4.52583e-18
12229.80000	3.76648e-18	4.52935e-18
12231.10000	4.16001e-19	2.85037e-18
12232.40000	4.43993e-19	9.61443e-19
12233.70000	2.00094e-18	4.86475e-19
12235.00000	1.76691e-18	4.58855e-19
12236.30000	2.05298e-18	5.15383e-19
12237.60000	2.63703e-18	6.65586e-19
12238.90000	1.56452e-18	7.60848e-19
12240.20000	1.72686e-18	7.45115e-19
12241.50000	2.52957e-18	6.32083e-19
12242.80000	2.87736e-18	6.15758e-19
12244.10000	2.44196e-18	5.24317e-19
12245.40000	2.15924e-18	5.14577e-19
12246.70000	2.21196e-18	6.31261e-19
12248.00000	1.68648e-18	7.47154e-19
12249.30000	2.26124e-18	8.05337e-19
12250.70000	2.45404e-18	7.19176e-19
12252.00000	2.61233e-18	6.29469e-19
12253.30000	2.95244e-18	6.73300e-19
12254.60000	1.79326e-18	1.01273e-18
12255.90000	3.14817e-18	1.99217e-18
12257.20000	3.41969e-18	2.76395e-18
12258.50000	4.14924e-18	2.62627e-18
12259.80000	2.20742e-18	1.53304e-18
12261.10000	3.06245e-18	6.16501e-19
12262.40000	2.54265e-18	4.09837e-19
12263.70000	2.15048e-18	3.90629e-19
12265.00000	2.49316e-18	3.86357e-19
12266.30000	2.64306e-18	4.31263e-19
12267.60000	1.85648e-18	3.82302e-19
12268.90000	1.96140e-18	3.91383e-19
12270.20000	2.22130e-18	4.33209e-19
12271.50000	2.02986e-18	3.87090e-19
12272.80000	1.93084e-18	3.89001e-19
12274.10000	1.84477e-18	3.65572e-19
12275.40000	1.57879e-18	4.03643e-19
12276.70000	1.96651e-18	3.75337e-19
12278.00000	2.75793e-18	3.91408e-19
12279.30000	1.88058e-18	4.23613e-19
12280.60000	1.14642e-18	4.15228e-19
12281.90000	1.20009e-18	4.59180e-19
12283.20000	1.42699e-18	6.56767e-19
12284.50000	2.25736e-18	1.91663e-18
12285.80000	3.38273e-18	4.05291e-18
12287.10000	-1.29476e-19	4.49384e-18
12288.40000	-3.86301e-19	3.40355e-18
12289.70000	3.66520e-18	1.37127e-18
12291.10000	2.57463e-18	6.12066e-19
12292.40000	1.23051e-18	4.95813e-19
12293.70000	2.18767e-18	4.77036e-19
12295.00000	1.87130e-18	5.01774e-19
12296.30000	2.65727e-18	6.21235e-19
12297.60000	3.21548e-18	6.90093e-19
12298.90000	1.85415e-18	6.73578e-19
12300.20000	2.88807e-18	6.10026e-19
12301.50000	1.52795e-18	5.75577e-19
12302.80000	2.06039e-18	6.12718e-19
12304.10000	2.16470e-18	5.79320e-19
12305.40000	1.76996e-18	5.20323e-19
12306.70000	1.58493e-18	4.84944e-19
12308.00000	1.89312e-18	4.92989e-19
12309.30000	1.28825e-18	4.68064e-19
12310.60000	2.04544e-18	4.28124e-19
12311.90000	1.52533e-18	4.69211e-19
12313.20000	1.83065e-18	6.13482e-19
12314.50000	1.84583e-18	6.56342e-19
12315.80000	2.69338e-18	5.99392e-19
12317.10000	2.51199e-18	4.54351e-19
12318.40000	2.54296e-18	3.81375e-19
12319.70000	1.31619e-18	3.84878e-19
12321.00000	2.31882e-18	4.06863e-19
12322.30000	2.65777e-18	5.28530e-19
12323.60000	1.51622e-18	1.33673e-18
12324.90000	-1.48176e-18	2.50208e-18
12326.20000	2.85391e-18	2.64720e-18
12327.50000	2.53013e-18	1.84509e-18
12328.80000	2.48465e-18	7.70743e-19
12330.10000	1.99333e-18	4.29462e-19
12331.40000	2.21589e-18	3.81088e-19
12332.80000	2.17734e-18	3.77784e-19
12334.10000	2.02689e-18	3.77266e-19
12335.40000	1.87795e-18	3.65103e-19
12336.70000	2.35352e-18	3.79846e-19
12338.00000	2.48490e-18	3.87563e-19
12339.30000	2.53780e-18	4.26377e-19
12340.60000	2.25731e-18	4.45270e-19
12341.90000	1.66686e-18	4.03874e-19
12343.20000	2.07812e-18	3.93790e-19
12344.50000	2.63024e-18	3.89837e-19
12345.80000	1.93086e-18	3.99445e-19
12347.10000	1.48831e-18	4.66846e-19
12348.40000	2.71079e-18	8.55519e-19
12349.70000	2.39047e-18	2.59724e-18
12351.00000	1.99180e-18	3.89603e-18
12352.30000	2.53970e-18	3.85822e-18
12353.60000	5.44472e-18	2.34389e-18
12354.90000	2.85877e-18	1.04265e-18
12356.20000	1.43006e-18	6.38086e-19
12357.50000	1.42422e-18	4.68390e-19
12358.80000	2.01616e-18	4.14044e-19
12360.10000	1.72986e-18	4.96709e-19
12361.40000	2.28917e-18	6.35358e-19
12362.70000	7.16539e-19	7.52147e-19
12364.00000	1.44042e-18	6.80808e-19
12365.30000	2.35120e-18	5.97712e-19
12366.60000	1.66069e-18	4.81522e-19
12367.90000	1.54117e-18	3.91939e-19
12369.20000	1.34776e-18	3.74296e-19
12370.50000	1.85416e-18	3.86664e-19
12371.80000	2.41187e-18	3.77476e-19
12373.20000	2.15553e-18	3.73983e-19
12374.50000	2.29259e-18	3.78999e-19
12375.80000	2.15339e-18	4.08431e-19
12377.10000	1.90986e-18	4.38335e-19
12378.40000	2.58588e-18	6.05503e-19
12379.70000	2.35239e-18	5.41431e-19
12381.00000	2.29054e-18	4.12026e-19
12382.30000	1.59914e-18	4.21114e-19
12383.60000	1.99767e-18	4.29408e-19
12384.90000	1.82548e-18	4.25355e-19
12386.20000	1.54798e-18	4.00087e-19
12387.50000	1.48978e-18	3.86251e-19
12388.80000	2.41048e-18	4.07145e-19
12390.10000	3.27191e-18	4.56819e-19
12391.40000	3.46767e-18	5.91358e-19
12392.70000	2.69955e-18	7.42111e-19
12394.00000	3.69550e-18	7.11369e-19
12395.30000	3.99674e-18	5.94940e-19
12396.60000	3.30886e-18	5.04183e-19
12397.90000	2.85189e-18	6.74662e-19
12399.20000	1.44731e-18	1.61750e-18
12400.50000	2.07052e-18	2.15115e-18
12401.80000	5.66457e-18	1.92063e-18
12403.10000	1.51031e-18	1.00936e-18
12404.40000	1.74438e-18	5.18609e-19
12405.70000	1.57894e-18	4.02618e-19
12407.00000	2.27128e-18	3.72741e-19
12408.30000	2.37728e-18	3.68719e-19
12409.60000	2.25342e-18	3.80747e-19
12410.90000	1.76116e-18	3.84035e-19
12412.20000	1.24441e-18	3.82284e-19
12413.50000	1.59584e-18	4.06808e-19
12414.90000	2.04882e-18	4.18355e-19
12416.20000	2.26340e-18	4.07752e-19
12417.50000	2.30245e-18	4.26479e-19
12418.80000	2.29070e-18	4.64624e-19
12420.10000	2.08248e-18	7.17109e-19
12421.40000	4.86451e-18	1.96018e-18
12422.70000	4.17842e-18	3.00575e-18
12424.00000	1.89584e-18	2.89067e-18
12425.30000	4.36956e-18	1.87205e-18
12426.60000	2.72796e-18	9.77351e-19
12427.90000	1.17605e-18	7.03222e-19
12429.20000	1.02434e-18	5.63801e-19
12430.50000	2.26900e-18	4.29790e-19
12431.80000	2.25385e-18	3.89906e-19
12433.10000	1.55903e-18	3.80514e-19
12434.40000	1.65754e-18	3.73194e-19
12435.70000	1.93875e-18	4.02514e-19
12437.00000	1.92398e-18	4.11230e-19
12438.30000	2.39566e-18	3.78190e-19
12439.60000	1.34880e-18	4.05482e-19
12440.90000	9.93899e-19	4.05131e-19
12442.20000	2.11952e-18	3.81866e-19
12443.50000	2.48404e-18	3.82161e-19
12444.80000	1.95855e-18	4.24521e-19
12446.10000	1.50811e-18	4.56678e-19
12447.40000	1.04258e-18	5.70803e-19
12448.70000	2.40367e-18	6.96330e-19
12450.00000	2.07951e-18	6.45550e-19
12451.30000	1.69269e-18	6.03840e-19
12452.60000	1.56131e-18	6.26464e-19
12453.90000	1.95643e-18	5.66821e-19
12455.30000	1.87453e-18	4.91060e-19
12456.60000	2.52478e-18	4.96527e-19
12457.90000	2.08094e-18	5.02613e-19
12459.20000	2.02674e-18	4.84024e-19
12460.50000	1.60035e-18	4.19027e-19
12461.80000	1.63943e-18	3.95884e-19
12463.10000	1.78745e-18	3.93943e-19
12464.40000	2.01639e-18	3.97245e-19
12465.70000	2.34219e-18	4.17352e-19
12467.00000	2.37248e-18	4.31690e-19
12468.30000	1.45054e-18	4.51904e-19
12469.60000	1.37454e-18	4.19421e-19
12470.90000	1.59202e-18	4.02060e-19
12472.20000	1.39185e-18	4.88023e-19
12473.50000	1.60496e-18	6.08990e-19
12474.80000	2.18451e-18	6.84954e-19
12476.10000	1.18329e-18	7.15343e-19
12477.40000	1.15158e-18	6.83801e-19
12478.70000	1.31166e-18	6.28997e-19
12480.00000	2.70412e-18	7.88833e-19
12481.30000	2.02300e-18	1.43028e-18
12482.60000	2.05756e-18	1.87673e-18
12483.90000	1.04198e-18	1.59794e-18
12485.20000	1.29184e-18	1.03613e-18
12486.50000	1.78908e-18	7.54027e-19
12487.80000	1.41112e-18	6.78343e-19
12489.10000	1.81389e-18	5.38513e-19
12490.40000	2.20876e-18	4.62372e-19
12491.70000	1.81339e-18	4.79446e-19
12493.00000	2.23409e-18	4.75119e-19
12494.30000	1.40554e-18	5.68274e-19
12495.60000	1.18689e-18	6.85570e-19
12497.00000	1.80386e-18	6.53927e-19
12498.30000	2.34389e-18	6.11703e-19
12499.60000	1.25130e-18	8.83759e-19
12500.90000	5.90085e-19	1.63553e-18
12502.20000	4.05755e-19	2.10229e-18
12503.50000	1.13375e-18	1.80048e-18
12504.80000	3.18237e-18	1.02075e-18
12506.10000	1.38406e-18	6.37593e-19
12507.40000	1.47568e-18	4.79565e-19
12508.70000	1.49513e-18	5.53298e-19
12510.00000	1.31890e-18	8.50597e-19
12511.30000	2.54691e-18	8.19021e-19
12512.60000	1.89310e-18	6.83661e-19
12513.90000	1.78159e-18	5.10195e-19
12515.20000	1.69131e-18	4.49015e-19
12516.50000	1.41976e-18	4.40213e-19
12517.80000	1.16110e-18	4.31326e-19
12519.10000	1.34353e-18	4.15184e-19
12520.40000	1.38623e-18	3.95304e-19
12521.70000	1.38603e-18	3.88580e-19
12523.00000	2.52110e-18	4.57680e-19
12524.30000	2.53341e-18	6.72229e-19
12525.60000	2.18477e-18	9.81348e-19
12526.90000	2.55509e-18	9.93978e-19
12528.20000	1.70601e-18	7.21645e-19
12529.50000	1.53806e-18	5.64572e-19
12530.80000	2.21099e-18	5.10636e-19
12532.10000	1.83690e-18	4.79911e-19
12533.40000	1.66472e-18	4.33241e-19
12534.70000	2.37509e-18	4.02997e-19
12536.00000	2.15352e-18	4.08558e-19
12537.40000	2.41085e-18	4.27784e-19
12538.70000	2.14105e-18	4.66691e-19
12540.00000	1.22544e-18	6.72450e-19
12541.30000	1.45300e-18	1.12199e-18
12542.60000	1.89910e-18	1.11453e-18
12543.90000	1.83382e-18	7.85667e-19
12545.20000	2.79356e-18	5.15552e-19
12546.50000	1.93730e-18	4.59372e-19
12547.80000	2.22468e-18	4.81335e-19
12549.10000	2.25308e-18	4.94242e-19
12550.40000	2.74315e-18	4.88278e-19
12551.70000	2.09663e-18	4.60654e-19
12553.00000	2.19321e-18	4.66558e-19
12554.30000	1.85836e-18	5.40947e-19
12555.60000	1.61467e-18	7.72279e-19
12556.90000	1.69595e-18	1.01833e-18
12558.20000	2.52217e-18	1.14493e-18
12559.50000	2.88890e-18	9.18254e-19
12560.80000	2.78783e-18	5.58661e-19
12562.10000	1.94240e-18	4.73976e-19
12563.40000	1.94250e-18	4.58465e-19
12564.70000	2.27560e-18	4.61112e-19
12566.00000	1.84840e-18	4.28589e-19
12567.30000	1.39580e-18	4.54971e-19
12568.60000	2.00780e-18	5.86852e-19
12569.90000	2.01880e-18	9.54090e-19
12571.20000	1.58455e-18	1.25920e-18
12572.50000	7.41705e-19	1.39982e-18
12573.80000	1.69533e-18	1.31944e-18
12575.10000	3.02057e-18	1.12478e-18
12576.40000	2.53293e-18	7.85268e-19
12577.70000	2.21891e-18	5.58648e-19
12579.10000	2.35313e-18	5.77285e-19
12580.40000	1.44157e-18	5.29773e-19
12581.70000	2.20489e-18	5.21397e-19
12583.00000	2.12052e-18	5.41210e-19
12584.30000	2.67169e-18	5.95141e-19
12585.60000	3.47172e-18	7.29845e-19
12586.90000	5.74156e-18	1.17744e-18
12588.20000	4.45295e-18	1.53766e-18
12589.50000	2.41204e-18	1.78746e-18
12590.80000	8.18770e-20	1.65687e-18
12592.10000	2.75284e-18	1.30628e-18
12593.40000	2.98044e-18	1.01748e-18
12594.70000	2.48060e-18	9.15869e-19
12596.00000	2.58472e-18	9.27973e-19
12597.30000	2.76537e-18	9.91442e-19
12598.60000	2.84934e-18	9.80954e-19
12599.90000	1.40565e-18	9.95802e-19
12601.20000	1.31328e-18	9.90586e-19
12602.50000	1.92155e-18	1.09619e-18
12603.80000	2.82681e-18	1.19893e-18
12605.10000	2.50773e-18	1.30491e-18
12606.40000	3.02764e-18	1.52657e-18
12607.70000	2.88817e-18	1.64673e-18
12609.00000	7.18320e-19	1.70357e-18
12610.30000	8.76743e-19	1.66913e-18
12611.60000	3.40589e-21	1.52053e-18
12612.90000	1.27336e-18	1.49726e-18
12614.20000	2.77447e-18	1.49215e-18
12615.50000	1.00099e-18	1.49010e-18
12616.80000	1.60797e-18	1.47449e-18
12618.10000	3.95208e-19	1.43134e-18
12619.50000	1.51876e-18	1.41498e-18
12620.80000	2.72663e-18	1.32621e-18
12622.10000	1.53855e-18	1.27995e-18
12623.40000	2.11390e-18	1.58906e-18
12624.70000	3.24914e-18	1.59081e-18
12626.00000	9.75505e-19	1.61936e-18
12627.30000	3.20893e-19	1.54171e-18
12628.60000	2.71109e-18	1.16973e-18
12629.90000	1.76638e-18	1.03492e-18
12631.20000	1.88955e-18	1.01436e-18
12632.50000	2.20448e-18	1.06340e-18
12633.80000	2.27569e-18	1.11603e-18
12635.10000	3.71651e-19	1.04747e-18
12636.40000	2.58113e-18	9.57221e-19
12637.70000	2.49841e-18	8.75555e-19
12639.00000	1.56000e-18	9.71584e-19
12640.30000	1.43313e-19	1.20877e-18
12641.60000	9.47729e-19	1.56403e-18
12642.90000	1.24014e-18	1.57236e-18
12644.20000	1.26984e-18	1.29885e-18
12645.50000	1.13927e-18	9.05800e-19
12646.80000	7.84465e-19	8.76787e-19
12648.10000	1.72053e-18	9.70534e-19
12649.40000	1.39241e-18	9.87767e-19
12650.70000	1.94754e-18	8.97294e-19
12652.00000	1.97023e-18	7.98656e-19
12653.30000	1.68758e-18	7.11215e-19
12654.60000	1.17904e-18	7.91304e-19
12655.90000	1.67477e-18	1.06876e-18
12657.20000	7.53603e-19	1.15534e-18
12658.50000	1.96535e-19	1.37117e-18
12659.80000	1.58354e-18	1.82004e-18
12661.20000	1.52255e-18	1.82591e-18
12662.50000	3.25193e-18	1.29640e-18
12663.80000	9.48075e-19	1.26261e-18
12665.10000	2.14789e-18	1.47000e-18
12666.40000	1.64719e-18	1.62936e-18
12667.70000	1.13868e-18	1.45421e-18
12669.00000	8.24343e-19	1.19941e-18
12670.30000	1.17177e-18	8.95694e-19
12671.60000	9.82764e-19	9.22962e-19
12672.90000	1.65272e-18	1.50845e-18
12674.20000	2.37846e-18	1.84644e-18
12675.50000	1.42767e-18	1.75920e-18
12676.80000	2.14791e-18	1.21418e-18
12678.10000	1.67722e-18	9.13881e-19
12679.40000	9.82537e-19	7.98437e-19
12680.70000	1.31762e-18	1.14196e-18
12682.00000	4.75841e-18	2.33907e-18
12683.30000	3.21373e-18	3.74450e-18
12684.60000	5.47806e-18	4.85737e-18
12685.90000	4.17478e-18	5.34581e-18
12687.20000	-2.61739e-18	4.66144e-18
12688.50000	5.76567e-18	4.42137e-18
12689.80000	7.43999e-18	3.85521e-18
12691.10000	1.88443e-18	3.39423e-18
12692.40000	3.26526e-19	3.27306e-18
12693.70000	5.73261e-18	2.96874e-18
12695.00000	2.49452e-18	2.97284e-18
12696.30000	3.83456e-18	3.13025e-18
12697.60000	1.74530e-18	3.09229e-18
12698.90000	1.51322e-18	2.87479e-18
12700.20000	1.69829e-18	2.55814e-18
12701.50000	2.16203e-18	2.22422e-18
12702.90000	3.73627e-18	1.74365e-18
12704.20000	2.09431e-18	1.42922e-18
12705.50000	1.38623e-18	1.69299e-18
12706.80000	3.18839e-18	1.99657e-18
12708.10000	1.93851e-18	2.21765e-18
12709.40000	2.45397e-20	2.26101e-18
12710.70000	1.14190e-18	1.97700e-18
12712.00000	2.39306e-18	1.45191e-18
12713.30000	1.40787e-18	8.66973e-19
12714.60000	1.77955e-18	8.37888e-19
12715.90000	9.87911e-19	1.20910e-18
12717.20000	6.92057e-19	1.39660e-18
12718.50000	-2.16986e-19	1.65515e-18
12719.80000	1.76116e-19	1.73347e-18
12721.10000	1.49063e-18	1.59588e-18
12722.40000	3.65139e-18	1.23760e-18
12723.70000	3.81891e-18	1.46277e-18
12725.00000	1.72706e-18	1.89065e-18
12726.30000	1.27311e-18	2.02128e-18
12727.60000	1.20946e-18	1.72522e-18
12728.90000	3.22719e-19	1.68005e-18
12730.20000	2.29374e-18	1.65744e-18
12731.50000	1.27877e-18	1.45701e-18
12732.80000	1.08783e-18	8.77312e-19
12734.10000	1.40790e-18	6.31298e-19
12735.40000	6.15262e-19	7.98187e-19
12736.70000	1.07127e-18	1.38603e-18
12738.00000	5.50673e-19	1.52268e-18
12739.30000	6.15381e-19	1.74384e-18
12740.60000	1.07193e-18	1.75817e-18
12741.90000	-8.98308e-20	1.75092e-18
12743.30000	2.44077e-18	1.93426e-18
12744.60000	3.49057e-18	2.06803e-18
12745.90000	-7.56293e-19	2.10293e-18
12747.20000	1.21508e-18	2.17113e-18
12748.50000	3.91192e-18	2.35781e-18
12749.80000	3.88453e-18	2.72738e-18
12751.10000	1.82908e-18	3.47394e-18
12752.40000	2.77994e-18	3.12007e-18
12753.70000	1.54974e-18	2.64312e-18
12755.00000	2.64188e-18	1.53488e-18
12756.30000	1.73960e-18	9.69106e-19
12757.60000	2.56330e-18	1.31885e-18
12758.90000	2.33489e-18	2.31464e-18
12760.20000	1.92990e-18	2.60298e-18
12761.50000	1.83832e-18	2.94348e-18
12762.80000	5.08432e-18	3.48373e-18
12764.10000	1.24436e-18	3.75580e-18
12765.40000	3.81402e-18	3.14788e-18
12766.70000	3.49001e-19	1.57109e-18
12768.00000	1.21763e-18	8.81827e-19
12769.30000	3.37799e-18	1.21939e-18
12770.60000	2.95828e-18	2.20714e-18
12771.90000	8.76939e-19	2.16675e-18
12773.20000	9.03144e-19	2.01608e-18
12774.50000	3.30938e-18	2.05973e-18
12775.80000	1.25342e-18	2.40231e-18
12777.10000	5.10941e-18	2.29080e-18
12778.40000	4.68069e-18	1.81941e-18
12779.70000	2.18448e-18	1.54760e-18
12781.00000	2.81429e-18	2.98742e-18
12782.30000	1.28162e-18	4.18902e-18
12783.60000	2.73524e-18	4.18481e-18
12785.00000	-1.81075e-18	3.05263e-18
12786.30000	9.58513e-19	2.04000e-18
12787.60000	3.30145e-18	1.24868e-18
12788.90000	1.74084e-18	6.69178e-19
12790.20000	1.85903e-18	4.77070e-19
12791.50000	2.36087e-18	4.80559e-19
12792.80000	2.21361e-18	8.00728e-19
12794.10000	1.77417e-18	1.22899e-18
12795.40000	1.95433e-18	1.33814e-18
12796.70000	1.36413e-18	1.37771e-18
12798.00000	2.08024e-19	1.33687e-18
12799.30000	2.98162e-19	1.70505e-18
12800.60000	1.62415e-18	2.33342e-18
12801.90000	1.79136e-18	2.56672e-18
12803.20000	-1.95557e-18	2.56373e-18
12804.50000	2.67646e-18	2.61125e-18
12805.80000	1.55532e-18	3.50679e-18
12807.10000	-6.54733e-19	3.79782e-18
12808.40000	-1.84783e-19	2.96556e-18
12809.70000	2.57470e-18	1.48644e-18
12811.00000	1.97177e-18	9.06332e-19
12812.30000	2.15472e-18	6.19734e-19
12813.60000	1.87976e-18	4.90213e-19
12814.90000	1.52431e-18	4.70544e-19
12816.20000	1.34765e-18	4.73034e-19
12817.50000	8.32061e-19	5.72920e-19
12818.80000	1.38779e-18	7.00056e-19
12820.10000	2.08893e-18	7.58511e-19
12821.40000	7.47570e-19	8.65631e-19
12822.70000	7.21059e-19	1.35253e-18
12824.00000	3.58153e-18	1.84429e-18
12825.40000	3.37968e-18	1.79226e-18
12826.70000	7.98289e-19	1.16077e-18
12828.00000	6.81054e-19	6.57249e-19
12829.30000	2.04361e-18	5.80880e-19
12830.60000	1.77298e-18	7.62205e-19
12831.90000	2.46452e-18	1.10814e-18
12833.20000	2.74981e-18	1.95453e-18
12834.50000	3.72694e-18	2.26074e-18
12835.80000	3.95476e-18	1.86298e-18
12837.10000	3.46988e-18	9.37124e-19
12838.40000	2.42420e-18	5.67167e-19
12839.70000	2.92059e-18	4.53139e-19
12841.00000	2.07122e-18	4.28940e-19
12842.30000	1.74240e-18	5.06157e-19
12843.60000	2.83936e-18	1.01733e-18
12844.90000	3.29532e-18	1.58489e-18
12846.20000	3.66764e-18	1.56161e-18
12847.50000	2.30130e-18	1.01501e-18
12848.80000	1.12629e-18	6.03820e-19
12850.10000	1.63216e-18	4.69139e-19
12851.40000	1.73556e-18	4.36219e-19
12852.70000	1.87021e-18	4.25698e-19
12854.00000	1.13168e-18	4.33236e-19
12855.30000	1.54530e-18	4.39278e-19
12856.60000	1.36367e-18	4.38078e-19
12857.90000	1.32993e-18	4.30285e-19
12859.20000	1.04200e-18	4.32502e-19
12860.50000	1.88398e-18	4.28597e-19
12861.80000	1.94101e-18	4.32513e-19
12863.10000	1.39894e-18	4.84263e-19
12864.40000	1.53461e-18	7.37350e-19
12865.70000	2.29883e-18	1.24564e-18
12867.10000	2.49991e-18	1.31404e-18
12868.40000	2.41717e-18	9.52779e-19
12869.70000	1.56436e-18	6.56625e-19
12871.00000	1.48510e-18	6.37335e-19
12872.30000	1.74570e-18	6.74194e-19
12873.60000	2.15085e-18	6.29737e-19
12874.90000	1.78962e-18	5.22365e-19
12876.20000	1.63311e-18	4.36751e-19
12877.50000	1.61197e-18	4.03001e-19
12878.80000	1.63514e-18	4.15362e-19
12880.10000	1.57797e-18	5.12015e-19
12881.40000	2.22398e-18	7.15938e-19
12882.70000	2.05038e-18	8.30449e-19
12884.00000	1.68987e-18	7.78957e-19
12885.30000	2.59920e-18	7.28552e-19
12886.60000	3.34563e-18	8.95158e-19
12887.90000	1.74003e-18	1.03043e-18
12889.20000	1.53509e-18	9.79675e-19
12890.50000	1.54197e-18	6.39936e-19
12891.80000	1.57698e-18	5.84353e-19
12893.10000	2.54007e-18	7.45557e-19
12894.40000	2.22751e-18	8.86220e-19
12895.70000	1.92765e-18	9.28071e-19
12897.00000	1.15019e-18	8.56664e-19
12898.30000	1.23981e-18	7.56392e-19
12899.60000	2.22102e-18	7.03998e-19
12900.90000	1.84405e-18	9.08264e-19
12902.20000	1.01192e-18	1.68113e-18
12903.50000	-1.26231e-18	3.06416e-18
12904.80000	-1.99070e-18	4.93680e-18
12906.10000	-2.97001e-19	5.00160e-18
12907.50000	1.47711e-18	3.19327e-18
12908.80000	2.74319e-18	1.51843e-18
12910.10000	1.46028e-18	9.55166e-19
12911.40000	1.62760e-18	6.88097e-19
12912.70000	1.37465e-18	5.97869e-19
12914.00000	1.50207e-18	7.85343e-19
12915.30000	1.74714e-18	1.05010e-18
12916.60000	2.56706e-18	1.06096e-18
12917.90000	1.48897e-18	1.10832e-18
12919.20000	6.89020e-19	1.90542e-18
12920.50000	1.94355e-18	3.18731e-18
12921.80000	4.28825e-18	3.15157e-18
12923.10000	3.22552e-18	1.92508e-18
12924.40000	1.94608e-18	8.49233e-19
12925.70000	1.89946e-18	5.18925e-19
12927.00000	1.26804e-18	4.56967e-19
12928.30000	1.90596e-18	4.70759e-19
12929.60000	1.06787e-18	5.30526e-19
12930.90000	1.18248e-18	5.96905e-19
12932.20000	1.47552e-18	6.01761e-19
12933.50000	1.73867e-18	6.02206e-19
12934.80000	1.78760e-18	6.82498e-19
12936.10000	1.59034e-18	7.36046e-19
12937.40000	1.93105e-18	6.44435e-19
12938.70000	2.40195e-18	5.12979e-19
12940.00000	1.55634e-18	6.44236e-19
12941.30000	2.80134e-18	1.33843e-18
12942.60000	5.73443e-19	1.95519e-18
12943.90000	2.77615e-18	1.89869e-18
12945.20000	1.85785e-18	1.21753e-18
12946.50000	1.79039e-18	6.46130e-19
12947.80000	1.71377e-18	4.70503e-19
12949.20000	1.13207e-18	4.63904e-19
12950.50000	1.21792e-18	4.75152e-19
12951.80000	1.61357e-18	5.62958e-19
12953.10000	1.85464e-18	6.13432e-19
12954.40000	2.01600e-18	6.44612e-19
12955.70000	1.24766e-18	5.89195e-19
12957.00000	1.55323e-18	4.99390e-19
12958.30000	1.53728e-18	4.77573e-19
12959.60000	1.09173e-18	4.88048e-19
12960.90000	1.12217e-18	5.20104e-19
12962.20000	1.53703e-18	5.50903e-19
12963.50000	1.46732e-18	5.65869e-19
12964.80000	1.86753e-18	5.71234e-19
12966.10000	1.72278e-18	4.83835e-19
12967.40000	1.44230e-18	4.22815e-19
12968.70000	1.36160e-18	5.08308e-19
12970.00000	1.22008e-18	8.30805e-19
12971.30000	1.41583e-18	1.15801e-18
12972.60000	2.00106e-18	1.18237e-18
12973.90000	1.37624e-18	9.72081e-19
12975.20000	1.79996e-18	6.72309e-19
12976.50000	9.31513e-19	5.20273e-19
12977.80000	7.78113e-19	5.00293e-19
12979.10000	1.83432e-18	4.64234e-19
12980.40000	1.75707e-18	4.35488e-19
12981.70000	1.69799e-18	4.61969e-19
12983.00000	2.04567e-18	8.24386e-19
12984.30000	4.33694e-19	2.00833e-18
12985.60000	-3.09929e-19	2.45160e-18
12986.90000	3.15307e-18	2.01016e-18
12988.20000	2.76752e-18	9.33335e-19
12989.60000	2.02692e-18	4.98377e-19
12990.90000	1.78032e-18	3.94319e-19
12992.20000	1.97279e-18	3.67182e-19
12993.50000	1.96399e-18	3.66461e-19
12994.80000	2.46975e-18	3.68717e-19
12996.10000	2.25556e-18	3.85080e-19
12997.40000	1.82886e-18	4.04553e-19
12998.70000	1.71914e-18	4.74470e-19
13000.00000	2.70150e-18	5.83976e-19
13001.30000	1.98781e-18	7.33839e-19
13002.60000	2.81888e-18	8.00214e-19
13003.90000	2.33860e-18	7.62204e-19
13005.20000	1.78053e-18	6.89129e-19
13006.50000	1.38629e-18	6.53948e-19
13007.80000	2.38962e-18	6.95329e-19
13009.10000	1.88136e-18	6.59455e-19
13010.40000	2.40117e-18	6.36641e-19
13011.70000	1.64763e-18	6.86244e-19
13013.00000	1.60848e-18	7.38607e-19
13014.30000	1.87583e-18	8.00692e-19
13015.60000	1.37495e-18	7.17942e-19
13016.90000	1.05470e-18	6.38672e-19
13018.20000	8.08124e-19	8.27816e-19
13019.50000	2.01292e-18	2.16070e-18
13020.80000	1.08826e-18	4.08160e-18
13022.10000	-7.15390e-19	4.30763e-18
13023.40000	3.40190e-18	2.79919e-18
13024.70000	2.75727e-18	1.18316e-18
13026.00000	2.40691e-18	5.89818e-19
13027.30000	1.75512e-18	4.19893e-19
13028.60000	2.14860e-18	3.81847e-19
13029.90000	1.67946e-18	3.85240e-19
13031.30000	8.25566e-19	3.78743e-19
13032.60000	1.07162e-18	3.80388e-19
13033.90000	1.49211e-18	3.71994e-19
13035.20000	2.00933e-18	3.77352e-19
13036.50000	1.85118e-18	3.56466e-19
13037.80000	1.61337e-18	3.40370e-19
13039.10000	2.28313e-18	4.05636e-19
13040.40000	2.07819e-18	3.90339e-19
13041.70000	1.86192e-18	4.28344e-19
13043.00000	2.10280e-18	4.65997e-19
13044.30000	1.78459e-18	4.98566e-19
13045.60000	8.73174e-19	5.64450e-19
13046.90000	1.58820e-18	5.35283e-19
13048.20000	1.63213e-18	5.58873e-19
13049.50000	9.96329e-19	7.93980e-19
13050.80000	7.75345e-19	1.87008e-18
13052.10000	-1.41599e-18	2.89424e-18
13053.40000	4.97629e-19	2.82090e-18
13054.70000	3.20863e-19	1.77062e-18
13056.00000	1.74093e-18	9.07965e-19
13057.30000	2.42538e-18	6.17875e-19
13058.60000	1.39688e-18	5.18576e-19
13059.90000	1.52460e-18	5.15014e-19
13061.20000	2.90893e-18	5.02735e-19
13062.50000	1.63373e-18	4.42024e-19
13063.80000	1.30117e-18	3.87960e-19
13065.10000	1.68730e-18	3.78490e-19
13066.40000	1.57524e-18	3.77868e-19
13067.70000	1.46137e-18	3.61744e-19
13069.00000	6.94244e-19	3.55480e-19
13070.30000	1.16040e-18	3.52470e-19
13071.70000	1.27696e-18	3.48646e-19
13073.00000	1.76210e-18	3.56933e-19
13074.30000	1.35339e-18	3.78615e-19
13075.60000	1.58336e-18	3.86618e-19
13076.90000	2.10857e-18	4.18489e-19
13078.20000	2.14642e-18	3.90181e-19
13079.50000	1.30829e-18	4.29583e-19
13080.80000	1.68892e-18	4.66052e-19
13082.10000	1.39452e-18	8.86470e-19
13083.40000	2.72224e-18	2.93236e-18
13084.70000	3.97890e-18	4.53710e-18
13086.00000	2.77977e-18	4.43225e-18
13087.30000	4.59620e-18	2.57644e-18
13088.60000	1.75623e-18	1.10233e-18
13089.90000	1.22269e-18	5.99111e-19
13091.20000	1.21067e-18	4.12021e-19
13092.50000	1.26281e-18	3.96775e-19
13093.80000	1.66104e-18	4.01748e-19
13095.10000	1.94314e-18	4.03313e-19
13096.40000	1.56763e-18	3.96562e-19
13097.70000	2.15359e-18	3.86821e-19
13099.00000	2.34311e-18	3.93806e-19
13100.30000	1.02024e-18	4.28146e-19
13101.60000	1.45290e-18	4.36343e-19
13102.90000	1.98119e-18	4.20594e-19
13104.20000	1.98185e-18	4.58621e-19
13105.50000	1.62682e-18	5.26999e-19
13106.80000	2.19621e-18	5.59825e-19
13108.10000	2.14513e-18	5.32753e-19
13109.40000	1.35933e-18	4.05709e-19
13110.70000	1.45774e-18	3.57725e-19
13112.00000	1.09583e-18	3.32252e-19
13113.40000	1.77990e-18	3.27794e-19
13114.70000	2.17840e-18	3.18122e-19
13116.00000	2.16344e-18	3.22588e-19
13117.30000	1.81883e-18	3.27911e-19
13118.60000	1.31187e-18	3.35117e-19
13119.90000	1.20097e-18	3.45388e-19
13121.20000	1.31764e-18	3.84322e-19
13122.50000	1.86871e-18	4.67525e-19
13123.80000	1.07121e-18	6.40949e-19
13125.10000	4.29192e-19	1.05673e-18
13126.40000	2.87795e-18	2.26448e-18
13127.70000	2.19323e-18	2.72364e-18
13129.00000	3.40211e-18	2.37745e-18
13130.30000	2.22217e-18	1.32657e-18
13131.60000	2.24103e-18	8.52716e-19
13132.90000	1.92906e-18	6.56755e-19
13134.20000	1.50129e-18	4.64797e-19
13135.50000	1.86809e-18	4.11825e-19
13136.80000	1.29106e-18	4.28048e-19
13138.10000	1.77430e-18	5.29301e-19
13139.40000	1.98993e-18	6.74698e-19
13140.70000	1.18139e-18	7.35736e-19
13142.00000	1.81854e-18	7.58639e-19
13143.30000	6.41700e-19	6.77836e-19
13144.60000	1.68680e-18	5.63345e-19
13145.90000	1.65030e-18	4.20065e-19
13147.20000	1.54036e-18	4.11050e-19
13148.50000	2.13870e-18	4.22692e-19
13149.80000	1.35056e-18	4.47128e-19
13151.10000	1.35748e-18	4.65804e-19
13152.40000	1.76065e-18	5.15626e-19
13153.80000	3.00238e-19	9.30316e-19
13155.10000	-1.02659e-18	2.78858e-18
13156.40000	1.73382e-18	3.87846e-18
13157.70000	-1.79356e-18	3.72870e-18
13159.00000	-2.42972e-18	2.24473e-18
13160.30000	2.05640e-18	9.68519e-19
13161.60000	1.85193e-18	5.35593e-19
13162.90000	1.84840e-18	4.37491e-19
13164.20000	1.13309e-18	4.38346e-19
13165.50000	1.36260e-18	4.35989e-19
13166.80000	1.05309e-18	4.64914e-19
13168.10000	1.45148e-18	4.04033e-19
13169.40000	2.27982e-18	3.87561e-19
13170.70000	1.55789e-18	3.92914e-19
13172.00000	1.72391e-18	3.96576e-19
13173.30000	1.59734e-18	3.70410e-19
13174.60000	1.79304e-18	3.65514e-19
13175.90000	1.47672e-18	3.55371e-19
13177.20000	2.30060e-18	3.68801e-19
13178.50000	1.78019e-18	3.84282e-19
13179.80000	1.92455e-18	3.87475e-19
13181.10000	1.77239e-18	3.68503e-19
13182.40000	2.15500e-18	3.49633e-19
13183.70000	2.04345e-18	3.49008e-19
13185.00000	2.47796e-18	3.45825e-19
13186.30000	1.04381e-18	3.50791e-19
13187.60000	1.93498e-18	3.35037e-19
13188.90000	1.64832e-18	3.31713e-19
13190.20000	1.17110e-18	3.33645e-19
13191.50000	1.52804e-18	3.37434e-19
13192.80000	1.97110e-18	3.65847e-19
13194.10000	1.86356e-18	3.54098e-19
13195.50000	1.96539e-18	3.47494e-19
13196.80000	1.64674e-18	3.51575e-19
13198.10000	1.32441e-18	3.56169e-19
13199.40000	1.72522e-18	3.66111e-19
13200.70000	2.36283e-18	3.74503e-19
13202.00000	2.00958e-18	3.82587e-19
13203.30000	2.07396e-18	3.89887e-19
13204.60000	2.22851e-18	3.80886e-19
13205.90000	1.63259e-18	3.79404e-19
13207.20000	7.22086e-19	4.96987e-19
13208.50000	1.71219e-18	1.17187e-18
13209.80000	1.36092e-18	2.21862e-18
13211.10000	1.87723e-18	2.38913e-18
13212.40000	3.40191e-18	1.69440e-18
13213.70000	4.74019e-20	8.48498e-19
13215.00000	1.19701e-18	5.75360e-19
13216.30000	1.46666e-18	5.39196e-19
13217.60000	9.25392e-19	5.17817e-19
13218.90000	1.85883e-18	4.98401e-19
13220.20000	2.12763e-18	5.39912e-19
13221.50000	2.45497e-18	6.29570e-19
13222.80000	1.60993e-18	6.15916e-19
13224.10000	1.70396e-18	5.22330e-19
13225.40000	2.66572e-18	4.70340e-19
13226.70000	3.18279e-18	5.01870e-19
13228.00000	4.28602e-18	5.24397e-19
13229.30000	4.90171e-18	4.84560e-19
13230.60000	5.34657e-18	4.36857e-19
13231.90000	3.75426e-18	4.57397e-19
13233.20000	2.20036e-18	7.52052e-19
13234.50000	2.01618e-18	2.16888e-18
13235.80000	2.58627e-18	3.28319e-18
13237.20000	2.97294e-18	3.01639e-18
13238.50000	5.50681e-19	1.90133e-18
13239.80000	1.27240e-18	9.23021e-19
13241.10000	1.77385e-18	5.39237e-19
13242.40000	1.69951e-18	4.05682e-19
13243.70000	1.96406e-18	3.83737e-19
13245.00000	1.15764e-18	4.62221e-19
13246.30000	1.56869e-18	5.99845e-19
13247.60000	6.79086e-19	6.26339e-19
13248.90000	1.64231e-18	5.21178e-19
13250.20000	1.53755e-18	3.92473e-19
13251.50000	1.46982e-18	3.50430e-19
13252.80000	1.87519e-18	3.44272e-19
13254.10000	1.21140e-18	3.38457e-19
13255.40000	1.41256e-18	3.41977e-19
13256.70000	8.27949e-19	3.54736e-19
13258.00000	1.43927e-18	3.67788e-19
13259.30000	2.21606e-18	3.70942e-19
13260.60000	2.39790e-18	3.64301e-19
13261.90000	1.99092e-18	3.52611e-19
13263.20000	1.39581e-18	3.45793e-19
13264.50000	1.62925e-18	3.72614e-19
13265.80000	1.84434e-18	4.95029e-19
13267.10000	2.30774e-18	6.25236e-19
13268.40000	2.02135e-18	7.42294e-19
13269.70000	1.51387e-18	6.38443e-19
13271.00000	2.08142e-18	4.75887e-19
13272.30000	1.57558e-18	3.74749e-19
13273.60000	1.41832e-18	3.68723e-19
13274.90000	2.18999e-18	5.29853e-19
13276.20000	1.93959e-18	6.45775e-19
13277.60000	1.85491e-18	6.75115e-19
13278.90000	2.88679e-18	6.69300e-19
13280.20000	1.31416e-18	6.36822e-19
13281.50000	1.24705e-18	5.47450e-19
13282.80000	1.24482e-18	4.18701e-19
13284.10000	1.64256e-18	3.71653e-19
13285.40000	1.59746e-18	3.56027e-19
13286.70000	1.12661e-18	3.48111e-19
13288.00000	1.70592e-18	3.43621e-19
13289.30000	1.97449e-18	3.43627e-19
13290.60000	1.58302e-18	3.34470e-19
13291.90000	1.47163e-18	3.37096e-19
13293.20000	1.65370e-18	3.39801e-19
13294.50000	1.15832e-18	3.47762e-19
13295.80000	1.18946e-18	4.02252e-19
13297.10000	1.24482e-18	5.26028e-19
13298.40000	9.98658e-19	6.38319e-19
13299.70000	8.73804e-19	9.68887e-19
13301.00000	-6.10360e-19	1.55763e-18
13302.30000	-6.87358e-19	1.66828e-18
13303.60000	1.66809e-18	1.10174e-18
13304.90000	2.36097e-18	5.95526e-19
13306.20000	2.03452e-18	4.34988e-19
13307.50000	2.16231e-18	3.77187e-19
13308.80000	2.04630e-18	3.51175e-19
13310.10000	2.32451e-18	3.52483e-19
13311.40000	2.12080e-18	3.54028e-19
13312.70000	1.65965e-18	3.46613e-19
13314.00000	2.20695e-18	3.50982e-19
13315.30000	2.10768e-18	3.58614e-19
13316.60000	1.51607e-18	3.54004e-19
13317.90000	1.16755e-18	3.76405e-19
13319.30000	1.70437e-18	3.88285e-19
13320.60000	1.73147e-18	4.65232e-19
13321.90000	1.61182e-18	9.18525e-19
13323.20000	2.98747e-18	1.92616e-18
13324.50000	1.82390e-18	2.35623e-18
13325.80000	5.75379e-19	2.01966e-18
13327.10000	1.51966e-18	1.13818e-18
13328.40000	2.52648e-18	6.15901e-19
13329.70000	2.22156e-18	4.26122e-19
13331.00000	1.77218e-18	3.64837e-19
13332.30000	1.34177e-18	3.71684e-19
13333.60000	1.18734e-18	3.36665e-19
13334.90000	1.47457e-18	3.79313e-19
13336.20000	1.74605e-18	4.28564e-19
13337.50000	1.83519e-18	4.54031e-19
13338.80000	1.22348e-18	4.60393e-19
13340.10000	7.83676e-19	4.48759e-19
13341.40000	1.21724e-18	4.40212e-19
13342.70000	1.59098e-18	4.20396e-19
13344.00000	1.79761e-18	3.60831e-19
13345.30000	2.21723e-18	3.67361e-19
13346.60000	1.91184e-18	3.93455e-19
13347.90000	1.65716e-18	3.93482e-19
13349.20000	1.71726e-18	3.72539e-19
13350.50000	1.21818e-18	3.87482e-19
13351.80000	1.39184e-18	4.47564e-19
13353.10000	1.85148e-18	4.74752e-19
13354.40000	1.39766e-18	4.43752e-19
13355.70000	2.25337e-18	4.26440e-19
13357.00000	1.56094e-18	4.18106e-19
13358.30000	1.48191e-18	4.08323e-19
13359.70000	1.61561e-18	4.29831e-19
13361.00000	1.18758e-18	4.94105e-19
13362.30000	1.71948e-18	4.73292e-19
13363.60000	1.98793e-18	4.08392e-19
13364.90000	2.00145e-18	3.44385e-19
13366.20000	1.99471e-18	3.27783e-19
13367.50000	1.44966e-18	3.26570e-19
13368.80000	1.65752e-18	3.29890e-19
13370.10000	1.76017e-18	3.34066e-19
13371.40000	1.70409e-18	3.41142e-19
13372.70000	1.06616e-18	3.42218e-19
13374.00000	1.25771e-18	3.45657e-19
13375.30000	1.36213e-18	3.36970e-19
13376.60000	1.39790e-18	3.56828e-19
13377.90000	2.03349e-18	3.58854e-19
13379.20000	2.04624e-18	3.48453e-19
13380.50000	2.66620e-18	3.52015e-19
13381.80000	2.18450e-18	3.87123e-19
13383.10000	1.41515e-18	3.81923e-19
13384.40000	1.90284e-18	3.53486e-19
13385.70000	1.66914e-18	3.53073e-19
13387.00000	1.30437e-18	3.54166e-19
13388.30000	2.18390e-18	3.67631e-19
13389.60000	1.98650e-18	3.93862e-19
13390.90000	1.88237e-18	3.74517e-19
13392.20000	2.11772e-18	4.46200e-19
13393.50000	1.75912e-18	5.25658e-19
13394.80000	2.18388e-18	5.34668e-19
13396.10000	2.66528e-18	5.28883e-19
13397.40000	1.91570e-18	5.75094e-19
13398.70000	9.15350e-19	8.57353e-19
13400.00000	4.41482e-19	1.31766e-18
13401.40000	5.13038e-19	1.39411e-18
13402.70000	1.47693e-18	1.07226e-18
13404.00000	2.07855e-18	6.87388e-19
13405.30000	7.24348e-19	5.52405e-19
13406.60000	1.80823e-18	4.67549e-19
13407.90000	2.03108e-18	3.83041e-19
13409.20000	2.29124e-18	3.57082e-19
13410.50000	2.16057e-18	3.63709e-19
13411.80000	2.36027e-18	4.48320e-19
13413.10000	2.92648e-18	6.38948e-19
13414.40000	2.07345e-18	7.11608e-19
13415.70000	2.86751e-18	7.11096e-19
13417.00000	2.62879e-18	6.61154e-19
13418.30000	1.25364e-18	8.08466e-19
13419.60000	2.22294e-18	1.29360e-18
13420.90000	2.07556e-18	1.75727e-18
13422.20000	2.42974e-18	1.70835e-18
13423.50000	2.82578e-18	1.28884e-18
13424.80000	2.54958e-18	8.50644e-19
13426.10000	2.81544e-18	6.77523e-19
13427.40000	2.10198e-18	5.86169e-19
13428.70000	1.66054e-18	4.56663e-19
13430.00000	1.85687e-18	3.83691e-19
13431.30000	2.32629e-18	3.70731e-19
13432.60000	2.15253e-18	3.63792e-19
13433.90000	1.94125e-18	3.61638e-19
13435.20000	2.35008e-18	3.97601e-19
13436.50000	2.22955e-18	4.42581e-19
13437.80000	1.33186e-18	4.65330e-19
13439.10000	1.95429e-18	4.71503e-19
13440.40000	1.77126e-18	4.35057e-19
13441.80000	1.32655e-18	4.31712e-19
13443.10000	1.47042e-18	4.38469e-19
13444.40000	1.31023e-18	4.80776e-19
13445.70000	2.50808e-18	5.74109e-19
13447.00000	2.91449e-18	6.68971e-19
13448.30000	1.27622e-18	6.30621e-19
13449.60000	1.94244e-18	5.10700e-19
13450.90000	2.14879e-18	4.18886e-19
13452.20000	1.37042e-18	3.94260e-19
13453.50000	1.39324e-18	3.92835e-19
13454.80000	1.52101e-18	3.90024e-19
13456.10000	1.24101e-18	4.05216e-19
13457.40000	2.25494e-18	4.16123e-19
13458.70000	2.13481e-18	4.30948e-19
13460.00000	1.22327e-18	4.28576e-19
13461.30000	1.56636e-18	4.20627e-19
13462.60000	1.94822e-18	4.43226e-19
13463.90000	2.03311e-18	4.55381e-19
13465.20000	1.13453e-18	4.53317e-19
13466.50000	6.97531e-19	4.35977e-19
13467.80000	1.17317e-18	4.26241e-19
13469.10000	2.41964e-18	4.17242e-19
13470.40000	2.44414e-18	4.05293e-19
13471.70000	1.77434e-18	4.12565e-19
13473.00000	1.72432e-18	4.47528e-19
13474.30000	1.90559e-18	5.30805e-19
13475.60000	2.45653e-18	6.07692e-19
13476.90000	2.71011e-18	6.30276e-19
13478.20000	2.83270e-18	7.09333e-19
13479.50000	2.23455e-18	6.90857e-19
13480.80000	2.06159e-18	6.80289e-19
13482.10000	1.88739e-18	5.99923e-19
13483.50000	2.37455e-18	5.97812e-19
13484.80000	1.73494e-18	6.14837e-19
13486.10000	1.49812e-18	6.57987e-19
13487.40000	2.14702e-18	6.44992e-19
13488.70000	2.19119e-18	5.79363e-19
13490.00000	2.37276e-18	5.34052e-19
13491.30000	2.02466e-18	5.25743e-19
13492.60000	2.15569e-18	5.19306e-19
13493.90000	2.14488e-18	5.10978e-19
13495.20000	1.31324e-18	5.09596e-19
13496.50000	1.86316e-18	5.63908e-19
13497.80000	2.83535e-18	5.62803e-19
13499.10000	2.03944e-18	5.90734e-19
13500.40000	1.75522e-18	6.40508e-19
13501.70000	2.36022e-18	7.42780e-19
13503.00000	2.63817e-18	7.99457e-19
13504.30000	2.53051e-18	8.44697e-19
13505.60000	2.47029e-18	9.66449e-19
13506.90000	1.75751e-18	1.39095e-18
13508.20000	1.57956e-18	2.18860e-18
13509.50000	7.50595e-19	2.02342e-18
13510.80000	2.86947e-18	1.40155e-18
13512.10000	4.43912e-18	1.01580e-18
13513.40000	4.36318e-18	9.43325e-19
13514.70000	6.01752e-19	1.03249e-18
13516.00000	1.99871e-18	1.11683e-18
13517.30000	2.56896e-18	1.14272e-18
13518.60000	1.90913e-18	1.06299e-18
13519.90000	1.96176e-18	8.26316e-19
