#macsj0717_z2_K.H.1459.fc.1d.esc.txt
#Wavelength in (A) | Flux (erg/sec/cm2/A)| Flux Error
14987.10000	-6.47274e-20	7.65774e-20
14988.70000	-1.65884e-19	1.45489e-20
14990.30000	6.55262e-21	1.10911e-20
14991.90000	-2.97521e-19	4.93892e-20
14993.60000	-1.45028e-19	3.88561e-19
14995.20000	2.92999e-19	3.70103e-19
14996.80000	6.10397e-19	3.39639e-19
14998.50000	3.67076e-19	3.25827e-19
15000.10000	1.49406e-19	3.17834e-19
15001.70000	1.79201e-19	3.23274e-19
15003.30000	7.21720e-20	3.69439e-19
15005.00000	-9.35725e-20	4.66814e-19
15006.60000	-5.33390e-19	5.65899e-19
15008.20000	-2.59235e-19	4.93582e-19
15009.90000	-3.81703e-21	4.08674e-19
15011.50000	7.70496e-20	3.49292e-19
15013.10000	4.33056e-19	3.24132e-19
15014.80000	3.76621e-19	3.19395e-19
15016.40000	5.05342e-19	3.09441e-19
15018.00000	3.47246e-19	3.01664e-19
15019.60000	-2.31795e-21	3.00621e-19
15021.30000	-5.45337e-20	3.25922e-19
15022.90000	3.82930e-19	4.13575e-19
15024.50000	-2.94818e-20	5.30072e-19
15026.20000	-2.45587e-19	5.72272e-19
15027.80000	-1.23104e-19	4.99629e-19
15029.40000	6.46555e-19	3.86518e-19
15031.00000	7.01678e-19	3.23672e-19
15032.70000	1.12048e-19	2.97902e-19
15034.30000	-5.08382e-20	3.03572e-19
15035.90000	-2.66998e-19	3.26752e-19
15037.60000	3.29653e-21	3.25927e-19
15039.20000	-7.33329e-20	3.19168e-19
15040.80000	2.55339e-19	3.25709e-19
15042.40000	4.18302e-19	3.25235e-19
15044.10000	-5.88706e-20	3.36259e-19
15045.70000	-2.20712e-19	3.63890e-19
15047.30000	-2.80086e-19	4.10442e-19
15049.00000	1.36389e-19	5.59046e-19
15050.60000	-3.62436e-19	1.15128e-18
15052.20000	-2.32838e-18	2.14408e-18
15053.80000	-2.42668e-19	3.88239e-18
15055.50000	1.78964e-19	4.40370e-18
15057.10000	-4.22427e-18	3.59235e-18
15058.70000	-2.56508e-18	1.87839e-18
15060.40000	-1.40636e-18	9.17661e-19
15062.00000	7.42258e-21	7.63363e-19
15063.60000	3.92133e-19	8.97421e-19
15065.20000	-4.21995e-19	1.15600e-18
15066.90000	1.14143e-18	2.00291e-18
15068.50000	4.18617e-18	2.56774e-18
15070.10000	9.44786e-19	2.32095e-18
15071.80000	2.78710e-19	1.40540e-18
15073.40000	1.41587e-19	6.85905e-19
15075.00000	2.67911e-19	4.09898e-19
15076.70000	3.88487e-19	3.83991e-19
15078.30000	6.41035e-19	4.29774e-19
15079.90000	7.13490e-19	5.19999e-19
15081.50000	9.76380e-19	5.79179e-19
15083.20000	5.20907e-19	6.09855e-19
15084.80000	1.52393e-19	8.44371e-19
15086.40000	-3.54025e-19	1.22274e-18
15088.10000	-2.85409e-19	1.45133e-18
15089.70000	-1.24760e-20	1.27880e-18
15091.30000	1.35729e-19	9.87872e-19
15092.90000	9.59379e-20	5.33169e-19
15094.60000	-6.26438e-20	4.01872e-19
15096.20000	-1.60399e-19	4.00299e-19
15097.80000	3.70525e-19	4.15240e-19
15099.50000	4.13689e-19	4.07125e-19
15101.10000	-1.77370e-19	3.84559e-19
15102.70000	8.00720e-21	3.77650e-19
15104.30000	-2.06829e-19	4.20637e-19
15106.00000	9.61034e-20	4.73315e-19
15107.60000	-2.05840e-19	4.84841e-19
15109.20000	-8.86202e-20	5.12439e-19
15110.90000	1.39190e-19	6.03934e-19
15112.50000	3.43622e-19	8.07191e-19
15114.10000	6.10082e-20	7.48532e-19
15115.70000	3.81499e-19	6.62206e-19
15117.40000	4.22382e-19	5.09422e-19
15119.00000	-7.24573e-20	3.86664e-19
15120.60000	5.74288e-19	3.26442e-19
15122.30000	2.30808e-19	3.25732e-19
15123.90000	2.80300e-19	3.60975e-19
15125.50000	-3.90317e-19	3.27118e-19
15127.10000	-4.33854e-20	3.33615e-19
15128.80000	-1.80871e-19	3.39906e-19
15130.40000	8.01045e-20	3.45514e-19
15132.00000	-8.83885e-20	3.77236e-19
15133.70000	9.93412e-20	4.10035e-19
15135.30000	-5.91360e-20	4.14697e-19
15136.90000	-2.89779e-19	3.77472e-19
15138.60000	3.48788e-19	3.63811e-19
15140.20000	-6.12872e-20	3.73984e-19
15141.80000	-2.26975e-19	3.98635e-19
15143.40000	1.73510e-19	3.94727e-19
15145.10000	5.35213e-19	3.82530e-19
15146.70000	-1.04135e-19	4.00854e-19
15148.30000	1.33984e-19	4.35635e-19
15150.00000	9.01515e-19	5.14041e-19
15151.60000	2.65538e-20	4.46224e-19
15153.20000	7.31501e-20	3.94797e-19
15154.80000	1.82410e-19	3.36031e-19
15156.50000	2.78221e-19	3.05466e-19
15158.10000	3.15750e-19	2.95523e-19
15159.70000	-1.02943e-19	2.83378e-19
15161.40000	-5.83338e-20	2.80478e-19
15163.00000	6.92557e-20	2.83532e-19
15164.60000	2.29330e-19	3.01557e-19
15166.20000	1.33427e-19	3.20097e-19
15167.90000	6.07552e-20	3.23505e-19
15169.50000	4.38575e-19	3.21998e-19
15171.10000	2.46309e-19	3.14622e-19
15172.80000	4.69206e-19	3.10059e-19
15174.40000	7.68543e-20	3.06451e-19
15176.00000	1.62357e-19	3.13547e-19
15177.60000	2.68197e-20	3.21619e-19
15179.30000	-1.05031e-19	3.43246e-19
15180.90000	-3.56472e-19	3.64514e-19
15182.50000	-5.94232e-19	4.54943e-19
15184.20000	-7.64027e-19	9.16444e-19
15185.80000	-9.49544e-19	1.86497e-18
15187.40000	-5.27937e-19	2.09117e-18
15189.00000	-1.04593e-18	1.54236e-18
15190.70000	-3.09356e-19	8.20958e-19
15192.30000	-4.57238e-20	4.05336e-19
15193.90000	3.19886e-19	3.22824e-19
15195.60000	3.75480e-19	2.89325e-19
15197.20000	2.68177e-19	2.76153e-19
15198.80000	2.44064e-19	2.67173e-19
15200.50000	3.95429e-19	2.65879e-19
15202.10000	2.24881e-19	2.65488e-19
15203.70000	-1.56154e-19	2.72081e-19
15205.30000	2.76487e-19	2.82234e-19
15207.00000	3.11916e-19	2.88513e-19
15208.60000	6.00146e-19	2.87017e-19
15210.20000	6.99899e-19	2.83333e-19
15211.90000	3.60148e-20	2.78253e-19
15213.50000	6.04686e-19	2.76039e-19
15215.10000	4.24062e-19	2.79941e-19
15216.70000	6.63120e-19	2.81682e-19
15218.40000	5.49268e-19	2.72134e-19
15220.00000	7.73868e-20	2.77792e-19
15221.60000	3.76019e-19	2.82605e-19
15223.30000	-5.40417e-21	2.83391e-19
15224.90000	6.74620e-20	2.83325e-19
15226.50000	2.76215e-19	2.81440e-19
15228.10000	5.38885e-20	2.91654e-19
15229.80000	2.85430e-19	2.98392e-19
15231.40000	3.13543e-19	3.09051e-19
15233.00000	-3.55954e-20	3.24386e-19
15234.70000	1.20277e-19	3.62088e-19
15236.30000	8.33692e-19	5.28856e-19
15237.90000	1.54656e-19	1.66007e-18
15239.50000	-1.51312e-18	3.55910e-18
15241.20000	2.13118e-18	3.83306e-18
15242.80000	2.98398e-18	2.85014e-18
15244.40000	-9.75143e-19	1.36378e-18
15246.10000	-1.53963e-19	5.53141e-19
15247.70000	-9.11174e-20	3.50947e-19
15249.30000	-2.85023e-19	2.98824e-19
15251.00000	3.30162e-20	2.77966e-19
15252.60000	2.64709e-19	2.71346e-19
15254.20000	2.85037e-19	2.66544e-19
15255.80000	3.34066e-19	2.64871e-19
15257.50000	2.94819e-19	2.62084e-19
15259.10000	4.15520e-19	2.66973e-19
15260.70000	3.85899e-19	2.62282e-19
15262.40000	4.49591e-19	2.64006e-19
15264.00000	5.51745e-20	2.95012e-19
15265.60000	-1.35163e-19	3.35923e-19
15267.20000	4.72992e-19	3.71867e-19
15268.90000	2.54291e-19	3.90804e-19
15270.50000	-1.86528e-19	3.75557e-19
15272.10000	4.15185e-20	3.30362e-19
15273.80000	4.71862e-19	2.82125e-19
15275.40000	-6.35371e-20	2.55266e-19
15277.00000	1.47607e-19	2.55045e-19
15278.60000	6.02293e-19	2.71676e-19
15280.30000	-3.75340e-20	3.15875e-19
15281.90000	3.43260e-19	3.84253e-19
15283.50000	2.57136e-19	5.55832e-19
15285.20000	-6.08164e-20	1.41292e-18
15286.80000	-8.87808e-19	2.18541e-18
15288.40000	-2.94913e-19	2.67244e-18
15290.00000	7.80938e-19	1.80383e-18
15291.70000	1.02913e-18	7.68450e-19
15293.30000	5.74739e-20	3.66998e-19
15294.90000	-3.00492e-19	2.92932e-19
15296.60000	-1.88962e-19	2.67395e-19
15298.20000	-4.37454e-20	2.57032e-19
15299.80000	-4.32974e-20	2.48346e-19
15301.40000	-5.30503e-20	2.46545e-19
15303.10000	6.25458e-20	2.43935e-19
15304.70000	1.47173e-19	2.46306e-19
15306.30000	1.84557e-19	2.60959e-19
15308.00000	2.63615e-19	3.26029e-19
15309.60000	-1.07578e-19	4.28232e-19
15311.20000	5.39819e-19	4.58249e-19
15312.90000	6.15673e-19	3.85073e-19
15314.50000	1.20544e-19	3.05474e-19
15316.10000	-7.36158e-20	2.66093e-19
15317.70000	2.45207e-19	2.82445e-19
15319.40000	4.69582e-19	2.81559e-19
15321.00000	4.65400e-19	2.61670e-19
15322.60000	3.73110e-19	2.72320e-19
15324.30000	5.16836e-20	2.91608e-19
15325.90000	4.01961e-19	3.34092e-19
15327.50000	-3.43987e-19	5.06223e-19
15329.10000	-2.22885e-19	1.63496e-18
15330.80000	-4.02142e-18	3.73800e-18
15332.40000	8.25684e-18	3.83135e-18
15334.00000	1.35627e-17	3.04240e-18
15335.70000	1.96950e-18	1.62041e-18
15337.30000	3.55587e-19	5.93296e-19
15338.90000	-2.52643e-20	3.39204e-19
15340.50000	1.38323e-19	2.89181e-19
15342.20000	3.86395e-19	2.72786e-19
15343.80000	7.14940e-21	2.67792e-19
15345.40000	-6.18874e-19	3.39064e-19
15347.10000	-5.63391e-19	5.32263e-19
15348.70000	-8.80071e-19	6.19398e-19
15350.30000	-1.47590e-19	5.37178e-19
15351.90000	5.63103e-19	3.68003e-19
15353.60000	5.37152e-19	2.69040e-19
15355.20000	2.91883e-19	3.18965e-19
15356.80000	4.15944e-19	2.84635e-19
15358.50000	4.97881e-19	2.43533e-19
15360.10000	2.50876e-19	2.26866e-19
15361.70000	1.63135e-19	2.26742e-19
15363.30000	-1.06446e-20	2.33186e-19
15365.00000	1.97719e-19	2.76544e-19
15366.60000	1.30400e-19	2.53921e-19
15368.20000	2.92364e-19	2.26792e-19
15369.90000	4.41071e-20	2.69887e-19
15371.50000	-3.00634e-19	3.69207e-19
15373.10000	-3.49319e-19	4.84572e-19
15374.80000	-3.53352e-19	6.01070e-19
15376.40000	3.80812e-19	6.61033e-19
15378.00000	4.78479e-19	6.15442e-19
15379.60000	7.57758e-19	5.41418e-19
15381.30000	3.19609e-19	4.03400e-19
15382.90000	-2.15307e-19	3.04004e-19
15384.50000	2.41070e-19	3.44106e-19
15386.20000	5.98466e-19	4.49601e-19
15387.80000	7.77225e-19	5.24573e-19
15389.40000	4.88334e-19	5.29357e-19
15391.00000	-4.58809e-19	6.01881e-19
15392.70000	4.61088e-20	1.21513e-18
15394.30000	3.73799e-18	1.93610e-18
15395.90000	4.03305e-18	2.34256e-18
15397.60000	-2.52368e-18	1.37363e-18
15399.20000	-1.26543e-18	6.34012e-19
15400.80000	1.14190e-18	3.47351e-19
15402.40000	-1.53832e-19	3.48958e-19
15404.10000	6.51660e-19	4.05713e-19
15405.70000	2.53932e-19	4.75665e-19
15407.30000	2.27975e-19	4.70964e-19
15409.00000	3.58251e-19	4.43795e-19
15410.60000	1.02668e-19	4.32286e-19
15412.20000	-1.74582e-19	4.16459e-19
15413.80000	-2.93301e-19	3.45942e-19
15415.50000	2.47819e-19	2.68237e-19
15417.10000	2.47696e-19	2.43571e-19
15418.70000	1.13702e-19	2.49690e-19
15420.40000	4.13422e-20	2.72804e-19
15422.00000	2.07588e-19	3.15419e-19
15423.60000	-3.42501e-19	3.53511e-19
15425.20000	4.26282e-19	3.79757e-19
15426.90000	-7.50439e-19	4.80188e-19
15428.50000	1.13825e-18	9.69495e-19
15430.10000	-5.15658e-19	2.30698e-18
15431.80000	-4.32832e-18	3.08262e-18
15433.40000	-4.89481e-18	2.75349e-18
15435.00000	2.03430e-18	1.65668e-18
15436.70000	2.32482e-19	7.30008e-19
15438.30000	-1.54030e-19	5.15170e-19
15439.90000	-2.02533e-19	4.24421e-19
15441.50000	-4.08632e-19	3.21494e-19
15443.20000	7.17646e-20	2.54666e-19
15444.80000	1.12237e-19	2.34616e-19
15446.40000	1.64478e-19	2.26090e-19
15448.10000	3.48870e-19	2.17560e-19
15449.70000	1.10170e-19	2.14337e-19
15451.30000	1.44142e-19	2.17430e-19
15452.90000	2.52401e-21	2.22871e-19
15454.60000	6.19359e-20	2.25593e-19
15456.20000	1.87960e-19	2.58781e-19
15457.80000	2.07141e-19	2.73262e-19
15459.50000	3.12664e-19	4.04539e-19
15461.10000	1.16864e-19	5.99044e-19
15462.70000	-5.75552e-19	6.22153e-19
15464.30000	-1.45744e-19	4.75623e-19
15466.00000	1.49472e-19	3.77606e-19
15467.60000	-2.94383e-19	3.56796e-19
15469.20000	-1.56230e-19	3.40996e-19
15470.90000	1.48466e-19	3.46866e-19
15472.50000	-2.68034e-19	4.49103e-19
15474.10000	-5.23855e-19	5.46716e-19
15475.70000	-1.58021e-19	4.83224e-19
15477.40000	-1.95805e-19	3.33721e-19
15479.00000	-6.02229e-20	2.47615e-19
15480.60000	8.43537e-21	2.18134e-19
15482.30000	6.28433e-20	2.08696e-19
15483.90000	2.17463e-20	2.25203e-19
15485.50000	1.35629e-19	3.30454e-19
15487.10000	1.82360e-19	5.18809e-19
15488.80000	-1.04815e-19	5.65495e-19
15490.40000	-5.45561e-19	4.50535e-19
15492.00000	-4.86977e-19	3.58445e-19
15493.70000	-1.22475e-19	2.82809e-19
15495.30000	8.62052e-20	2.76796e-19
15496.90000	4.37394e-19	3.25358e-19
15498.60000	4.01344e-19	7.06302e-19
15500.20000	-5.98938e-19	1.00936e-18
15501.80000	-6.46810e-19	9.69823e-19
15503.40000	3.70067e-19	6.29443e-19
15505.10000	7.47301e-19	4.47453e-19
15506.70000	5.26948e-19	6.17866e-19
15508.30000	1.00713e-18	1.28021e-18
15510.00000	-3.29950e-20	1.46055e-18
15511.60000	5.61139e-19	1.10589e-18
15513.20000	4.98378e-19	6.36576e-19
15514.80000	2.64124e-19	5.54313e-19
15516.50000	-4.93202e-19	7.85821e-19
15518.10000	2.43942e-19	8.81282e-19
15519.70000	1.27136e-18	6.22067e-19
15521.40000	2.10108e-19	3.57326e-19
15523.00000	2.53334e-19	2.40429e-19
15524.60000	1.10790e-19	2.16902e-19
15526.20000	3.83295e-20	2.13309e-19
15527.90000	-1.72551e-19	2.33839e-19
15529.50000	1.43881e-19	2.37567e-19
15531.10000	-2.03037e-19	2.30938e-19
15532.80000	1.86359e-19	2.43948e-19
15534.40000	-1.54568e-19	2.79985e-19
15536.00000	6.92241e-20	4.48422e-19
15537.60000	2.82186e-19	1.22748e-18
15539.30000	9.14554e-19	1.95587e-18
15540.90000	3.81314e-18	2.06929e-18
15542.50000	-6.00601e-19	1.74853e-18
15544.20000	-9.13132e-19	1.64771e-18
15545.80000	-6.60130e-20	1.73969e-18
15547.40000	-2.91025e-18	1.48703e-18
15549.10000	-2.07540e-18	8.17936e-19
15550.70000	6.65779e-19	3.73616e-19
15552.30000	2.89452e-19	2.45476e-19
15553.90000	1.05481e-19	2.26852e-19
15555.60000	1.29661e-19	2.15767e-19
15557.20000	4.30057e-19	2.22006e-19
15558.80000	1.15382e-19	3.22452e-19
15560.50000	-1.34285e-19	3.44767e-19
15562.10000	4.70689e-19	4.58979e-19
15563.70000	1.25862e-19	4.56186e-19
15565.30000	-1.05154e-19	3.17454e-19
15567.00000	-5.19310e-19	5.09507e-19
15568.60000	-1.31832e-18	1.03981e-18
15570.20000	-2.51273e-19	1.23919e-18
15571.90000	2.36511e-18	9.94255e-19
15573.50000	3.01119e-19	5.61614e-19
15575.10000	-1.42947e-20	3.69718e-19
15576.70000	4.29241e-19	3.26868e-19
15578.40000	2.30217e-19	3.36226e-19
15580.00000	4.02640e-19	3.45426e-19
15581.60000	2.02162e-19	3.52565e-19
15583.30000	7.64137e-20	2.98180e-19
15584.90000	1.42689e-19	2.48377e-19
15586.50000	3.23062e-19	2.29994e-19
15588.10000	1.47813e-19	2.47260e-19
15589.80000	-8.32882e-20	2.54782e-19
15591.40000	4.00878e-19	2.96247e-19
15593.00000	6.04105e-19	4.87857e-19
15594.70000	2.15326e-18	1.35064e-18
15596.30000	4.04688e-18	2.51859e-18
15597.90000	6.12031e-18	3.18621e-18
15599.50000	2.50152e-18	2.55590e-18
15601.20000	-6.81030e-19	1.06434e-18
15602.80000	4.90914e-19	4.37024e-19
15604.40000	4.80560e-20	3.33295e-19
15606.10000	1.00960e-19	3.05035e-19
15607.70000	2.77117e-19	2.76809e-19
15609.30000	3.39755e-19	3.46818e-19
15611.00000	3.62820e-19	3.96061e-19
15612.60000	1.26167e-19	4.93786e-19
15614.20000	-2.76485e-19	4.61471e-19
15615.80000	3.15939e-19	3.68274e-19
15617.50000	2.36132e-19	3.07051e-19
15619.10000	3.11374e-21	3.18017e-19
15620.70000	3.69184e-19	3.38462e-19
15622.40000	-5.75638e-20	3.06500e-19
15624.00000	-3.98793e-20	2.81930e-19
15625.60000	1.70074e-19	3.05004e-19
15627.20000	5.61041e-19	4.49035e-19
15628.90000	1.58641e-18	1.31167e-18
15630.50000	2.14890e-19	1.92539e-18
15632.10000	-9.87977e-19	2.29891e-18
15633.80000	-4.19713e-18	1.24573e-18
15635.40000	7.48379e-19	5.05102e-19
15637.00000	1.66804e-19	2.70019e-19
15638.60000	2.09402e-19	2.85062e-19
15640.30000	1.11977e-19	3.02563e-19
15641.90000	-2.34878e-19	2.91508e-19
15643.50000	2.52763e-19	2.45188e-19
15645.20000	2.29895e-19	2.31264e-19
15646.80000	-1.26274e-19	2.43847e-19
15648.40000	1.83242e-19	2.55351e-19
15650.00000	1.57608e-19	3.54626e-19
15651.70000	-1.43721e-18	8.93527e-19
15653.30000	-3.07041e-18	2.37019e-18
15654.90000	4.97880e-18	3.00673e-18
15656.60000	1.95299e-18	2.98231e-18
15658.20000	-5.23311e-18	1.73535e-18
15659.80000	1.09128e-18	8.48440e-19
15661.40000	-6.88205e-19	4.34844e-19
15663.10000	2.57631e-19	2.83928e-19
15664.70000	-7.21979e-20	2.59045e-19
15666.30000	3.54955e-20	2.49678e-19
15668.00000	1.61832e-19	2.41778e-19
15669.60000	2.39651e-19	2.27950e-19
15671.20000	2.47183e-20	2.29234e-19
15672.90000	-1.22347e-19	2.27014e-19
15674.50000	2.95673e-19	2.33395e-19
15676.10000	-1.43568e-19	2.26485e-19
15677.70000	-1.03415e-19	2.35920e-19
15679.40000	9.47026e-20	2.48028e-19
15681.00000	1.29045e-19	2.78203e-19
15682.60000	1.47762e-19	3.54435e-19
15684.30000	5.56376e-22	3.80482e-19
15685.90000	9.23329e-20	3.62060e-19
15687.50000	2.27400e-19	3.67819e-19
15689.10000	-3.63690e-20	3.08223e-19
15690.80000	7.85886e-20	2.95895e-19
15692.40000	5.97929e-20	2.96194e-19
15694.00000	1.49678e-19	2.91290e-19
15695.70000	1.84546e-19	3.13370e-19
15697.30000	4.65159e-19	3.94772e-19
15698.90000	2.79346e-19	5.89697e-19
15700.50000	-8.14183e-19	1.19779e-18
15702.20000	8.11910e-21	1.56978e-18
15703.80000	4.10001e-19	1.90330e-18
15705.40000	1.97215e-20	9.62757e-19
15707.10000	-1.16424e-19	4.05711e-19
15708.70000	5.70227e-20	3.61446e-19
15710.30000	-2.11345e-19	3.43578e-19
15711.90000	1.33344e-19	3.43293e-19
15713.60000	-1.44482e-19	2.75458e-19
15715.20000	-1.08648e-19	2.17991e-19
15716.80000	-1.13749e-19	2.40129e-19
15718.50000	-3.23452e-19	3.07931e-19
15720.10000	4.61352e-19	3.46265e-19
15721.70000	4.64718e-19	3.83930e-19
15723.30000	3.10172e-19	5.10864e-19
15725.00000	7.03897e-20	4.45822e-19
15726.60000	-2.12950e-20	3.60640e-19
15728.20000	4.14784e-20	2.77082e-19
15729.90000	-7.51725e-20	2.94939e-19
15731.50000	-2.37249e-19	3.65539e-19
15733.10000	-1.00346e-20	3.88586e-19
15734.80000	7.54156e-20	3.70686e-19
15736.40000	-2.63525e-19	3.99687e-19
15738.00000	-2.26859e-19	4.49385e-19
15739.60000	2.19867e-20	4.24156e-19
15741.30000	-1.00712e-20	3.13932e-19
15742.90000	-2.61202e-19	2.44902e-19
15744.50000	-2.51074e-19	2.99669e-19
15746.20000	4.60519e-19	3.63848e-19
15747.80000	-7.03650e-20	3.63906e-19
15749.40000	1.21243e-19	3.68896e-19
15751.00000	1.52533e-19	4.05287e-19
15752.70000	7.49780e-20	3.95377e-19
15754.30000	3.37324e-19	2.96782e-19
15755.90000	4.13841e-19	2.48115e-19
15757.60000	3.73076e-19	3.80329e-19
15759.20000	-1.16722e-19	5.98846e-19
15760.80000	-1.48397e-19	6.42413e-19
15762.40000	-4.19986e-20	5.32765e-19
15764.10000	9.75098e-20	4.73875e-19
15765.70000	-1.07804e-19	4.99274e-19
15767.30000	-3.47346e-19	4.56223e-19
15769.00000	5.64958e-19	3.60125e-19
15770.60000	4.04365e-19	2.54457e-19
15772.20000	-1.83756e-19	2.74423e-19
15773.80000	-5.13575e-19	3.36565e-19
15775.50000	-6.26369e-19	3.51848e-19
15777.10000	-7.44142e-20	3.96053e-19
15778.70000	2.41576e-19	5.54940e-19
15780.40000	3.86274e-19	7.22145e-19
15782.00000	6.11454e-19	7.58055e-19
15783.60000	1.37320e-19	6.18883e-19
15785.20000	5.64584e-19	4.03560e-19
15786.90000	2.60242e-19	2.87504e-19
15788.50000	5.96431e-20	2.77122e-19
15790.10000	3.22418e-19	3.03918e-19
15791.80000	8.86434e-20	3.82159e-19
15793.40000	4.56145e-20	4.20569e-19
15795.00000	-7.48181e-20	3.69666e-19
15796.70000	-3.09859e-19	2.66096e-19
15798.30000	2.05605e-20	2.41586e-19
15799.90000	6.80958e-19	3.46681e-19
15801.50000	1.22836e-18	6.13280e-19
15803.20000	-1.02788e-18	7.87683e-19
15804.80000	1.65107e-19	8.11059e-19
15806.40000	4.79001e-19	9.12859e-19
15808.10000	7.86008e-19	1.04510e-18
15809.70000	1.87073e-19	1.13843e-18
15811.30000	-2.95366e-19	6.29694e-19
15812.90000	-1.93426e-19	3.75488e-19
15814.60000	-2.22797e-19	2.60687e-19
15816.20000	2.75322e-19	2.21188e-19
15817.80000	-1.79080e-19	2.13307e-19
15819.50000	2.72950e-19	2.35167e-19
15821.10000	2.33668e-19	2.60887e-19
15822.70000	2.25648e-19	2.94783e-19
15824.30000	3.89991e-19	3.20936e-19
15826.00000	-1.57115e-19	4.01113e-19
15827.60000	6.05140e-19	9.54272e-19
15829.20000	-6.91858e-19	1.82183e-18
15830.90000	3.29354e-18	3.11767e-18
15832.50000	1.76847e-18	4.41341e-18
15834.10000	-1.03673e-18	4.19568e-18
15835.70000	-1.18322e-18	2.41121e-18
15837.40000	-3.83333e-19	8.62031e-19
15839.00000	2.98770e-19	5.85082e-19
15840.60000	-1.11792e-19	7.29505e-19
15842.30000	7.41823e-19	8.57361e-19
15843.90000	1.51516e-18	9.46975e-19
15845.50000	1.84755e-18	1.61002e-18
15847.20000	2.81106e-18	2.44749e-18
15848.80000	-7.83404e-20	2.49300e-18
15850.40000	-4.85194e-18	1.58083e-18
15852.00000	-1.01752e-19	6.94137e-19
15853.70000	-1.32973e-19	4.23387e-19
15855.30000	-4.25665e-20	3.57532e-19
15856.90000	-1.84150e-19	3.42587e-19
15858.60000	-2.87877e-19	3.58282e-19
15860.20000	2.41905e-19	4.26014e-19
15861.80000	6.99251e-20	5.01320e-19
15863.40000	-1.48574e-20	4.96254e-19
15865.10000	-3.35983e-19	5.71698e-19
15866.70000	-8.44515e-19	9.70751e-19
15868.30000	-6.89369e-19	1.36267e-18
15870.00000	1.59405e-18	1.38489e-18
15871.60000	-9.38603e-19	1.03355e-18
15873.20000	7.21578e-19	6.15471e-19
15874.80000	-1.12745e-19	4.34306e-19
15876.50000	-2.27545e-19	3.55475e-19
15878.10000	8.77662e-20	2.77066e-19
15879.70000	2.92011e-20	2.95548e-19
15881.40000	-1.62327e-20	3.39842e-19
15883.00000	1.61896e-19	3.33160e-19
15884.60000	-2.07463e-19	3.08741e-19
15886.20000	-9.50065e-20	3.26920e-19
15887.90000	2.10743e-19	4.00584e-19
15889.50000	-6.20940e-20	5.45068e-19
15891.10000	1.87811e-19	4.46750e-19
15892.80000	4.27613e-19	4.28828e-19
15894.40000	4.51698e-19	6.12548e-19
15896.00000	8.09579e-19	7.80112e-19
15897.60000	-5.58800e-20	8.13018e-19
15899.30000	2.71324e-19	6.99580e-19
15900.90000	3.32958e-19	5.52238e-19
15902.50000	2.24638e-19	3.73528e-19
15904.20000	-1.43326e-19	2.64180e-19
15905.80000	-1.50476e-19	1.97934e-19
15907.40000	-2.82096e-20	1.81913e-19
15909.10000	3.35367e-19	2.00914e-19
15910.70000	3.59341e-19	2.56002e-19
15912.30000	2.43825e-19	3.38121e-19
15913.90000	1.62742e-19	4.22433e-19
15915.60000	2.09390e-20	4.76208e-19
15917.20000	1.37853e-19	4.87747e-19
15918.80000	-6.25913e-20	3.23798e-19
15920.50000	-1.64164e-19	2.18852e-19
15922.10000	1.36905e-19	2.18269e-19
15923.70000	7.09715e-21	2.88687e-19
15925.30000	7.52249e-20	3.22857e-19
15927.00000	6.49844e-20	3.24560e-19
15928.60000	-5.19643e-19	4.02453e-19
15930.20000	-9.17496e-20	3.83365e-19
15931.90000	2.20420e-19	3.10347e-19
15933.50000	2.78472e-20	3.22600e-19
15935.10000	4.78229e-19	3.19353e-19
15936.70000	5.32905e-20	2.63190e-19
15938.40000	2.00115e-19	2.05666e-19
15940.00000	3.24435e-19	1.98861e-19
15941.60000	3.09424e-19	2.09213e-19
15943.30000	-6.61168e-20	2.20188e-19
15944.90000	-2.26762e-20	2.24766e-19
15946.50000	2.73190e-19	2.26795e-19
15948.10000	4.31748e-19	2.11262e-19
15949.80000	2.50834e-19	1.91722e-19
15951.40000	9.07191e-20	1.98640e-19
15953.00000	9.03920e-20	2.31065e-19
15954.70000	2.33938e-19	2.44822e-19
15956.30000	1.16193e-19	2.41207e-19
15957.90000	-1.00713e-19	2.14446e-19
15959.50000	-1.96558e-21	2.07193e-19
15961.20000	3.31989e-19	1.89964e-19
15962.80000	3.05515e-19	1.93470e-19
15964.40000	3.15207e-20	1.98820e-19
15966.10000	-1.59395e-19	2.36031e-19
15967.70000	6.50777e-19	2.96093e-19
15969.30000	4.88003e-19	6.29030e-19
15971.00000	-1.15963e-18	1.62254e-18
15972.60000	2.95483e-18	2.19743e-18
15974.20000	2.66351e-18	1.66995e-18
15975.80000	1.25568e-18	7.19694e-19
15977.50000	3.16005e-19	2.90113e-19
15979.10000	-1.61483e-20	2.61979e-19
15980.70000	6.25581e-20	2.30398e-19
15982.40000	2.64292e-19	2.31337e-19
15984.00000	4.25937e-20	2.38317e-19
15985.60000	-1.26059e-19	2.17015e-19
15987.20000	-2.87029e-19	1.90754e-19
15988.90000	2.75221e-19	1.86371e-19
15990.50000	3.34024e-19	1.85722e-19
15992.10000	-9.53791e-20	1.84283e-19
15993.80000	-3.57832e-19	1.88451e-19
15995.40000	1.41186e-19	2.12826e-19
15997.00000	2.20285e-19	2.17795e-19
15998.60000	2.97606e-19	1.83883e-19
16000.30000	2.45983e-19	1.90006e-19
16001.90000	2.29850e-19	1.94079e-19
16003.50000	-3.02924e-20	1.94501e-19
16005.20000	-2.29499e-19	1.93677e-19
16006.80000	3.86711e-19	1.95325e-19
16008.40000	3.62549e-19	1.95816e-19
16010.00000	3.28768e-19	2.09306e-19
16011.70000	4.85613e-20	2.38989e-19
16013.30000	-5.74935e-20	2.59667e-19
16014.90000	2.97551e-19	2.55423e-19
16016.60000	3.20140e-19	2.31801e-19
16018.20000	2.61455e-19	2.22123e-19
16019.80000	1.98360e-19	2.20737e-19
16021.40000	1.75210e-19	2.32225e-19
16023.10000	1.15032e-19	2.54700e-19
16024.70000	5.48571e-19	3.07508e-19
16026.30000	2.14007e-19	4.89760e-19
16028.00000	1.49300e-19	1.59459e-18
16029.60000	-6.78837e-19	3.55331e-18
16031.20000	9.35357e-18	3.92116e-18
16032.90000	-2.99930e-18	2.73232e-18
16034.50000	-1.68721e-18	9.04522e-19
16036.10000	5.87920e-19	3.86125e-19
16037.70000	-7.15217e-19	2.99045e-19
16039.40000	7.00291e-19	3.23081e-19
16041.00000	-2.09023e-19	4.06326e-19
16042.60000	1.55722e-19	4.64940e-19
16044.30000	6.47349e-20	4.51308e-19
16045.90000	2.65450e-19	3.54443e-19
16047.50000	-2.88540e-19	2.88295e-19
16049.10000	-5.79265e-19	2.49291e-19
16050.80000	-1.05892e-19	2.12762e-19
16052.40000	2.25740e-19	2.30119e-19
16054.00000	-3.31242e-20	2.61316e-19
16055.70000	-1.09786e-19	3.29405e-19
16057.30000	-3.28660e-20	3.79394e-19
16058.90000	3.91268e-20	3.88150e-19
16060.50000	2.30350e-19	3.42645e-19
16062.20000	1.11382e-19	2.80974e-19
16063.80000	3.90688e-19	3.00282e-19
16065.40000	2.19864e-20	3.67539e-19
16067.10000	6.13620e-19	4.30715e-19
16068.70000	-1.32653e-19	3.39504e-19
16070.30000	-9.47863e-20	2.97746e-19
16071.90000	5.65401e-20	3.37049e-19
16073.60000	5.03573e-19	3.74175e-19
16075.20000	9.96689e-19	4.34418e-19
16076.80000	-2.73630e-19	1.03522e-18
16078.50000	-1.79299e-18	2.27620e-18
16080.10000	-9.91859e-18	2.33705e-18
16081.70000	-5.89361e-18	1.83788e-18
16083.30000	7.29936e-19	6.90910e-19
16085.00000	-2.26159e-19	2.76411e-19
16086.60000	6.00367e-20	2.39973e-19
16088.20000	-9.70692e-20	2.30331e-19
16089.90000	-1.37950e-19	2.49742e-19
16091.50000	-2.01121e-19	2.44826e-19
16093.10000	1.87947e-19	2.51989e-19
16094.80000	3.42740e-19	2.69013e-19
16096.40000	1.28460e-20	3.05403e-19
16098.00000	-2.38169e-19	3.30981e-19
16099.60000	3.18863e-19	2.57380e-19
16101.30000	1.03036e-19	2.26833e-19
16102.90000	2.40546e-19	2.30541e-19
16104.50000	1.85100e-19	2.15842e-19
16106.20000	-2.05749e-19	2.03488e-19
16107.80000	-9.58613e-20	2.08251e-19
16109.40000	-1.38656e-20	2.09301e-19
16111.00000	-1.10519e-19	2.04674e-19
16112.70000	-5.92029e-20	2.08367e-19
16114.30000	8.62877e-20	2.25092e-19
16115.90000	-2.29830e-19	3.52583e-19
16117.60000	2.26495e-19	4.13726e-19
16119.20000	-1.31201e-19	4.42621e-19
16120.80000	7.93269e-19	3.92413e-19
16122.40000	2.31029e-19	3.54920e-19
16124.10000	4.65374e-19	5.04763e-19
16125.70000	-1.51227e-18	1.55977e-18
16127.30000	-1.74997e-18	3.42857e-18
16129.00000	-8.41855e-18	3.80775e-18
16130.60000	1.32131e-18	2.58088e-18
16132.20000	1.60692e-18	8.73316e-19
16133.80000	-9.27279e-19	3.60431e-19
16135.50000	2.81714e-19	2.79443e-19
16137.10000	3.34634e-19	2.47380e-19
16138.70000	-2.26980e-19	2.28564e-19
16140.40000	5.58721e-20	2.21518e-19
16142.00000	6.35505e-20	2.19036e-19
16143.60000	3.10062e-19	2.16300e-19
16145.20000	-1.21967e-19	2.11697e-19
16146.90000	8.04128e-20	2.09863e-19
16148.50000	4.08312e-19	2.13674e-19
16150.10000	1.64827e-19	2.23720e-19
16151.80000	-1.14489e-19	2.33559e-19
16153.40000	1.47756e-21	2.34090e-19
16155.00000	1.94792e-19	2.34933e-19
16156.70000	-1.35627e-19	3.21216e-19
16158.30000	-3.44248e-19	5.18378e-19
16159.90000	-6.79619e-19	5.63497e-19
16161.50000	-2.46831e-19	4.19012e-19
16163.20000	2.96443e-19	2.48148e-19
16164.80000	2.67501e-19	2.15707e-19
16166.40000	9.38207e-20	2.13682e-19
16168.10000	1.23982e-19	2.80011e-19
16169.70000	-2.68939e-20	2.82277e-19
16171.30000	1.30098e-19	2.84369e-19
16172.90000	2.12896e-19	3.07935e-19
16174.60000	5.44724e-19	2.44598e-19
16176.20000	2.50888e-19	2.28223e-19
16177.80000	6.03966e-19	2.20225e-19
16179.50000	2.43512e-19	2.09625e-19
16181.10000	1.19658e-19	2.06535e-19
16182.70000	2.10500e-19	2.12348e-19
16184.30000	2.03869e-19	2.16761e-19
16186.00000	3.54077e-19	2.30263e-19
16187.60000	4.21002e-19	2.59699e-19
16189.20000	4.40429e-20	2.92118e-19
16190.90000	1.71960e-19	4.55952e-19
16192.50000	9.61123e-19	1.52833e-18
16194.10000	1.77535e-18	1.99161e-18
16195.70000	1.46626e-17	2.11887e-18
16197.40000	4.65117e-18	8.45603e-19
16199.00000	-8.76482e-19	3.30482e-19
16200.60000	1.39118e-18	2.47680e-19
16202.30000	-5.60809e-19	2.32147e-19
16203.90000	8.23707e-19	2.31329e-19
16205.50000	-3.13259e-19	2.53676e-19
16207.20000	2.47026e-19	3.29186e-19
16208.80000	6.01722e-19	3.88611e-19
16210.40000	6.27946e-20	4.19850e-19
16212.00000	-9.06904e-20	4.57452e-19
16213.70000	-5.92716e-20	2.72628e-19
16215.30000	1.97317e-19	2.23909e-19
16216.90000	1.97319e-19	2.25311e-19
16218.60000	-3.02774e-19	3.13090e-19
16220.20000	1.36767e-19	4.68387e-19
16221.80000	-3.81725e-19	5.41618e-19
16223.40000	-5.51254e-20	5.04195e-19
16225.10000	4.76383e-19	4.17782e-19
16226.70000	1.29923e-19	4.13950e-19
16228.30000	4.89330e-19	5.18536e-19
16230.00000	-1.03615e-18	5.95003e-19
16231.60000	1.19020e-18	8.52218e-19
16233.20000	-4.84391e-20	2.03399e-18
16234.80000	3.06658e-18	2.96385e-18
16236.50000	1.94795e-17	2.71542e-18
16238.10000	-2.66834e-19	1.30790e-18
16239.70000	1.35027e-19	4.98058e-19
16241.40000	6.16847e-19	3.04352e-19
16243.00000	9.43786e-21	3.46628e-19
16244.60000	2.33685e-19	4.91291e-19
16246.20000	-2.74941e-19	5.23618e-19
16247.90000	2.35206e-19	4.00572e-19
16249.50000	5.57667e-20	3.00826e-19
16251.10000	2.84960e-19	3.57284e-19
16252.80000	3.81276e-20	3.94525e-19
16254.40000	-2.87481e-19	3.57403e-19
16256.00000	-1.32819e-19	2.96108e-19
16257.60000	-1.36049e-19	3.03035e-19
16259.30000	2.69643e-20	3.01710e-19
16260.90000	6.71995e-20	2.75050e-19
16262.50000	2.02180e-19	2.54883e-19
16264.20000	2.93361e-19	2.60567e-19
16265.80000	1.69094e-19	2.62823e-19
16267.40000	1.48562e-21	3.22043e-19
16269.10000	4.38390e-19	4.91038e-19
16270.70000	-2.18384e-19	5.33709e-19
16272.30000	-3.80089e-19	3.90432e-19
16273.90000	-6.41439e-21	2.36688e-19
16275.60000	2.80746e-19	2.29482e-19
16277.20000	1.50564e-19	3.09196e-19
16278.80000	1.58659e-19	3.95854e-19
16280.50000	6.64959e-19	3.86078e-19
16282.10000	2.21183e-19	2.88748e-19
16283.70000	9.65125e-20	2.21429e-19
16285.30000	5.04311e-20	2.07627e-19
16287.00000	-1.58992e-19	2.15293e-19
16288.60000	-1.58318e-19	2.35750e-19
16290.20000	1.98832e-19	2.11418e-19
16291.90000	1.55046e-19	2.12925e-19
16293.50000	3.39418e-19	2.06992e-19
16295.10000	-1.93907e-19	1.97870e-19
16296.70000	-5.19148e-21	1.95416e-19
16298.40000	-3.22582e-20	2.30443e-19
16300.00000	-2.10993e-19	4.23632e-19
16301.60000	-1.84682e-19	6.58225e-19
16303.30000	-4.31034e-20	6.70479e-19
16304.90000	4.16481e-19	5.41347e-19
16306.50000	-2.70107e-19	5.34169e-19
16308.10000	-5.00423e-20	5.46221e-19
16309.80000	-1.99030e-19	4.13908e-19
16311.40000	6.16592e-20	2.77854e-19
16313.00000	6.34680e-19	3.84193e-19
16314.70000	1.68295e-19	1.02907e-18
16316.30000	5.24863e-19	1.75061e-18
16317.90000	-3.76339e-18	1.46080e-18
16319.50000	-3.97342e-18	9.20253e-19
16321.20000	1.36070e-19	3.07574e-19
16322.80000	1.65335e-19	2.16457e-19
16324.40000	4.11232e-20	2.05760e-19
16326.10000	6.60342e-20	2.01799e-19
16327.70000	6.91623e-20	2.32804e-19
16329.30000	1.19244e-19	2.12998e-19
16331.00000	1.45352e-19	1.96652e-19
16332.60000	-2.70356e-19	2.04734e-19
16334.20000	-2.60649e-19	2.15857e-19
16335.80000	5.37828e-20	2.15318e-19
16337.50000	-1.96867e-19	2.97903e-19
16339.10000	6.06285e-20	5.99878e-19
16340.70000	1.33318e-18	1.00723e-18
16342.40000	-2.33068e-19	1.03020e-18
16344.00000	-3.37977e-18	7.08515e-19
16345.60000	-2.59144e-19	4.99132e-19
16347.20000	3.67580e-19	5.61599e-19
16348.90000	-1.45061e-18	1.30770e-18
16350.50000	-3.90141e-19	2.07050e-18
16352.10000	-2.58552e-18	2.04175e-18
16353.80000	-8.82890e-18	1.23890e-18
16355.40000	1.48517e-18	5.73980e-19
16357.00000	-6.24612e-19	5.02098e-19
16358.60000	3.46768e-19	7.00308e-19
16360.30000	2.04995e-19	8.10546e-19
16361.90000	5.52838e-19	7.41763e-19
16363.50000	1.12101e-18	5.82136e-19
16365.20000	8.80909e-20	5.09096e-19
16366.80000	-1.92449e-20	4.24621e-19
16368.40000	-7.15986e-20	3.56149e-19
16370.00000	2.21097e-19	3.63048e-19
16371.70000	2.37026e-19	3.42177e-19
16373.30000	8.40516e-20	3.11404e-19
16374.90000	1.91085e-19	2.47941e-19
16376.60000	1.29986e-19	1.99920e-19
16378.20000	1.08163e-20	2.08017e-19
16379.80000	-1.24462e-19	2.20073e-19
16381.40000	2.20673e-19	2.09544e-19
16383.10000	2.84701e-21	2.30837e-19
16384.70000	1.53091e-20	3.59557e-19
16386.30000	3.32416e-19	1.05965e-18
16388.00000	3.19000e-18	1.61671e-18
16389.60000	3.69256e-18	1.48946e-18
16391.20000	-9.70934e-21	7.04058e-19
16392.90000	-2.08987e-19	3.06730e-19
16394.50000	6.69011e-19	2.77629e-19
16396.10000	-3.37731e-19	3.27679e-19
16397.70000	1.16534e-19	3.34779e-19
16399.40000	9.22764e-20	2.77584e-19
16401.00000	2.23274e-19	2.19939e-19
16402.60000	2.73622e-19	2.06577e-19
16404.30000	3.67511e-19	2.07779e-19
16405.90000	8.53154e-21	2.19124e-19
16407.50000	-8.05766e-20	2.86418e-19
16409.10000	-4.05429e-19	3.61438e-19
16410.80000	3.48864e-19	4.42806e-19
16412.40000	4.58201e-20	7.00016e-19
16414.00000	-4.85619e-19	1.10612e-18
16415.70000	-6.36521e-19	1.06143e-18
16417.30000	-3.77899e-19	5.50111e-19
16418.90000	4.09708e-19	2.57223e-19
16420.50000	6.30665e-20	2.08283e-19
16422.20000	-3.47321e-20	1.90777e-19
16423.80000	1.92329e-19	1.90205e-19
16425.40000	-4.69676e-20	1.93418e-19
16427.10000	1.35410e-19	1.94865e-19
16428.70000	1.03449e-19	2.03055e-19
16430.30000	-3.68709e-20	2.10145e-19
16431.90000	3.01327e-19	2.21316e-19
16433.60000	3.01695e-20	2.25068e-19
16435.20000	2.40058e-19	2.34581e-19
16436.80000	-5.93793e-19	3.15845e-19
16438.50000	1.18077e-18	5.70829e-19
16440.10000	2.23978e-18	1.61986e-18
16441.70000	-1.73211e-18	2.26205e-18
16443.30000	-1.33027e-17	2.01211e-18
16445.00000	-3.76003e-18	1.23060e-18
16446.60000	1.23586e-18	1.01798e-18
16448.20000	-1.93178e-18	1.00527e-18
16449.90000	-1.45390e-19	6.40629e-19
16451.50000	2.28188e-19	3.48957e-19
16453.10000	-3.97148e-19	3.15191e-19
16454.80000	2.81504e-19	3.24013e-19
16456.40000	1.87962e-19	3.42827e-19
16458.00000	1.03816e-19	3.47474e-19
16459.60000	2.73730e-19	3.15299e-19
16461.30000	-1.15857e-19	2.72011e-19
16462.90000	1.50986e-19	2.25712e-19
16464.50000	3.02706e-19	2.06171e-19
16466.20000	6.33239e-19	2.06739e-19
16467.80000	4.42451e-19	2.07988e-19
16469.40000	4.39070e-19	2.12482e-19
16471.00000	2.76092e-19	2.39107e-19
16472.70000	2.27224e-19	4.25224e-19
16474.30000	-3.35897e-19	9.86575e-19
16475.90000	3.11377e-19	1.45957e-18
16477.60000	1.33228e-18	1.85981e-18
16479.20000	-7.17295e-19	1.78668e-18
16480.80000	1.46766e-18	1.16072e-18
16482.40000	7.08750e-19	4.66337e-19
16484.10000	8.01612e-20	2.77857e-19
16485.70000	3.83651e-19	2.25754e-19
16487.30000	1.35584e-19	2.04950e-19
16489.00000	5.91446e-19	2.03068e-19
16490.60000	3.49829e-19	2.03278e-19
16492.20000	-2.25788e-20	2.02764e-19
16493.80000	-7.82205e-20	2.09226e-19
16495.50000	3.46450e-19	2.25329e-19
16497.10000	4.24822e-19	2.60855e-19
16498.70000	3.39391e-19	4.68277e-19
16500.40000	-4.56624e-19	1.68291e-18
16502.00000	-3.00975e-18	2.41594e-18
16503.60000	-9.44606e-18	2.10934e-18
16505.20000	-5.26519e-18	7.73185e-19
16506.90000	1.54935e-18	3.17383e-19
16508.50000	-5.95761e-19	2.55730e-19
16510.10000	3.61501e-19	2.29031e-19
16511.80000	1.21970e-19	2.00947e-19
16513.40000	-1.09190e-19	1.94768e-19
16515.00000	1.30574e-19	1.92841e-19
16516.70000	-2.02613e-19	1.93716e-19
16518.30000	-1.01715e-19	1.99876e-19
16519.90000	-1.34196e-19	2.02107e-19
16521.50000	5.25233e-20	1.98801e-19
16523.20000	-1.53432e-19	1.95086e-19
16524.80000	4.08071e-19	2.14887e-19
16526.40000	2.65789e-19	3.01238e-19
16528.10000	-1.11415e-19	3.73352e-19
16529.70000	-1.28332e-19	4.05663e-19
16531.30000	1.86766e-19	3.73702e-19
16532.90000	-9.20815e-21	2.91467e-19
16534.60000	1.10334e-19	2.22974e-19
16536.20000	2.78348e-19	2.38360e-19
16537.80000	2.84813e-19	3.34330e-19
16539.50000	3.06142e-19	3.66524e-19
16541.10000	3.26095e-19	3.52670e-19
16542.70000	-9.91412e-21	3.30518e-19
16544.30000	5.59516e-20	3.02750e-19
16546.00000	-1.81927e-19	2.35942e-19
16547.60000	1.01978e-21	2.04923e-19
16549.20000	1.06157e-19	2.37240e-19
16550.90000	9.86977e-19	4.83422e-19
16552.50000	1.25756e-19	1.27169e-18
16554.10000	-1.78041e-18	1.48698e-18
16555.70000	2.68151e-18	9.26609e-19
16557.40000	1.66917e-19	4.39069e-19
16559.00000	-3.41653e-19	3.28843e-19
16560.60000	1.29943e-19	2.87878e-19
16562.30000	-1.53245e-19	2.15375e-19
16563.90000	-1.92957e-20	1.87046e-19
16565.50000	3.85276e-19	1.84046e-19
16567.20000	2.50354e-19	1.83958e-19
16568.80000	-2.59662e-19	1.81534e-19
16570.40000	2.62163e-19	1.79428e-19
16572.00000	2.28598e-19	1.75592e-19
16573.70000	1.41202e-19	1.76232e-19
16575.30000	1.44545e-19	1.80078e-19
16576.90000	1.60641e-19	1.79216e-19
16578.60000	2.70395e-19	1.80028e-19
16580.20000	2.79582e-19	1.81726e-19
16581.80000	1.06352e-19	1.98529e-19
16583.40000	1.11857e-19	3.48859e-19
16585.10000	4.46143e-19	6.16067e-19
16586.70000	6.40928e-19	6.19182e-19
16588.30000	5.72112e-19	4.34299e-19
16590.00000	4.21952e-20	2.43231e-19
16591.60000	-4.28788e-20	2.18109e-19
16593.20000	-6.12154e-21	2.04914e-19
16594.80000	-7.65919e-20	1.95117e-19
16596.50000	4.73247e-20	1.93404e-19
16598.10000	1.47011e-19	1.82091e-19
16599.70000	-1.46542e-19	1.76727e-19
16601.40000	-1.88381e-20	2.00623e-19
16603.00000	8.60273e-20	2.27372e-19
16604.60000	3.08676e-19	1.96941e-19
16606.20000	1.96778e-19	2.34961e-19
16607.90000	-8.08265e-20	4.14681e-19
16609.50000	-3.53569e-19	6.62349e-19
16611.10000	3.53177e-19	7.48863e-19
16612.80000	4.47604e-19	6.52914e-19
16614.40000	5.48524e-19	3.60974e-19
16616.00000	2.59916e-19	1.98301e-19
16617.60000	1.58675e-19	1.72550e-19
16619.30000	1.43698e-19	1.70490e-19
16620.90000	7.58276e-20	1.79045e-19
16622.50000	-2.10194e-20	1.74339e-19
16624.20000	2.15578e-20	1.71928e-19
16625.80000	2.40872e-20	1.72724e-19
16627.40000	4.10577e-20	1.78892e-19
16629.10000	1.63536e-19	1.80757e-19
16630.70000	3.17365e-19	1.79221e-19
16632.30000	2.56434e-19	1.80070e-19
16633.90000	1.08568e-19	1.84860e-19
16635.60000	1.51970e-19	1.96827e-19
16637.20000	3.13696e-19	2.06481e-19
16638.80000	3.98378e-20	2.00488e-19
16640.50000	-2.51332e-19	1.86883e-19
16642.10000	-2.26271e-19	1.75176e-19
16643.70000	-1.05356e-19	1.72770e-19
16645.30000	-1.05899e-19	1.75415e-19
16647.00000	1.48037e-19	1.75900e-19
16648.60000	1.84712e-19	1.77498e-19
16650.20000	4.25229e-20	1.86758e-19
16651.90000	5.11235e-20	2.18955e-19
16653.50000	1.73320e-19	2.63170e-19
16655.10000	6.98738e-21	2.70373e-19
16656.70000	1.97631e-20	2.61623e-19
16658.40000	3.71071e-20	2.97200e-19
16660.00000	-4.74428e-19	3.44381e-19
16661.60000	-4.59825e-19	3.05977e-19
16663.30000	-2.32189e-20	2.37535e-19
16664.90000	-2.93494e-19	2.41596e-19
16666.50000	4.13143e-22	2.55642e-19
16668.10000	1.29497e-19	2.30005e-19
16669.80000	2.09665e-19	1.92767e-19
16671.40000	1.05528e-19	1.79671e-19
16673.00000	4.35159e-20	1.80828e-19
16674.70000	-5.57248e-20	1.82876e-19
16676.30000	1.21144e-19	1.91489e-19
16677.90000	2.52533e-19	1.93754e-19
16679.50000	9.14314e-20	1.98875e-19
16681.20000	5.55712e-19	2.10589e-19
16682.80000	-1.35852e-19	2.30574e-19
16684.40000	1.28018e-18	2.85939e-19
16686.10000	-1.67318e-18	5.21668e-19
16687.70000	1.72049e-18	1.15769e-18
16689.30000	-1.04219e-18	2.01574e-18
16691.00000	-5.93689e-19	3.66560e-18
16692.60000	1.44466e-17	4.03667e-18
16694.20000	-1.81447e-17	2.76194e-18
16695.80000	-2.17022e-18	8.40609e-19
16697.50000	1.90819e-21	3.81703e-19
16699.10000	-1.05376e-18	3.87080e-19
16700.70000	9.32628e-19	5.83664e-19
16702.40000	-8.93079e-19	8.58519e-19
16704.00000	4.32058e-20	6.84037e-19
16705.60000	1.55359e-19	9.01845e-19
16707.20000	2.21669e-18	1.85190e-18
16708.90000	-7.14147e-18	2.30127e-18
16710.50000	-1.77592e-17	1.82731e-18
16712.10000	-1.23764e-18	7.09123e-19
16713.80000	4.70483e-19	3.35656e-19
16715.40000	-5.77240e-19	2.96965e-19
16717.00000	4.75986e-19	3.84095e-19
16718.60000	-4.27904e-19	4.21700e-19
16720.30000	2.51185e-19	3.76922e-19
16721.90000	-3.79693e-19	3.97064e-19
16723.50000	9.93153e-19	4.95545e-19
16725.20000	4.80892e-19	5.93684e-19
16726.80000	3.28548e-19	3.81388e-19
16728.40000	1.38693e-19	4.17922e-19
16730.00000	-1.05274e-18	8.65080e-19
16731.70000	1.09594e-18	1.28391e-18
16733.30000	1.24753e-18	1.30758e-18
16734.90000	-2.75003e-18	9.23365e-19
16736.60000	-5.54216e-19	3.97042e-19
16738.20000	3.90785e-19	2.19272e-19
16739.80000	1.34875e-19	1.92520e-19
16741.40000	2.38600e-19	1.85218e-19
16743.10000	-2.73033e-19	2.05742e-19
16744.70000	-1.83637e-19	1.98659e-19
16746.30000	1.87305e-19	1.88214e-19
16748.00000	1.84438e-19	1.95673e-19
16749.60000	-2.35808e-19	2.16524e-19
16751.20000	7.74181e-20	3.00048e-19
16752.90000	5.67489e-19	4.61311e-19
16754.50000	-2.95953e-19	5.75941e-19
16756.10000	-7.96026e-19	5.44677e-19
16757.70000	1.02728e-19	4.19865e-19
16759.40000	-1.68833e-19	4.12021e-19
16761.00000	5.16717e-19	5.41530e-19
16762.60000	5.54653e-19	6.23961e-19
16764.30000	2.75651e-19	6.19450e-19
16765.90000	4.69926e-19	5.46395e-19
16767.50000	2.70411e-19	3.47641e-19
16769.10000	-3.84705e-20	2.04138e-19
16770.80000	-6.61848e-20	1.81312e-19
16772.40000	2.19111e-19	1.86563e-19
16774.00000	-8.55266e-22	1.98551e-19
16775.70000	-3.42345e-20	1.84942e-19
16777.30000	1.94157e-19	1.78311e-19
16778.90000	1.66181e-19	1.75329e-19
16780.50000	6.39416e-20	1.73848e-19
16782.20000	4.50422e-19	1.74033e-19
16783.80000	4.34823e-19	1.77250e-19
16785.40000	2.51383e-19	1.79643e-19
16787.10000	2.07236e-19	1.78989e-19
16788.70000	-5.84463e-20	1.78535e-19
16790.30000	7.81560e-20	1.83288e-19
16791.90000	2.42623e-19	2.07455e-19
16793.60000	4.63050e-19	2.27687e-19
16795.20000	4.34733e-19	2.24611e-19
16796.80000	4.66417e-19	2.62127e-19
16798.50000	1.08227e-18	3.29669e-19
16800.10000	4.42545e-19	3.46055e-19
16801.70000	8.38080e-19	2.95451e-19
16803.30000	3.69802e-19	3.09111e-19
16805.00000	7.12097e-19	3.28774e-19
16806.60000	7.68156e-20	2.89006e-19
16808.20000	-5.27169e-20	2.29908e-19
16809.90000	1.15885e-19	1.87121e-19
16811.50000	2.27314e-19	1.84866e-19
16813.10000	1.57452e-19	1.82314e-19
16814.80000	5.11359e-19	1.83950e-19
16816.40000	2.50619e-19	1.83528e-19
16818.00000	-5.69982e-22	1.88632e-19
16819.60000	1.24876e-19	1.89804e-19
16821.30000	5.14426e-21	1.89893e-19
16822.90000	-7.36356e-20	1.87904e-19
16824.50000	3.21134e-19	1.87914e-19
16826.20000	2.41024e-19	1.86451e-19
16827.80000	5.00692e-19	1.86131e-19
16829.40000	6.41085e-20	1.85326e-19
16831.00000	3.35469e-20	1.87553e-19
16832.70000	2.04033e-19	1.93880e-19
16834.30000	-2.97873e-19	2.07193e-19
16835.90000	5.58066e-19	2.55457e-19
16837.60000	-1.03813e-19	5.98979e-19
16839.20000	6.63320e-19	1.56205e-18
16840.80000	-1.14547e-18	1.75421e-18
16842.40000	-4.65417e-18	1.14409e-18
16844.10000	1.28903e-18	4.40979e-19
16845.70000	-1.57161e-19	2.64409e-19
16847.30000	4.77393e-19	2.17961e-19
16849.00000	-1.66216e-20	1.93342e-19
16850.60000	9.97461e-20	2.62197e-19
16852.20000	2.85657e-19	2.49133e-19
16853.80000	2.44627e-20	2.59759e-19
16855.50000	1.52411e-19	1.95863e-19
16857.10000	9.79765e-20	1.82774e-19
16858.70000	-4.86669e-20	1.78226e-19
16860.40000	-4.88403e-20	1.78349e-19
16862.00000	3.12785e-20	1.79620e-19
16863.60000	1.99004e-19	1.79201e-19
16865.20000	1.45542e-19	1.77307e-19
16866.90000	4.57378e-19	1.78977e-19
16868.50000	2.65990e-19	2.03422e-19
16870.10000	1.69951e-19	2.57684e-19
16871.80000	1.44418e-19	2.68388e-19
16873.40000	6.65976e-20	2.51710e-19
16875.00000	1.97113e-19	2.86698e-19
16876.70000	5.42854e-19	3.20696e-19
16878.30000	-1.15277e-19	2.91968e-19
16879.90000	1.69247e-19	2.29687e-19
16881.50000	1.72120e-19	2.43062e-19
16883.20000	7.76423e-20	2.64856e-19
16884.80000	1.24767e-19	2.52004e-19
16886.40000	2.82410e-19	2.60299e-19
16888.10000	-6.48008e-20	3.56576e-19
16889.70000	-1.13735e-19	4.25433e-19
16891.30000	1.61968e-21	3.85082e-19
16892.90000	2.19650e-19	2.86067e-19
16894.60000	5.34211e-19	2.65227e-19
16896.20000	-3.35497e-19	3.25941e-19
16897.80000	3.49339e-20	4.15857e-19
16899.50000	-1.04124e-18	5.81802e-19
16901.10000	4.45190e-19	1.69902e-18
16902.70000	-5.29518e-18	3.37942e-18
16904.30000	-2.92032e-17	3.37994e-18
16906.00000	-1.77007e-17	1.95138e-18
16907.60000	3.39724e-18	8.41072e-19
16909.20000	-1.06272e-18	5.91222e-19
16910.90000	9.63985e-19	4.80913e-19
16912.50000	-2.16063e-19	3.89379e-19
16914.10000	-1.68011e-20	3.32288e-19
16915.70000	3.80100e-19	2.77157e-19
16917.40000	-3.07699e-19	2.12736e-19
16919.00000	2.63149e-19	1.93737e-19
16920.60000	1.57488e-19	1.87796e-19
16922.30000	4.91384e-19	1.83721e-19
16923.90000	1.18468e-19	1.90521e-19
16925.50000	9.81420e-20	1.98379e-19
16927.20000	1.55258e-19	1.97118e-19
16928.80000	-7.32919e-20	1.87180e-19
16930.40000	-2.48536e-19	1.87116e-19
16932.00000	9.17358e-20	1.95726e-19
16933.70000	1.42428e-19	1.81358e-19
16935.30000	1.07633e-19	1.75279e-19
16936.90000	2.47668e-19	1.75006e-19
16938.60000	3.05063e-19	1.77569e-19
16940.20000	-2.06487e-19	1.79985e-19
16941.80000	3.03904e-19	1.87356e-19
16943.40000	9.12597e-20	2.19929e-19
16945.10000	6.74117e-20	2.45073e-19
16946.70000	9.42849e-20	2.40002e-19
16948.30000	1.16480e-19	2.24803e-19
16950.00000	9.93433e-20	2.50276e-19
16951.60000	-2.57073e-19	4.76765e-19
16953.20000	-1.41587e-18	1.70114e-18
16954.80000	2.45431e-18	2.25957e-18
16956.50000	9.66181e-18	1.71860e-18
16958.10000	1.09803e-18	6.95617e-19
16959.70000	1.26212e-18	3.14520e-19
16961.40000	1.76092e-18	2.17852e-19
16963.00000	1.35822e-18	1.94361e-19
16964.60000	1.99077e-18	1.86344e-19
16966.20000	9.61721e-19	1.84307e-19
16967.90000	1.06939e-18	1.83750e-19
16969.50000	3.91085e-19	1.81472e-19
16971.10000	2.22579e-19	1.96217e-19
16972.80000	1.50281e-19	2.00167e-19
16974.40000	1.05429e-19	1.84004e-19
16976.00000	2.68634e-19	1.83618e-19
16977.60000	2.84959e-19	1.83247e-19
16979.30000	3.91221e-19	1.80311e-19
16980.90000	2.25588e-19	1.99402e-19
16982.50000	3.15071e-20	2.28846e-19
16984.20000	-2.13765e-20	2.38433e-19
16985.80000	1.48494e-19	2.28564e-19
16987.40000	1.63694e-20	2.50273e-19
16989.10000	2.23900e-19	2.82662e-19
16990.70000	2.79510e-19	2.73333e-19
16992.30000	3.63431e-19	2.63358e-19
16993.90000	3.34877e-19	2.31675e-19
16995.60000	1.88064e-19	2.16162e-19
16997.20000	2.32824e-19	2.24891e-19
16998.80000	3.72658e-19	2.30399e-19
17000.50000	3.89624e-19	2.41676e-19
17002.10000	5.01109e-19	2.69362e-19
17003.70000	-4.17806e-19	3.51199e-19
17005.30000	-1.78380e-19	8.28967e-19
17007.00000	-1.42833e-18	2.73127e-18
17008.60000	-1.25964e-18	3.62125e-18
17010.20000	-1.48415e-17	2.83591e-18
17011.90000	-2.75585e-18	1.15762e-18
17013.50000	1.77533e-18	5.77058e-19
17015.10000	-2.95345e-19	4.07063e-19
17016.70000	9.31020e-20	2.60561e-19
17018.40000	1.22349e-19	2.09044e-19
17020.00000	2.72558e-19	2.07398e-19
17021.60000	3.47113e-19	1.99864e-19
17023.30000	8.53367e-20	1.87783e-19
17024.90000	-1.36387e-19	1.83270e-19
17026.50000	7.37305e-20	1.81644e-19
17028.10000	1.97084e-19	1.86413e-19
17029.80000	1.75352e-19	2.01093e-19
17031.40000	3.09929e-20	2.05679e-19
17033.00000	-1.59251e-19	2.01021e-19
17034.70000	-1.01689e-19	1.95553e-19
17036.30000	1.19428e-19	1.95085e-19
17037.90000	1.04759e-19	1.89963e-19
17039.50000	1.24398e-19	1.87949e-19
17041.20000	5.58792e-20	1.84266e-19
17042.80000	1.57976e-19	2.01540e-19
17044.40000	2.20139e-19	1.93444e-19
17046.10000	1.81454e-19	1.88200e-19
17047.70000	3.35165e-19	2.19663e-19
17049.30000	6.70652e-20	2.44919e-19
17051.00000	-7.87800e-21	2.53277e-19
17052.60000	-9.66486e-20	3.00594e-19
17054.20000	-1.22868e-19	4.20026e-19
17055.80000	-6.35499e-20	6.11344e-19
17057.50000	3.84538e-19	6.48428e-19
17059.10000	-1.02138e-19	3.83954e-19
17060.70000	7.24585e-20	2.25912e-19
17062.40000	1.82121e-19	1.85968e-19
17064.00000	2.09075e-19	1.81943e-19
17065.60000	7.48329e-20	1.85264e-19
17067.20000	4.31018e-19	2.10624e-19
17068.90000	-5.62006e-20	3.08216e-19
17070.50000	-3.25540e-19	3.91107e-19
17072.10000	-3.60560e-19	4.23841e-19
17073.80000	6.97518e-19	4.43201e-19
17075.40000	9.43209e-19	7.21895e-19
17077.00000	5.59925e-19	1.68303e-18
17078.60000	1.69642e-18	1.96845e-18
17080.30000	4.70032e-18	1.27384e-18
17081.90000	-5.46114e-19	4.72384e-19
17083.50000	-3.68799e-21	2.64535e-19
17085.20000	2.13630e-19	2.21659e-19
17086.80000	1.56033e-19	2.09622e-19
17088.40000	4.23991e-19	1.99198e-19
17090.00000	-1.02158e-19	1.88880e-19
17091.70000	1.66166e-19	1.88781e-19
17093.30000	2.23410e-19	1.99270e-19
17094.90000	3.84547e-20	2.12698e-19
17096.60000	2.15170e-19	2.33312e-19
17098.20000	1.34661e-19	2.84535e-19
17099.80000	3.33837e-20	3.41958e-19
17101.40000	-1.03529e-19	3.65052e-19
17103.10000	2.13471e-20	3.97510e-19
17104.70000	1.14859e-19	4.00425e-19
17106.30000	3.80855e-19	3.71020e-19
17108.00000	2.72846e-19	3.56003e-19
17109.60000	2.60820e-19	3.62335e-19
17111.20000	-1.84536e-19	3.26242e-19
17112.90000	2.61072e-19	3.12607e-19
17114.50000	-3.38921e-19	3.19285e-19
17116.10000	4.79178e-19	3.08971e-19
17117.70000	-4.73957e-19	3.11015e-19
17119.40000	1.46842e-18	4.74468e-19
17121.00000	-1.72150e-18	1.34091e-18
17122.60000	1.14160e-18	2.67761e-18
17124.30000	1.39994e-17	2.83989e-18
17125.90000	1.64305e-17	1.74804e-18
17127.50000	-1.70585e-18	6.23103e-19
17129.10000	6.71552e-19	3.12014e-19
17130.80000	3.44111e-19	2.30299e-19
17132.40000	-2.30161e-19	2.01110e-19
17134.00000	6.63552e-19	1.89074e-19
17135.70000	-2.57302e-20	1.80149e-19
17137.30000	4.07012e-19	1.75945e-19
17138.90000	2.53268e-19	1.74141e-19
17140.50000	2.69098e-19	1.74778e-19
17142.20000	-1.38320e-19	1.76637e-19
17143.80000	-3.03492e-20	1.82762e-19
17145.40000	3.27144e-19	1.84310e-19
17147.10000	1.23994e-19	1.79460e-19
17148.70000	3.47888e-20	1.72978e-19
17150.30000	-8.46202e-21	1.67340e-19
17151.90000	9.58631e-20	1.65182e-19
17153.60000	8.36887e-20	1.66170e-19
17155.20000	5.85700e-20	1.69652e-19
17156.80000	2.78597e-19	1.71425e-19
17158.50000	2.67708e-19	1.71981e-19
17160.10000	3.09071e-20	1.71815e-19
17161.70000	3.05967e-20	1.83066e-19
17163.30000	3.33846e-19	2.07998e-19
17165.00000	2.85213e-19	2.19883e-19
17166.60000	-4.00285e-20	2.16066e-19
17168.20000	1.19083e-19	3.27200e-19
17169.90000	6.17292e-20	4.33116e-19
17171.50000	-7.33582e-20	4.16192e-19
17173.10000	2.24950e-19	5.10092e-19
17174.80000	-4.29834e-19	5.78522e-19
17176.40000	4.01107e-19	5.18686e-19
17178.00000	1.25944e-19	4.10237e-19
17179.60000	3.97357e-19	3.58700e-19
17181.30000	1.55361e-19	3.12543e-19
17182.90000	5.05535e-20	2.20812e-19
17184.50000	3.30835e-19	1.95105e-19
17186.20000	5.40491e-19	2.94904e-19
17187.80000	2.33370e-19	4.90537e-19
17189.40000	7.45909e-20	5.30634e-19
17191.00000	-3.36895e-19	3.88217e-19
17192.70000	3.28076e-20	2.58882e-19
17194.30000	6.68121e-19	2.98369e-19
17195.90000	7.49989e-20	3.47145e-19
17197.60000	2.53284e-19	3.14677e-19
17199.20000	1.13046e-20	2.19931e-19
17200.80000	-6.09874e-20	1.87352e-19
17202.40000	2.13776e-19	1.86795e-19
17204.10000	-2.00484e-19	1.93848e-19
17205.70000	-3.22526e-20	2.32094e-19
17207.30000	-6.47234e-19	5.47451e-19
17209.00000	9.22001e-19	1.32500e-18
17210.60000	9.20584e-19	1.55519e-18
17212.20000	-9.00071e-19	1.22187e-18
17213.80000	-1.13084e-18	7.22643e-19
17215.50000	4.07128e-19	5.50224e-19
17217.10000	-4.35870e-19	3.88060e-19
17218.70000	2.89861e-19	2.77801e-19
17220.40000	1.49504e-19	3.43483e-19
17222.00000	1.45894e-20	3.88446e-19
17223.60000	-4.03823e-20	3.25420e-19
17225.20000	-1.94259e-19	2.11211e-19
17226.90000	-5.02157e-20	2.09873e-19
17228.50000	4.09226e-19	2.95583e-19
17230.10000	-5.71775e-19	3.67743e-19
17231.80000	-2.27165e-19	3.78581e-19
17233.40000	1.69107e-19	3.15203e-19
17235.00000	9.14268e-21	2.34027e-19
17236.70000	3.13283e-19	1.93529e-19
17238.30000	2.88472e-19	2.01404e-19
17239.90000	1.68011e-19	2.91984e-19
17241.50000	6.19652e-19	5.76482e-19
17243.20000	5.77299e-19	7.63777e-19
17244.80000	1.64026e-18	9.39910e-19
17246.40000	2.80023e-19	1.56484e-18
17248.10000	1.44576e-18	2.15608e-18
17249.70000	7.55801e-18	1.99090e-18
17251.30000	4.01377e-19	1.07527e-18
17252.90000	-5.51795e-19	4.55692e-19
17254.60000	1.60941e-19	3.70001e-19
17256.20000	2.03249e-21	5.02917e-19
17257.80000	2.68040e-19	5.56172e-19
17259.50000	2.62314e-19	4.20648e-19
17261.10000	8.28948e-20	2.41368e-19
17262.70000	1.57484e-19	1.92745e-19
17264.30000	3.00895e-19	1.82118e-19
17266.00000	1.50449e-20	1.80385e-19
17267.60000	2.02423e-19	1.80653e-19
17269.20000	3.03793e-19	1.84779e-19
17270.90000	3.25794e-19	2.06195e-19
17272.50000	2.49413e-19	3.11682e-19
17274.10000	-1.79889e-19	4.56923e-19
17275.70000	2.37288e-19	4.71254e-19
17277.40000	-1.57974e-19	3.47914e-19
17279.00000	1.15795e-19	3.12604e-19
17280.60000	-4.36256e-19	6.27160e-19
17282.30000	-1.60597e-19	9.84482e-19
17283.90000	1.51817e-18	9.40424e-19
17285.50000	4.47308e-19	5.53285e-19
17287.20000	-1.89243e-19	3.72863e-19
17288.80000	-8.64889e-20	3.16918e-19
17290.40000	4.36404e-20	2.40006e-19
17292.00000	2.52315e-19	1.97077e-19
17293.70000	1.04639e-19	1.85227e-19
17295.30000	6.72210e-20	1.80558e-19
17296.90000	-5.14442e-20	1.81209e-19
17298.60000	-1.05456e-19	1.92968e-19
17300.20000	-1.04077e-19	2.94704e-19
17301.80000	7.60817e-19	6.30640e-19
17303.40000	4.21342e-19	7.52661e-19
17305.10000	3.96683e-19	5.72554e-19
17306.70000	5.79803e-19	2.92793e-19
17308.30000	2.02866e-19	2.14068e-19
17310.00000	-1.72290e-19	2.28877e-19
17311.60000	-6.28356e-20	3.41749e-19
17313.20000	-1.10463e-19	3.21602e-19
17314.80000	2.93853e-19	3.07582e-19
17316.50000	2.59607e-19	2.89367e-19
17318.10000	-5.41774e-20	3.24613e-19
17319.70000	-7.24739e-20	3.75885e-19
17321.40000	1.21029e-19	3.52740e-19
17323.00000	-2.75834e-20	2.82966e-19
17324.60000	2.36984e-19	2.72195e-19
17326.20000	3.43986e-21	3.45723e-19
17327.90000	-6.85643e-19	6.38485e-19
17329.50000	5.27737e-19	1.39792e-18
17331.10000	-2.99345e-18	1.57169e-18
17332.80000	-4.12034e-18	1.09880e-18
17334.40000	-1.30646e-19	5.17070e-19
17336.00000	4.84766e-20	3.40679e-19
17337.60000	1.72434e-19	2.94105e-19
17339.30000	1.26205e-19	3.39882e-19
17340.90000	1.99320e-19	3.59930e-19
17342.50000	3.22366e-19	3.59052e-19
17344.20000	7.76441e-20	3.28468e-19
17345.80000	1.40059e-19	2.88469e-19
17347.40000	9.74939e-20	3.42373e-19
17349.10000	-4.27652e-19	7.18082e-19
17350.70000	2.37861e-19	1.03518e-18
17352.30000	1.34693e-18	9.62071e-19
17353.90000	4.11700e-19	6.11515e-19
17355.60000	2.74678e-20	4.79247e-19
17357.20000	3.44725e-19	7.01209e-19
17358.80000	5.35348e-19	1.06032e-18
17360.50000	1.35024e-18	1.04460e-18
17362.10000	1.13982e-19	5.79437e-19
17363.70000	-2.87913e-19	2.89085e-19
17365.30000	4.42537e-19	2.17112e-19
17367.00000	1.01510e-19	2.00091e-19
17368.60000	-4.35926e-20	1.99811e-19
17370.20000	2.23422e-19	2.05692e-19
17371.90000	4.57245e-19	2.05034e-19
17373.50000	3.93930e-19	2.00002e-19
17375.10000	1.81821e-19	1.99210e-19
17376.70000	5.78291e-20	2.06280e-19
17378.40000	-6.12542e-19	2.39195e-19
17380.00000	2.66241e-19	4.50515e-19
17381.60000	-2.29850e-19	1.00853e-18
17383.30000	-2.64525e-19	1.53850e-18
17384.90000	-1.14238e-19	2.28395e-18
17386.50000	-2.07875e-18	2.31424e-18
17388.10000	7.44558e-18	1.77376e-18
17389.80000	2.08068e-18	8.03009e-19
17391.40000	1.82809e-19	3.93048e-19
17393.00000	2.84683e-19	2.47170e-19
17394.70000	3.76513e-20	2.12308e-19
17396.30000	-9.91451e-20	1.99675e-19
17397.90000	8.93482e-20	1.98978e-19
17399.50000	5.75727e-20	1.96592e-19
17401.20000	-1.35862e-19	2.10484e-19
17402.80000	1.70364e-19	2.66631e-19
17404.40000	1.12034e-19	3.24754e-19
17406.10000	-1.17637e-19	3.23722e-19
17407.70000	2.99136e-19	3.08210e-19
17409.30000	1.07282e-19	2.07596e-19
17411.00000	-2.06299e-19	1.90605e-19
17412.60000	1.30062e-19	2.18846e-19
17414.20000	3.71717e-20	3.25721e-19
17415.80000	3.25110e-19	3.88561e-19
17417.50000	7.91153e-19	4.28944e-19
17419.10000	6.96470e-19	3.75596e-19
17420.70000	4.68160e-19	2.77275e-19
17422.40000	-8.67555e-20	2.51462e-19
17424.00000	-1.71618e-19	5.04138e-19
17425.60000	4.91440e-19	1.23045e-18
17427.20000	1.13461e-18	1.42216e-18
17428.90000	8.76598e-19	1.06113e-18
17430.50000	7.52767e-19	5.51695e-19
17432.10000	-1.42589e-19	4.12475e-19
17433.80000	3.47384e-19	3.56924e-19
17435.40000	2.67082e-19	2.57364e-19
17437.00000	3.34241e-19	1.98726e-19
17438.60000	2.78170e-19	1.91244e-19
17440.30000	2.09958e-19	1.91498e-19
17441.90000	1.94467e-19	2.04018e-19
17443.50000	-5.74580e-20	2.36484e-19
17445.20000	-2.38980e-20	3.07212e-19
17446.80000	-2.03963e-19	7.43472e-19
17448.40000	1.23516e-19	2.12285e-18
17450.00000	4.29732e-18	2.28762e-18
17451.70000	1.37837e-17	1.69442e-18
17453.30000	1.35042e-18	7.12098e-19
17454.90000	-1.71100e-18	3.92682e-19
17456.60000	9.55152e-19	2.67019e-19
17458.20000	-5.88875e-19	2.14312e-19
17459.80000	4.84503e-19	1.98505e-19
17461.40000	-2.31783e-19	1.92083e-19
17463.10000	2.86383e-19	2.12585e-19
17464.70000	-3.40038e-20	1.87990e-19
17466.30000	9.67653e-20	1.93888e-19
17468.00000	-2.15704e-19	1.98006e-19
17469.60000	2.28059e-20	1.97606e-19
17471.20000	2.79803e-19	1.95288e-19
17472.90000	1.81401e-19	1.93839e-19
17474.50000	3.02090e-19	1.97284e-19
17476.10000	2.86371e-19	2.27009e-19
17477.70000	-2.05121e-19	2.62757e-19
17479.40000	6.55286e-22	2.75949e-19
17481.00000	-4.00183e-19	2.87830e-19
17482.60000	2.22578e-19	3.11361e-19
17484.30000	2.22758e-19	3.07730e-19
17485.90000	-3.75718e-19	2.56063e-19
17487.50000	-7.59198e-20	2.04031e-19
17489.10000	-3.20640e-19	2.00556e-19
17490.80000	1.19182e-19	1.97642e-19
17492.40000	7.45164e-20	1.86840e-19
17494.00000	1.52457e-19	1.84276e-19
17495.70000	2.25971e-19	1.87871e-19
17497.30000	2.25440e-19	2.37900e-19
17498.90000	4.04992e-19	4.65237e-19
17500.50000	4.39022e-19	6.70118e-19
17502.20000	-8.56451e-19	7.42065e-19
17503.80000	-5.80733e-19	1.05620e-18
17505.40000	1.73185e-18	1.37383e-18
17507.10000	-8.58152e-19	1.20304e-18
17508.70000	3.53576e-19	5.67741e-19
17510.30000	-1.20261e-19	2.99955e-19
17511.90000	3.82729e-20	2.24568e-19
17513.60000	-1.15204e-19	2.01284e-19
17515.20000	-3.27143e-20	1.92441e-19
17516.80000	1.85775e-20	1.88609e-19
17518.50000	2.44182e-19	1.88637e-19
17520.10000	2.21648e-19	1.85651e-19
17521.70000	4.20509e-19	1.83748e-19
17523.30000	1.11215e-19	1.92483e-19
17525.00000	-3.37322e-19	2.67708e-19
17526.60000	2.69002e-19	5.54915e-19
17528.20000	3.36833e-19	7.83932e-19
17529.90000	9.61923e-20	8.14750e-19
17531.50000	-2.69951e-19	6.24032e-19
17533.10000	4.58203e-19	3.76791e-19
17534.80000	-1.92759e-19	3.11528e-19
17536.40000	-1.16558e-19	3.29455e-19
17538.00000	2.12599e-19	2.98656e-19
17539.60000	-9.37112e-20	2.77021e-19
17541.30000	-7.48436e-21	3.29385e-19
17542.90000	2.30882e-19	3.85253e-19
17544.50000	2.69754e-19	3.49419e-19
17546.20000	1.75169e-19	3.02716e-19
17547.80000	-2.04606e-19	2.76484e-19
17549.40000	-1.51678e-19	3.04324e-19
17551.00000	5.89190e-20	3.10459e-19
17552.70000	1.09946e-19	2.46862e-19
17554.30000	-4.74062e-20	1.95339e-19
17555.90000	-7.43862e-20	1.91167e-19
17557.60000	9.68669e-20	1.78660e-19
17559.20000	-6.46659e-20	1.70952e-19
17560.80000	4.71156e-20	1.78768e-19
17562.40000	3.19922e-19	1.90337e-19
17564.10000	2.37118e-19	2.19223e-19
17565.70000	1.52360e-19	2.43370e-19
17567.30000	2.00193e-19	2.46301e-19
17569.00000	1.34196e-19	2.28018e-19
17570.60000	6.44948e-20	2.08818e-19
17572.20000	3.24770e-20	1.96062e-19
17573.80000	1.27677e-19	1.92458e-19
17575.50000	-1.51167e-19	1.90443e-19
17577.10000	-9.97455e-20	2.09318e-19
17578.70000	8.00965e-20	1.94581e-19
17580.40000	3.65056e-19	1.82746e-19
17582.00000	1.45609e-19	1.91870e-19
17583.60000	1.40682e-20	1.91378e-19
17585.20000	8.58288e-20	1.94639e-19
17586.90000	3.28084e-19	2.12885e-19
17588.50000	6.41849e-19	2.34979e-19
17590.10000	2.63124e-19	2.51772e-19
17591.80000	3.39584e-19	2.53591e-19
17593.40000	2.74799e-19	2.64232e-19
17595.00000	-3.92534e-20	2.84407e-19
17596.70000	1.08058e-19	2.74814e-19
17598.30000	3.33327e-19	2.34254e-19
17599.90000	2.55968e-19	2.07483e-19
17601.50000	-8.43535e-20	2.20420e-19
17603.20000	-1.68042e-19	2.56232e-19
17604.80000	1.68871e-19	2.51092e-19
17606.40000	-1.87559e-19	2.09237e-19
17608.10000	-3.81067e-20	2.10187e-19
17609.70000	2.39386e-19	2.85054e-19
17611.30000	7.63786e-20	3.87040e-19
17612.90000	2.62468e-19	4.18967e-19
17614.60000	2.33785e-19	3.86202e-19
17616.20000	1.00501e-19	3.39441e-19
17617.80000	-1.41922e-19	2.50807e-19
17619.50000	1.31002e-19	2.14809e-19
17621.10000	5.86393e-19	2.74976e-19
17622.70000	4.87509e-19	4.02066e-19
17624.30000	-8.20394e-20	4.17807e-19
17626.00000	1.27987e-20	3.82608e-19
17627.60000	3.93033e-19	3.89290e-19
17629.20000	4.25589e-19	3.93701e-19
17630.90000	-7.53534e-20	2.77572e-19
17632.50000	3.31527e-20	2.13191e-19
17634.10000	-3.96628e-20	2.00147e-19
17635.70000	1.14707e-19	1.99484e-19
17637.40000	6.70200e-20	2.00904e-19
17639.00000	3.78634e-19	2.02631e-19
17640.60000	3.32609e-19	2.11541e-19
17642.30000	3.02402e-20	2.26120e-19
17643.90000	6.49548e-20	2.47936e-19
17645.50000	3.60666e-19	3.15771e-19
17647.20000	5.73486e-19	6.26018e-19
17648.80000	-5.58754e-19	1.25458e-18
17650.40000	-2.46224e-18	2.07730e-18
17652.00000	-4.16993e-18	3.62186e-18
17653.70000	-3.87503e-18	3.90810e-18
17655.30000	4.64925e-18	2.42625e-18
17656.90000	-5.22354e-20	1.07395e-18
17658.60000	2.14666e-19	7.36157e-19
17660.20000	-5.58087e-19	6.87216e-19
17661.80000	1.68793e-19	7.32275e-19
17663.40000	-2.76085e-19	8.17199e-19
17665.10000	1.29079e-19	7.49935e-19
17666.70000	1.48159e-18	6.27249e-19
17668.30000	-7.22352e-20	7.54384e-19
17670.00000	-1.90583e-18	1.71833e-18
17671.60000	9.95112e-19	2.59280e-18
17673.20000	-1.83102e-18	2.01445e-18
17674.80000	-1.06846e-18	8.44484e-19
17676.50000	3.32306e-20	4.90833e-19
17678.10000	-6.84119e-20	2.98128e-19
17679.70000	-3.38792e-19	2.43097e-19
17681.40000	3.04575e-19	3.01785e-19
17683.00000	-3.33813e-19	4.66011e-19
17684.60000	3.16836e-19	5.74284e-19
17686.20000	9.10827e-19	5.97870e-19
17687.90000	5.15737e-19	5.85846e-19
17689.50000	7.45938e-19	5.35098e-19
17691.10000	6.30460e-20	4.50005e-19
17692.80000	1.18931e-19	3.88659e-19
17694.40000	-1.72750e-20	5.02434e-19
17696.00000	-7.72494e-20	8.39307e-19
17697.60000	1.24463e-18	1.21136e-18
17699.30000	1.22509e-18	1.20331e-18
17700.90000	1.29200e-18	8.17215e-19
17702.50000	-1.75980e-19	3.96226e-19
17704.20000	-1.93604e-19	2.65065e-19
17705.80000	5.52350e-19	2.27251e-19
17707.40000	3.94672e-19	2.13517e-19
17709.10000	4.37287e-19	2.19128e-19
17710.70000	3.66649e-19	2.26943e-19
17712.30000	-1.09792e-19	2.24217e-19
17713.90000	3.15901e-20	2.05711e-19
17715.60000	-1.23895e-19	1.95705e-19
17717.20000	9.10232e-20	1.94363e-19
17718.80000	3.21694e-19	2.00707e-19
17720.50000	9.80864e-20	2.30884e-19
17722.10000	4.59380e-19	2.96633e-19
17723.70000	4.02097e-19	3.33568e-19
17725.30000	-1.78031e-19	3.04773e-19
17727.00000	-1.77342e-20	2.48590e-19
17728.60000	6.72542e-20	2.86649e-19
17730.20000	5.49490e-19	4.85213e-19
17731.90000	8.19002e-20	6.08713e-19
17733.50000	3.10582e-19	6.50404e-19
17735.10000	7.00247e-20	6.03727e-19
17736.70000	-1.78143e-19	4.74735e-19
17738.40000	2.60380e-19	2.90775e-19
17740.00000	6.19772e-20	2.29527e-19
17741.60000	-8.64734e-20	2.14540e-19
17743.30000	1.36132e-19	2.09444e-19
17744.90000	2.85407e-19	2.05800e-19
17746.50000	2.88962e-19	2.04097e-19
17748.10000	-8.38303e-20	1.98790e-19
17749.80000	1.79898e-20	1.95643e-19
17751.40000	1.11669e-19	1.96259e-19
17753.00000	3.25276e-19	1.96289e-19
17754.70000	3.27654e-19	1.97751e-19
17756.30000	9.79031e-20	1.99098e-19
17757.90000	5.57322e-20	2.08115e-19
17759.50000	4.86745e-19	2.09024e-19
17761.20000	4.26607e-19	2.05785e-19
17762.80000	1.93559e-19	2.05853e-19
17764.40000	-3.42627e-20	2.26338e-19
17766.10000	1.89540e-19	2.51941e-19
17767.70000	4.20657e-20	2.57801e-19
17769.30000	3.29748e-19	3.21296e-19
17771.00000	4.16828e-19	4.63790e-19
17772.60000	-1.41445e-20	4.14898e-19
17774.20000	-4.60996e-19	4.15613e-19
17775.80000	-5.44361e-20	4.46888e-19
17777.50000	1.50743e-19	5.87097e-19
17779.10000	2.28439e-19	5.49984e-19
17780.70000	-3.15514e-21	4.04996e-19
17782.40000	3.27649e-19	2.95531e-19
17784.00000	3.03895e-19	3.07448e-19
17785.60000	-3.75796e-19	3.61108e-19
17787.20000	-1.65751e-19	3.40446e-19
17788.90000	-8.45977e-20	2.57757e-19
17790.50000	1.54586e-20	2.19579e-19
17792.10000	4.13391e-20	2.06030e-19
17793.80000	2.77650e-19	1.97072e-19
17795.40000	1.17108e-19	1.91992e-19
17797.00000	3.31840e-19	2.13840e-19
17798.60000	1.73171e-19	2.06629e-19
17800.30000	-3.92452e-20	2.01218e-19
17801.90000	2.02849e-19	2.04503e-19
17803.50000	3.00802e-19	2.08261e-19
17805.20000	1.80518e-19	2.15015e-19
17806.80000	2.63870e-19	2.61039e-19
17808.40000	-5.85031e-19	5.56699e-19
17810.00000	2.38427e-19	1.54414e-18
17811.70000	-3.46795e-19	1.98016e-18
17813.30000	-7.36648e-19	1.32639e-18
17814.90000	1.62840e-19	5.47501e-19
17816.60000	5.30073e-20	3.87047e-19
17818.20000	-2.04673e-19	4.11468e-19
17819.80000	-1.70731e-19	4.29357e-19
17821.40000	-1.09382e-19	4.12804e-19
17823.10000	-3.51775e-21	3.85128e-19
17824.70000	4.12391e-19	3.60849e-19
17826.30000	3.51300e-19	3.36816e-19
17828.00000	2.56366e-19	4.46253e-19
17829.60000	5.53540e-19	6.28297e-19
17831.20000	-9.24017e-20	6.35009e-19
17832.90000	1.57473e-19	5.13917e-19
17834.50000	3.43660e-19	4.50157e-19
17836.10000	-2.53696e-19	4.01911e-19
17837.70000	5.45048e-20	3.02638e-19
17839.40000	1.43356e-19	2.37008e-19
17841.00000	-4.83938e-19	2.43115e-19
17842.60000	-6.18010e-19	2.90316e-19
17844.30000	-3.15060e-19	3.28556e-19
17845.90000	2.16352e-19	3.23711e-19
17847.50000	2.91028e-19	3.35374e-19
17849.10000	8.00029e-20	4.76291e-19
17850.80000	-1.98070e-19	5.79180e-19
17852.40000	2.03755e-19	5.91979e-19
17854.00000	8.34448e-19	5.18933e-19
17855.70000	4.73698e-19	4.34872e-19
17857.30000	2.83913e-19	3.44479e-19
17858.90000	2.89523e-20	3.25687e-19
17860.50000	-8.38805e-20	3.25472e-19
17862.20000	-7.45147e-21	2.89372e-19
17863.80000	7.34949e-20	2.58714e-19
17865.40000	1.32539e-19	2.43221e-19
17867.10000	2.32825e-19	2.67953e-19
17868.70000	2.69100e-19	3.02798e-19
17870.30000	1.98927e-20	2.90637e-19
17871.90000	1.50085e-19	2.92229e-19
17873.60000	2.71206e-19	3.20583e-19
17875.20000	-1.10738e-19	3.83438e-19
17876.80000	-5.70109e-19	7.76183e-19
17878.50000	6.62715e-19	2.60121e-18
17880.10000	4.25255e-18	3.72226e-18
17881.70000	-3.67555e-18	3.05396e-18
17883.30000	-2.19718e-18	1.21899e-18
17885.00000	1.27352e-19	5.99878e-19
17886.60000	-3.75386e-19	3.96297e-19
17888.20000	8.62156e-20	3.00447e-19
17889.90000	3.74846e-19	2.60032e-19
17891.50000	2.61741e-19	2.42615e-19
17893.10000	1.08396e-19	2.33433e-19
17894.80000	1.08124e-19	2.36971e-19
17896.40000	2.56413e-19	2.42031e-19
17898.00000	4.46399e-19	2.39363e-19
17899.60000	1.38878e-19	2.49180e-19
17901.30000	-2.14257e-19	2.38717e-19
17902.90000	6.88384e-20	2.64729e-19
17904.50000	-2.03494e-19	2.91732e-19
17906.20000	8.70732e-20	2.75214e-19
17907.80000	1.51164e-20	2.48265e-19
17909.40000	5.44458e-20	2.56173e-19
17911.00000	-7.94597e-20	2.64637e-19
17912.70000	1.25523e-19	2.48490e-19
17914.30000	-7.74364e-21	2.39189e-19
17915.90000	-2.10475e-19	2.39606e-19
17917.60000	-2.98020e-19	2.62173e-19
17919.20000	-1.88532e-19	2.89269e-19
17920.80000	-3.76458e-19	2.83636e-19
17922.40000	-2.48820e-19	2.60344e-19
17924.10000	7.04122e-20	2.54404e-19
17925.70000	3.05145e-19	2.56532e-19
17927.30000	1.53233e-19	2.61271e-19
17929.00000	3.01636e-19	2.63399e-19
17930.60000	3.58173e-19	2.71999e-19
17932.20000	-2.26956e-19	4.14609e-19
17933.80000	3.98680e-19	6.88104e-19
17935.50000	9.36997e-19	7.41090e-19
17937.10000	4.75483e-19	5.07966e-19
17938.70000	3.20595e-19	3.22447e-19
17940.40000	-1.11301e-19	2.74424e-19
17942.00000	-1.46361e-19	2.63934e-19
17943.60000	9.87859e-20	2.56205e-19
17945.20000	3.94125e-19	2.51859e-19
17946.90000	4.04828e-19	2.47522e-19
17948.50000	6.45004e-19	2.47654e-19
17950.10000	1.71356e-19	2.51214e-19
17951.80000	2.02819e-19	2.53595e-19
17953.40000	2.28372e-19	2.61326e-19
17955.00000	-1.17891e-19	2.67505e-19
17956.70000	4.53799e-20	2.77615e-19
17958.30000	4.77108e-20	2.86820e-19
17959.90000	1.77241e-19	2.51171e-19
17961.50000	2.72613e-19	2.50386e-19
17963.20000	4.28754e-20	2.50436e-19
17964.80000	2.65997e-19	2.52849e-19
17966.40000	3.76421e-19	2.84532e-19
17968.10000	-1.29005e-19	2.82678e-19
17969.70000	-4.19602e-19	2.79056e-19
17971.30000	7.27003e-20	2.78043e-19
17972.90000	3.41425e-19	2.84761e-19
17974.60000	-1.22959e-19	2.78336e-19
17976.20000	2.48453e-19	2.76513e-19
17977.80000	8.10467e-20	2.88335e-19
17979.50000	-1.01505e-20	2.68593e-19
17981.10000	-2.27813e-19	2.76160e-19
17982.70000	4.27351e-19	2.92493e-19
17984.30000	-1.71325e-19	3.17151e-19
17986.00000	1.48390e-19	3.45017e-19
17987.60000	-2.78111e-19	3.78349e-19
17989.20000	1.13882e-18	5.17365e-19
17990.90000	2.45582e-18	1.29527e-18
17992.50000	1.64814e-18	3.51466e-18
17994.10000	1.70940e-17	4.75312e-18
17995.70000	1.53628e-17	3.85473e-18
17997.40000	1.42112e-18	1.42290e-18
17999.00000	6.52590e-19	7.73336e-19
18000.60000	4.31132e-19	5.83406e-19
18002.30000	3.95783e-19	4.69663e-19
18003.90000	4.06585e-20	3.96611e-19
18005.50000	4.66443e-20	3.71097e-19
18007.20000	7.63187e-21	3.76969e-19
18008.80000	2.23199e-19	4.01125e-19
18010.40000	6.47305e-20	4.43985e-19
18012.00000	-7.81006e-19	5.06484e-19
18013.70000	-3.09425e-19	5.53025e-19
18015.30000	6.32504e-20	5.40601e-19
18016.90000	4.26432e-19	5.32311e-19
18018.60000	1.38158e-19	5.44031e-19
18020.20000	-1.86180e-19	5.36045e-19
18021.80000	5.90571e-19	4.73875e-19
18023.40000	9.28573e-21	5.23947e-19
18025.10000	5.19736e-19	7.06632e-19
18026.70000	9.73765e-19	7.96948e-19
18028.30000	4.93848e-19	7.38473e-19
18030.00000	-2.23415e-19	6.97548e-19
18031.60000	-3.43779e-19	7.13089e-19
18033.20000	-1.00993e-19	7.02676e-19
18034.80000	-4.60041e-19	5.94168e-19
18036.50000	4.02306e-19	5.48026e-19
18038.10000	1.13633e-19	5.73777e-19
18039.70000	3.64955e-19	5.49021e-19
18041.40000	-4.89064e-21	5.05166e-19
18043.00000	-2.66430e-19	4.84295e-19
18044.60000	-8.97713e-20	5.06305e-19
18046.20000	-8.64518e-19	5.24341e-19
18047.90000	-6.63094e-19	5.89387e-19
18049.50000	-1.53199e-19	5.58728e-19
18051.10000	5.01308e-19	4.81578e-19
18052.80000	8.23529e-19	5.18036e-19
18054.40000	5.92837e-19	6.07752e-19
18056.00000	2.87505e-19	5.88169e-19
18057.60000	-6.63570e-19	5.06829e-19
18059.30000	-3.24357e-21	5.32643e-19
18060.90000	-3.47070e-19	6.97207e-19
18062.50000	1.68786e-18	9.50708e-19
18064.20000	3.01037e-18	1.35199e-18
18065.80000	3.11200e-18	2.82259e-18
18067.40000	1.11893e-18	3.74836e-18
18069.10000	-3.03314e-18	3.06245e-18
18070.70000	-2.28810e-18	1.42492e-18
18072.30000	1.31190e-18	7.61765e-19
18073.90000	2.74457e-19	5.73019e-19
18075.60000	-8.36868e-19	5.24175e-19
18077.20000	5.55943e-20	5.02065e-19
18078.80000	3.32419e-19	3.92745e-19
18080.50000	5.79771e-20	3.61761e-19
18082.10000	-1.25157e-19	3.64069e-19
18083.70000	-5.17275e-19	3.84077e-19
18085.30000	-3.09484e-19	4.43512e-19
18087.00000	-2.62608e-19	4.82083e-19
18088.60000	-2.64911e-19	4.60236e-19
18090.20000	1.71601e-19	4.26435e-19
18091.90000	3.30943e-19	4.48849e-19
18093.50000	4.11137e-19	4.19306e-19
18095.10000	2.94134e-19	3.80642e-19
18096.70000	3.98365e-19	3.76749e-19
18098.40000	2.49549e-19	3.75864e-19
18100.00000	3.44704e-19	3.90251e-19
18101.60000	-8.86083e-20	4.38013e-19
18103.30000	-4.43887e-19	4.94703e-19
18104.90000	7.65916e-19	5.71584e-19
18106.50000	3.97550e-19	6.77021e-19
18108.10000	2.11519e-19	7.69162e-19
18109.80000	-2.58114e-19	7.87058e-19
18111.40000	5.89003e-19	7.68585e-19
18113.00000	9.31931e-19	8.09014e-19
18114.70000	1.89053e-18	1.35221e-18
18116.30000	4.12982e-18	3.72391e-18
18117.90000	3.47839e-18	5.71247e-18
18119.50000	1.76932e-18	5.67637e-18
18121.20000	-6.70907e-18	3.55703e-18
18122.80000	3.59023e-18	1.53787e-18
18124.40000	7.45250e-19	1.06858e-18
18126.10000	-4.54835e-19	1.00837e-18
18127.70000	5.73313e-19	1.00170e-18
18129.30000	3.29962e-19	1.01304e-18
18131.00000	-1.35191e-18	9.59523e-19
18132.60000	-7.34844e-19	8.39716e-19
18134.20000	5.38112e-19	7.39858e-19
18135.80000	5.71975e-19	6.92533e-19
18137.50000	-2.63403e-19	6.77244e-19
18139.10000	-4.19628e-19	6.58344e-19
18140.70000	2.91392e-19	6.14116e-19
18142.40000	3.32213e-19	5.82857e-19
18144.00000	-8.81155e-19	6.70242e-19
18145.60000	-1.19781e-18	9.88519e-19
18147.20000	-3.62673e-20	1.71536e-18
18148.90000	1.14257e-18	2.12085e-18
18150.50000	-3.77689e-19	1.75660e-18
18152.10000	2.97884e-19	1.16943e-18
18153.80000	8.68837e-19	1.10563e-18
18155.40000	-9.86518e-19	1.22588e-18
18157.00000	-1.41573e-19	1.17675e-18
18158.60000	7.86219e-19	1.02174e-18
18160.30000	3.32639e-20	9.03260e-19
18161.90000	-1.19018e-18	8.39148e-19
18163.50000	5.48418e-19	7.89751e-19
18165.20000	8.39331e-19	7.92330e-19
18166.80000	-8.23105e-19	7.94734e-19
18168.40000	-7.15586e-19	8.03562e-19
18170.00000	8.90412e-19	8.31767e-19
18171.70000	3.58400e-19	8.32273e-19
18173.30000	4.94360e-19	8.06210e-19
18174.90000	-7.78824e-20	7.82263e-19
18176.60000	3.38111e-19	7.40142e-19
18178.20000	3.06234e-19	7.39240e-19
18179.80000	-4.48024e-19	7.57763e-19
18181.40000	7.86538e-19	8.36141e-19
18183.10000	1.60246e-18	9.40805e-19
18184.70000	2.11543e-18	1.01809e-18
18186.30000	2.71765e-19	9.94178e-19
18188.00000	1.54564e-18	9.77383e-19
18189.60000	7.28917e-19	9.20168e-19
18191.20000	5.93487e-20	8.68846e-19
18192.90000	-1.16790e-18	8.04990e-19
18194.50000	-5.64812e-19	7.97000e-19
18196.10000	5.29544e-19	8.06102e-19
18197.70000	1.14266e-18	8.43250e-19
18199.40000	1.75776e-18	9.35733e-19
18201.00000	-7.28638e-19	1.19295e-18
18202.60000	-6.98469e-19	2.34541e-18
18204.30000	3.19851e-18	3.92971e-18
18205.90000	5.03243e-18	3.73652e-18
18207.50000	1.51158e-18	2.94169e-18
18209.10000	7.28465e-19	3.75437e-18
18210.80000	3.75430e-19	4.11366e-18
18212.40000	-8.95298e-19	3.32425e-18
18214.00000	-2.58341e-19	1.83843e-18
18215.70000	1.37097e-18	1.40903e-18
18217.30000	1.71200e-18	1.51534e-18
18218.90000	1.10388e-18	1.43230e-18
18220.50000	1.06984e-18	1.25330e-18
18222.20000	1.78315e-18	1.41689e-18
18223.80000	2.74377e-19	1.14338e-18
