#abell1689_z2_3.H.1464.fc.1d.esc.slc.txt
#Applied Total SLC: 1.0366020979132862
#Wavelength in (A) | Flux (erg/sec/cm2/A)| Flux Error
14500.00000	-2.52971e-17	1.77180e-17
14501.60000	1.97956e-17	1.50621e-17
14503.30000	-1.24287e-18	1.70635e-17
14504.90000	-2.15940e-17	1.86154e-17
14506.50000	2.50019e-18	1.83180e-17
14508.10000	1.35194e-17	2.06706e-17
14509.80000	2.53399e-17	1.97636e-17
14511.40000	1.83659e-17	1.68936e-17
14513.00000	-4.20597e-18	1.44332e-17
14514.70000	6.43908e-19	1.45588e-17
14516.30000	-1.01199e-17	2.19551e-17
14517.90000	-6.43244e-18	3.79298e-17
14519.50000	3.76074e-20	4.23615e-17
14521.20000	2.47715e-17	3.39929e-17
14522.80000	-4.02162e-18	2.39529e-17
14524.40000	2.79260e-17	1.70693e-17
14526.10000	-4.82606e-18	1.33070e-17
14527.70000	4.43384e-18	1.15684e-17
14529.30000	7.26576e-18	1.08181e-17
14531.00000	3.62019e-18	9.56807e-18
14532.60000	1.14832e-17	9.10167e-18
14534.20000	2.01443e-17	7.98323e-18
14535.80000	-7.08484e-21	6.65487e-18
14537.50000	2.09707e-18	6.30975e-18
14539.10000	2.11332e-17	6.68572e-18
14540.70000	5.06044e-18	6.14932e-18
14542.40000	-1.03423e-17	6.15831e-18
14544.00000	4.22183e-18	5.82114e-18
14545.60000	1.07032e-17	6.26405e-18
14547.20000	6.47253e-18	6.62507e-18
14548.90000	2.32571e-18	7.07856e-18
14550.50000	5.97407e-18	7.00642e-18
14552.10000	7.52083e-18	6.81396e-18
14553.80000	1.49531e-17	6.28479e-18
14555.40000	8.06803e-18	5.77110e-18
14557.00000	1.25825e-18	5.43205e-18
14558.60000	4.32492e-18	5.49981e-18
14560.30000	8.54834e-18	6.71577e-18
14561.90000	5.17018e-18	1.32284e-17
14563.50000	-3.76039e-18	1.75580e-17
14565.20000	1.27650e-17	1.52366e-17
14566.80000	6.63992e-18	9.89240e-18
14568.40000	-6.68836e-18	6.16431e-18
14570.00000	-4.30524e-18	4.80767e-18
14571.70000	-4.39583e-18	5.16500e-18
14573.30000	1.89306e-18	5.40682e-18
14574.90000	1.99944e-18	4.78395e-18
14576.60000	-1.19265e-17	4.12033e-18
14578.20000	-1.54113e-17	3.90662e-18
14579.80000	5.52159e-19	3.62274e-18
14581.40000	1.18078e-17	3.60206e-18
14583.10000	-2.82343e-18	3.69729e-18
14584.70000	3.12503e-18	3.60863e-18
14586.30000	4.43913e-18	3.47700e-18
14588.00000	3.28031e-18	3.38246e-18
14589.60000	-3.07765e-18	3.30331e-18
14591.20000	4.11039e-18	3.11378e-18
14592.90000	8.17486e-18	3.15572e-18
14594.50000	2.94272e-18	3.06330e-18
14596.10000	5.52237e-18	3.18149e-18
14597.70000	-2.49082e-18	3.31275e-18
14599.40000	3.09529e-18	3.98136e-18
14601.00000	1.33347e-18	6.44638e-18
14602.60000	-1.61196e-17	1.46387e-17
14604.30000	-3.97115e-17	1.97680e-17
14605.90000	-1.43539e-17	1.86753e-17
14607.50000	2.30399e-17	1.24896e-17
14609.10000	4.87090e-19	7.77538e-18
14610.80000	-4.94781e-18	5.32810e-18
14612.40000	-4.32064e-18	4.27526e-18
14614.00000	8.13159e-19	3.74186e-18
14615.70000	8.40555e-19	3.74155e-18
14617.30000	-8.92318e-19	3.66590e-18
14618.90000	-4.76117e-19	3.24178e-18
14620.50000	4.49630e-19	2.77692e-18
14622.20000	-2.59473e-18	2.51174e-18
14623.80000	4.45731e-18	2.50814e-18
14625.40000	-2.50705e-18	2.71942e-18
14627.10000	-4.59015e-18	2.90223e-18
14628.70000	-3.19497e-18	3.05243e-18
14630.30000	-3.90772e-18	3.20415e-18
14631.90000	-4.25120e-18	3.30565e-18
14633.60000	1.53739e-19	3.32373e-18
14635.20000	2.12044e-18	3.18201e-18
14636.80000	1.02005e-18	3.45701e-18
14638.50000	2.94701e-18	2.82470e-18
14640.10000	6.32544e-19	2.64632e-18
14641.70000	3.85355e-18	2.21309e-18
14643.30000	5.18185e-18	2.36120e-18
14645.00000	5.62492e-19	2.52247e-18
14646.60000	9.62848e-19	2.59970e-18
14648.20000	1.71468e-18	2.56122e-18
14649.90000	2.87174e-18	2.79779e-18
14651.50000	6.65152e-20	3.27559e-18
14653.10000	-1.12668e-18	3.79593e-18
14654.80000	-1.51159e-18	3.40605e-18
14656.40000	3.51981e-18	3.14329e-18
14658.00000	-1.68712e-18	2.83936e-18
14659.60000	-3.36874e-18	2.65110e-18
14661.30000	1.62769e-18	3.23419e-18
14662.90000	3.54300e-18	6.24217e-18
14664.50000	-8.42793e-18	8.68515e-18
14666.20000	8.99241e-18	8.83202e-18
14667.80000	8.52870e-18	5.42748e-18
14669.40000	2.62487e-19	3.45414e-18
14671.00000	-3.58975e-18	2.52390e-18
14672.70000	1.43366e-18	2.25615e-18
14674.30000	3.39681e-18	2.37940e-18
14675.90000	1.58833e-18	1.83305e-18
14677.60000	-1.46134e-18	1.92631e-18
14679.20000	2.26623e-18	2.12025e-18
14680.80000	2.19305e-18	2.24417e-18
14682.40000	-3.05295e-18	2.13405e-18
14684.10000	-2.58903e-18	1.84938e-18
14685.70000	1.94458e-19	1.84510e-18
14687.30000	1.12403e-18	1.56042e-18
14689.00000	-7.96189e-19	1.57941e-18
14690.60000	-2.41811e-18	1.70223e-18
14692.20000	3.03525e-19	1.99564e-18
14693.80000	6.93598e-18	3.03257e-18
14695.50000	1.74310e-18	6.56380e-18
14697.10000	-3.77172e-17	1.10534e-17
14698.70000	1.90630e-17	1.18397e-17
14700.40000	8.94202e-18	9.27950e-18
14702.00000	-4.36292e-18	5.80463e-18
14703.60000	-2.46713e-18	3.52934e-18
14705.20000	-4.58202e-19	2.38826e-18
14706.90000	3.07690e-18	1.96560e-18
14708.50000	2.25390e-18	1.77712e-18
14710.10000	-2.23989e-18	1.90830e-18
14711.80000	-2.45892e-18	2.26660e-18
14713.40000	1.26091e-18	2.36120e-18
14715.00000	3.32925e-20	2.26830e-18
14716.70000	-1.17238e-18	2.05129e-18
14718.30000	2.80039e-20	1.92701e-18
14719.90000	6.78951e-19	1.72368e-18
14721.50000	2.16546e-18	1.56725e-18
14723.20000	2.54519e-18	1.45573e-18
14724.80000	3.07575e-18	1.38002e-18
14726.40000	1.38136e-18	1.35794e-18
14728.10000	2.70405e-18	1.38180e-18
14729.70000	5.30853e-19	1.40863e-18
14731.30000	3.10872e-18	1.38626e-18
14732.90000	3.11362e-18	1.40451e-18
14734.60000	2.97860e-18	1.49730e-18
14736.20000	-4.13466e-20	2.03957e-18
14737.80000	-3.99297e-19	3.81434e-18
14739.50000	-1.58341e-18	5.08807e-18
14741.10000	-9.17772e-20	4.81462e-18
14742.70000	3.17709e-18	3.29954e-18
14744.30000	1.75396e-18	1.95216e-18
14746.00000	1.49459e-18	1.37047e-18
14747.60000	3.12601e-18	1.21773e-18
14749.20000	1.31098e-18	1.23342e-18
14750.90000	8.95419e-19	1.34507e-18
14752.50000	1.75503e-18	1.89682e-18
14754.10000	-8.84227e-19	3.00309e-18
14755.70000	1.91905e-19	3.56787e-18
14757.40000	-1.37045e-19	3.02395e-18
14759.00000	1.03115e-18	2.24194e-18
14760.60000	1.40027e-18	1.80502e-18
14762.30000	2.64416e-18	1.52957e-18
14763.90000	5.26935e-19	1.29849e-18
14765.50000	2.55729e-18	1.24327e-18
14767.10000	2.12613e-18	1.43711e-18
14768.80000	-3.22453e-20	2.24780e-18
14770.40000	8.13656e-18	4.12458e-18
14772.00000	7.79006e-18	5.20292e-18
14773.70000	5.78213e-19	4.61168e-18
14775.30000	1.74820e-18	2.96935e-18
14776.90000	-3.93013e-19	1.91679e-18
14778.60000	2.35903e-18	1.79711e-18
14780.20000	2.29126e-19	2.80232e-18
14781.80000	-9.24822e-20	5.58743e-18
14783.40000	3.89665e-18	6.95366e-18
14785.10000	4.92387e-18	5.95480e-18
14786.70000	3.45794e-18	3.64979e-18
14788.30000	2.81477e-18	2.14530e-18
14790.00000	2.23519e-18	1.90198e-18
14791.60000	1.45026e-18	2.12499e-18
14793.20000	2.97926e-18	2.13461e-18
14794.80000	1.51061e-18	2.17806e-18
14796.50000	8.12082e-19	3.19056e-18
14798.10000	1.59637e-17	5.76587e-18
14799.70000	9.64738e-18	7.09025e-18
14801.40000	1.02422e-17	6.44636e-18
14803.00000	1.52305e-17	5.46894e-18
14804.60000	9.28222e-18	5.32242e-18
14806.20000	6.31699e-18	5.03423e-18
14807.90000	1.34326e-18	3.55317e-18
14809.50000	4.52166e-18	2.31054e-18
14811.10000	2.14948e-18	1.65563e-18
14812.80000	-4.23004e-19	1.44403e-18
14814.40000	2.21902e-18	1.31203e-18
14816.00000	3.05671e-18	1.23761e-18
14817.60000	3.07727e-18	1.19831e-18
14819.30000	2.99914e-18	1.16415e-18
14820.90000	2.42862e-18	1.15285e-18
14822.50000	-4.06913e-20	1.15187e-18
14824.20000	-8.10233e-19	1.19064e-18
14825.80000	6.91857e-20	1.34778e-18
14827.40000	1.11209e-18	1.77569e-18
14829.00000	9.80578e-19	2.90021e-18
14830.70000	1.47907e-17	6.34254e-18
14832.30000	2.08566e-17	9.28782e-18
14833.90000	2.21334e-17	8.75463e-18
14835.60000	1.50580e-17	5.61808e-18
14837.20000	1.38141e-18	2.61126e-18
14838.80000	7.61722e-19	1.43968e-18
14840.50000	3.33574e-19	1.17208e-18
14842.10000	2.06281e-19	1.14798e-18
14843.70000	1.29640e-18	1.13425e-18
14845.30000	9.38215e-19	1.12672e-18
14847.00000	2.05078e-19	1.14223e-18
14848.60000	-1.16582e-18	1.16693e-18
14850.20000	1.92563e-18	1.17763e-18
14851.90000	1.57231e-18	1.16548e-18
14853.50000	6.25257e-19	1.13416e-18
14855.10000	1.26105e-18	1.16146e-18
14856.70000	4.65124e-19	1.32409e-18
14858.40000	-8.68978e-20	1.60235e-18
14860.00000	-1.47524e-18	2.06964e-18
14861.60000	2.39110e-18	3.81537e-18
14863.30000	2.04660e-17	6.62585e-18
14864.90000	1.07731e-17	6.59283e-18
14866.50000	-7.01057e-19	4.47609e-18
14868.10000	2.16393e-18	2.47360e-18
14869.80000	6.80650e-19	1.54699e-18
14871.40000	-1.04287e-18	1.25272e-18
14873.00000	1.03320e-18	1.17519e-18
14874.70000	7.70978e-19	1.16988e-18
14876.30000	7.43313e-19	1.23168e-18
14877.90000	-1.79641e-18	1.23140e-18
14879.50000	-4.45483e-19	1.25852e-18
14881.20000	-1.60071e-18	1.47892e-18
14882.80000	4.62266e-18	2.32542e-18
14884.40000	1.15326e-17	5.11097e-18
14886.10000	-2.01823e-17	1.54131e-17
14887.70000	-8.54856e-18	1.11769e-17
14889.30000	2.60671e-18	8.45354e-18
14891.00000	-1.06413e-17	4.49516e-18
14892.60000	1.18697e-18	2.01417e-18
14894.20000	2.39954e-19	1.22818e-18
14895.80000	1.19307e-18	1.13483e-18
14897.50000	2.63905e-18	1.09848e-18
14899.10000	1.66494e-18	1.05697e-18
14900.70000	5.23913e-19	1.04785e-18
14902.40000	2.74831e-19	1.10089e-18
14904.00000	1.13328e-18	1.34349e-18
14905.60000	1.77090e-18	1.95442e-18
14907.20000	-1.81764e-18	3.17990e-18
14908.90000	-3.68547e-18	3.75799e-18
14910.50000	6.28011e-18	3.58268e-18
14912.10000	8.61553e-19	2.41777e-18
14913.80000	1.96294e-18	1.53724e-18
14915.40000	2.01318e-18	1.22461e-18
14917.00000	1.30263e-18	1.21348e-18
14918.60000	-3.81202e-19	1.20641e-18
14920.30000	1.27050e-18	1.19071e-18
14921.90000	3.33175e-18	1.18889e-18
14923.50000	8.24971e-19	1.18158e-18
14925.20000	-5.91568e-19	1.21758e-18
14926.80000	3.72378e-18	1.44818e-18
14928.40000	5.23148e-18	2.55516e-18
14930.00000	-9.93373e-18	5.17505e-18
14931.70000	-3.91525e-18	6.47859e-18
14933.30000	-3.96670e-18	5.31863e-18
14934.90000	4.52634e-18	3.12641e-18
14936.60000	6.96700e-19	1.80107e-18
14938.20000	-1.01300e-19	1.40721e-18
14939.80000	1.55755e-18	1.42884e-18
14941.40000	2.36855e-18	1.42062e-18
14943.10000	1.90931e-18	1.37289e-18
14944.70000	1.46172e-18	1.20667e-18
14946.30000	1.92331e-18	1.16550e-18
14948.00000	-7.22342e-20	1.13890e-18
14949.60000	1.95758e-18	1.11908e-18
14951.20000	1.30057e-18	1.16152e-18
14952.90000	8.43296e-19	1.22367e-18
14954.50000	1.02199e-18	1.27264e-18
14956.10000	7.99120e-19	1.28752e-18
14957.70000	1.35582e-18	1.32590e-18
14959.40000	1.70614e-18	1.34261e-18
14961.00000	2.98432e-18	1.41275e-18
14962.60000	-3.25631e-19	1.60174e-18
14964.30000	-7.54836e-19	1.63834e-18
14965.90000	2.03307e-18	1.39610e-18
14967.50000	8.01492e-19	1.23699e-18
14969.10000	-2.52973e-19	1.17009e-18
14970.80000	2.49608e-19	1.16495e-18
14972.40000	5.14848e-20	1.16327e-18
14974.00000	2.24696e-18	1.19863e-18
14975.70000	-3.79984e-19	1.23245e-18
14977.30000	-3.19962e-19	1.19830e-18
14978.90000	2.21561e-18	1.16297e-18
14980.50000	7.57154e-19	1.16152e-18
14982.20000	2.05301e-18	1.15457e-18
14983.80000	1.10739e-18	1.16487e-18
14985.40000	1.72753e-19	1.18974e-18
14987.10000	1.00397e-18	1.20722e-18
14988.70000	2.27268e-18	1.25018e-18
14990.30000	2.33909e-18	1.36612e-18
14991.90000	2.62352e-18	1.40178e-18
14993.60000	1.94652e-18	1.43916e-18
14995.20000	1.21064e-18	1.40581e-18
14996.80000	1.77334e-19	1.24753e-18
14998.50000	8.35212e-19	1.19912e-18
15000.10000	1.74516e-18	1.17338e-18
15001.70000	9.28985e-19	1.19322e-18
15003.30000	4.89161e-19	1.33770e-18
15005.00000	-3.11110e-20	1.64553e-18
15006.60000	1.32130e-18	1.87399e-18
15008.20000	1.92871e-18	1.87350e-18
15009.90000	2.71013e-18	1.44173e-18
15011.50000	3.02486e-19	1.63201e-18
15013.10000	-2.45961e-19	1.24921e-18
15014.80000	7.68643e-19	1.15148e-18
15016.40000	2.27258e-18	1.13106e-18
15018.00000	9.21547e-19	1.12639e-18
15019.60000	-1.51986e-18	1.15191e-18
15021.30000	1.34366e-18	1.23039e-18
15022.90000	2.48348e-18	1.52698e-18
15024.50000	5.43415e-19	1.89304e-18
15026.20000	-2.18298e-18	2.02466e-18
15027.80000	6.19179e-19	1.77723e-18
15029.40000	-1.12652e-18	1.38836e-18
15031.00000	2.72978e-19	1.15926e-18
15032.70000	-4.20010e-19	1.09121e-18
15034.30000	9.99129e-19	1.10218e-18
15035.90000	1.43882e-18	1.12925e-18
15037.60000	2.81239e-19	1.22092e-18
15039.20000	6.83174e-19	1.15271e-18
15040.80000	-3.82235e-19	1.12162e-18
15042.40000	1.47423e-18	1.14298e-18
15044.10000	9.86152e-19	1.21661e-18
15045.70000	1.66973e-18	1.35260e-18
15047.30000	-1.29630e-18	1.44578e-18
15049.00000	1.30494e-18	2.08261e-18
15050.60000	-4.31643e-18	4.06888e-18
15052.20000	1.36146e-17	7.54411e-18
15053.80000	3.61266e-17	1.30456e-17
15055.50000	6.06181e-18	1.48682e-17
15057.10000	3.07065e-17	1.20022e-17
15058.70000	1.05349e-17	6.13248e-18
15060.40000	-7.57673e-18	2.79333e-18
15062.00000	5.04766e-18	2.60475e-18
15063.60000	-1.81286e-18	3.07337e-18
15065.20000	6.40285e-18	4.05746e-18
15066.90000	-1.48398e-17	7.41757e-18
15068.50000	-3.99484e-18	8.50197e-18
15070.10000	1.84403e-17	7.66552e-18
15071.80000	-4.81892e-18	4.54009e-18
15073.40000	-1.38660e-18	2.14972e-18
15075.00000	-6.03690e-19	1.31605e-18
15076.70000	-1.30252e-18	1.26196e-18
15078.30000	-6.47878e-20	1.37924e-18
15079.90000	-2.64467e-18	1.69418e-18
15081.50000	-4.60233e-18	2.02279e-18
15083.20000	-2.15329e-19	2.72282e-18
15084.80000	3.89926e-18	2.75346e-18
15086.40000	1.63217e-18	3.99816e-18
15088.10000	2.92000e-18	4.71145e-18
15089.70000	-3.31946e-18	4.15409e-18
15091.30000	6.55524e-19	2.76613e-18
15092.90000	6.02026e-19	1.67693e-18
15094.60000	8.46536e-19	1.33129e-18
15096.20000	3.24561e-18	1.30579e-18
15097.80000	-7.84377e-19	1.36455e-18
15099.50000	-2.48372e-19	1.34332e-18
15101.10000	-1.34141e-18	1.27396e-18
15102.70000	1.34276e-18	1.23179e-18
15104.30000	1.07562e-18	1.38035e-18
15106.00000	9.33562e-19	1.53597e-18
15107.60000	1.95831e-18	1.59050e-18
15109.20000	6.93927e-19	1.70281e-18
15110.90000	3.01315e-18	2.01627e-18
15112.50000	8.13296e-19	2.28447e-18
15114.10000	3.31067e-18	2.35675e-18
15115.70000	1.44860e-18	2.11376e-18
15117.40000	1.50406e-18	1.65188e-18
15119.00000	7.37103e-19	1.56690e-18
15120.60000	4.39088e-19	1.34501e-18
15122.30000	1.17578e-18	1.16816e-18
15123.90000	8.40613e-19	1.14785e-18
15125.50000	5.61837e-19	1.43155e-18
15127.10000	1.12496e-18	1.38347e-18
15128.80000	9.05259e-19	1.24083e-18
15130.40000	7.89147e-19	1.21264e-18
15132.00000	1.19147e-18	1.34720e-18
15133.70000	3.42590e-18	1.90310e-18
15135.30000	1.93901e-18	1.42903e-18
15136.90000	1.53329e-18	1.32913e-18
15138.60000	2.30559e-18	1.26124e-18
15140.20000	1.49119e-18	1.30406e-18
15141.80000	9.28972e-19	1.37645e-18
15143.40000	-4.66555e-19	1.42844e-18
15145.10000	-2.83570e-20	1.37504e-18
15146.70000	2.54582e-18	1.42832e-18
15148.30000	1.41170e-18	1.60708e-18
15150.00000	9.11732e-19	1.90349e-18
15151.60000	-1.44439e-18	1.61647e-18
15153.20000	2.19981e-18	1.39021e-18
15154.80000	1.27443e-18	1.20059e-18
15156.50000	7.11831e-19	1.08061e-18
15158.10000	7.57127e-19	1.06024e-18
15159.70000	2.19682e-18	1.07360e-18
15161.40000	-4.56513e-20	1.06218e-18
15163.00000	1.06738e-18	1.07508e-18
15164.60000	9.36628e-19	1.11440e-18
15166.20000	2.12740e-18	1.22358e-18
15167.90000	2.76441e-18	1.29832e-18
15169.50000	1.35130e-18	1.20789e-18
15171.10000	3.07993e-19	1.14224e-18
15172.80000	2.11788e-18	1.12798e-18
15174.40000	2.29701e-19	1.12398e-18
15176.00000	1.06600e-18	1.13409e-18
15177.60000	1.71550e-18	1.19985e-18
15179.30000	-3.94087e-19	1.25296e-18
15180.90000	1.26853e-18	1.40558e-18
15182.50000	1.25914e-18	1.83213e-18
15184.20000	-2.52758e-18	3.73932e-18
15185.80000	1.70456e-17	6.84395e-18
15187.40000	-4.16961e-18	7.40007e-18
15189.00000	-9.60805e-18	5.52194e-18
15190.70000	5.05932e-18	2.60867e-18
15192.30000	-1.18196e-18	1.33232e-18
15193.90000	2.83632e-18	1.09052e-18
15195.60000	-1.22380e-18	1.05549e-18
15197.20000	2.06545e-18	1.02791e-18
15198.80000	1.19480e-18	9.97601e-19
15200.50000	4.04559e-19	1.09351e-18
15202.10000	5.98581e-19	1.08784e-18
15203.70000	3.33208e-18	1.19735e-18
15205.30000	9.84635e-19	1.09331e-18
15207.00000	1.22242e-18	1.11119e-18
15208.60000	3.06391e-19	1.08096e-18
15210.20000	1.51067e-18	1.03250e-18
15211.90000	1.48998e-18	1.04328e-18
15213.50000	2.33885e-18	1.05505e-18
15215.10000	3.08942e-18	1.04828e-18
15216.70000	1.32604e-18	1.03852e-18
15218.40000	2.07791e-19	1.03774e-18
15220.00000	6.63473e-19	1.02048e-18
15221.60000	1.23891e-18	1.04060e-18
15223.30000	2.02686e-18	1.04632e-18
15224.90000	6.47619e-19	1.06004e-18
15226.50000	4.96754e-19	1.06539e-18
15228.10000	2.73122e-18	1.09554e-18
15229.80000	-5.76820e-19	1.14613e-18
15231.40000	2.85929e-18	1.17073e-18
15233.00000	-1.86022e-18	1.22666e-18
15234.70000	7.90841e-19	1.40256e-18
15236.30000	3.05620e-18	2.26484e-18
15237.90000	-1.58072e-17	6.03801e-18
15239.50000	6.06978e-17	1.22816e-17
15241.20000	-4.61420e-17	1.31229e-17
15242.80000	-2.02215e-17	1.04746e-17
15244.40000	1.34757e-17	4.77837e-18
15246.10000	-5.67872e-18	1.76344e-18
15247.70000	6.28437e-18	1.40221e-18
15249.30000	-2.49416e-18	1.20739e-18
15251.00000	2.44975e-18	1.06096e-18
15252.60000	-8.86577e-19	1.03046e-18
15254.20000	1.28835e-18	1.01358e-18
15255.80000	-3.68464e-19	1.04871e-18
15257.50000	1.19305e-18	1.30165e-18
15259.10000	1.89645e-18	1.05946e-18
15260.70000	-7.01492e-19	9.76000e-19
15262.40000	4.37427e-19	1.02910e-18
15264.00000	1.28065e-18	1.12361e-18
15265.60000	-4.39477e-19	1.20591e-18
15267.20000	-9.98704e-19	1.30397e-18
15268.90000	-1.34500e-19	1.35333e-18
15270.50000	1.67545e-18	1.30155e-18
15272.10000	1.54223e-18	1.15834e-18
15273.80000	1.14736e-18	1.02788e-18
15275.40000	2.54717e-18	1.16861e-18
15277.00000	-2.17438e-19	1.06673e-18
15278.60000	8.73653e-19	1.26958e-18
15280.30000	3.26089e-18	1.22044e-18
15281.90000	-1.02795e-19	1.49299e-18
15283.50000	7.25209e-18	2.17443e-18
15285.20000	-1.45233e-17	4.49822e-18
15286.80000	-3.74477e-18	7.39069e-18
15288.40000	-1.35294e-17	7.54973e-18
15290.00000	-1.25177e-17	5.01953e-18
15291.70000	5.10450e-18	2.18254e-18
15293.30000	-1.38537e-18	1.44073e-18
15294.90000	3.18828e-18	1.06733e-18
15296.60000	5.02107e-19	1.00069e-18
15298.20000	1.29902e-18	9.93187e-19
15299.80000	1.77823e-18	9.74080e-19
15301.40000	7.90434e-21	9.74532e-19
15303.10000	1.41213e-18	9.73396e-19
15304.70000	2.41343e-18	9.74703e-19
15306.30000	8.38627e-19	1.01875e-18
15308.00000	2.01254e-18	1.26312e-18
15309.60000	3.67412e-18	1.57394e-18
15311.20000	2.54410e-18	1.63728e-18
15312.90000	2.15149e-18	1.41662e-18
15314.50000	3.23300e-18	1.12129e-18
15316.10000	1.72699e-18	1.03300e-18
15317.70000	1.09263e-18	1.01876e-18
15319.40000	1.88186e-18	1.01337e-18
15321.00000	3.02818e-19	1.01231e-18
15322.60000	1.59310e-18	1.04322e-18
15324.30000	1.36423e-18	1.10457e-18
15325.90000	2.73155e-18	1.41166e-18
15327.50000	-1.20682e-18	2.22114e-18
15329.10000	9.23691e-19	5.46016e-18
15330.80000	5.81717e-17	1.13305e-17
15332.40000	6.10114e-17	1.34672e-17
15334.00000	5.20617e-18	1.07120e-17
15335.70000	9.97148e-18	4.93917e-18
15337.30000	-6.74320e-18	1.73759e-18
15338.90000	5.80244e-18	1.22648e-18
15340.50000	9.93664e-19	1.11510e-18
15342.20000	2.47860e-18	1.02213e-18
15343.80000	2.10667e-18	1.00466e-18
15345.40000	4.14479e-19	1.22155e-18
15347.10000	7.80783e-19	1.82674e-18
15348.70000	-2.69159e-18	2.16189e-18
15350.30000	1.49812e-18	1.93302e-18
15351.90000	7.39259e-19	1.27840e-18
15353.60000	9.30196e-19	1.03745e-18
15355.20000	1.78338e-18	1.04922e-18
15356.80000	1.99858e-18	1.07995e-18
15358.50000	4.95336e-19	1.07036e-18
15360.10000	1.41674e-18	1.04762e-18
15361.70000	1.41287e-18	1.03712e-18
15363.30000	-5.06799e-19	9.97976e-19
15365.00000	1.53874e-18	9.75747e-19
15366.60000	2.88224e-19	9.38862e-19
15368.20000	1.90843e-19	1.20128e-18
15369.90000	8.63356e-19	1.07683e-18
15371.50000	1.49185e-18	1.45042e-18
15373.10000	2.27554e-18	1.87329e-18
15374.80000	2.72359e-18	2.31694e-18
15376.40000	3.56952e-18	2.61697e-18
15378.00000	2.20041e-18	2.54576e-18
15379.60000	7.57533e-19	2.14432e-18
15381.30000	1.81848e-18	1.69796e-18
15382.90000	5.03198e-19	1.42323e-18
15384.50000	2.32495e-18	1.59958e-18
15386.20000	2.95533e-18	2.06538e-18
15387.80000	1.06158e-18	2.24336e-18
15389.40000	-6.68200e-19	2.15023e-18
15391.00000	5.48303e-18	2.25096e-18
15392.70000	-5.52182e-19	4.06215e-18
15394.30000	-1.88557e-17	6.59989e-18
15395.90000	-1.53064e-17	6.64764e-18
15397.60000	-3.32113e-18	4.32823e-18
15399.20000	2.87472e-19	1.89569e-18
15400.80000	-1.78063e-19	1.10915e-18
15402.40000	-1.55937e-18	1.25628e-18
15404.10000	-3.48561e-18	1.70127e-18
15405.70000	3.59490e-18	2.02551e-18
15407.30000	4.07125e-18	1.90363e-18
15409.00000	2.04874e-18	1.77373e-18
15410.60000	-1.03880e-18	1.69910e-18
15412.20000	-9.52208e-19	1.83721e-18
15413.80000	2.63352e-18	1.51095e-18
15415.50000	1.07535e-18	1.08905e-18
15417.10000	4.37379e-19	9.87086e-19
15418.70000	3.58569e-19	9.83340e-19
15420.40000	3.56789e-18	1.05480e-18
15422.00000	-8.30405e-19	1.21798e-18
15423.60000	-1.35883e-18	1.36228e-18
15425.20000	9.07976e-20	1.49707e-18
15426.90000	-4.99872e-18	1.88334e-18
15428.50000	6.48119e-18	3.71375e-18
15430.10000	-2.34870e-17	8.27560e-18
15431.80000	-1.24030e-17	1.08486e-17
15433.40000	2.81067e-17	9.65773e-18
15435.00000	6.00648e-18	5.22834e-18
15436.70000	-6.85671e-18	2.22546e-18
15438.30000	2.56583e-18	1.70677e-18
15439.90000	1.45847e-19	1.54563e-18
15441.50000	1.90984e-18	1.21757e-18
15443.20000	1.54791e-18	1.00274e-18
15444.80000	2.74681e-18	9.39593e-19
15446.40000	-7.60697e-19	9.33076e-19
15448.10000	-8.78852e-19	9.25003e-19
15449.70000	3.17083e-19	9.24948e-19
15451.30000	6.56639e-20	8.99406e-19
15452.90000	7.39565e-19	1.00504e-18
15454.60000	1.46273e-18	1.05392e-18
15456.20000	8.33949e-19	9.44314e-19
15457.80000	7.06400e-19	1.01107e-18
15459.50000	9.67781e-19	1.53574e-18
15461.10000	1.84765e-18	2.37477e-18
15462.70000	-2.21890e-18	2.25005e-18
15464.30000	-2.22449e-18	1.72385e-18
15466.00000	1.50992e-18	1.41865e-18
15467.60000	8.48148e-19	1.78153e-18
15469.20000	-5.28681e-19	1.56501e-18
15470.90000	-1.31296e-18	1.33992e-18
15472.50000	6.80995e-19	1.67973e-18
15474.10000	3.20582e-19	1.87764e-18
15475.70000	1.70564e-18	1.67398e-18
15477.40000	4.65942e-19	1.15067e-18
15479.00000	1.95055e-18	8.98987e-19
15480.60000	1.93419e-18	8.61769e-19
15482.30000	1.70115e-18	8.80466e-19
15483.90000	2.20500e-18	9.45969e-19
15485.50000	1.76035e-18	1.31186e-18
15487.10000	2.14974e-18	1.94513e-18
15488.80000	1.32557e-18	2.10354e-18
15490.40000	9.20853e-19	1.69680e-18
15492.00000	-9.44936e-19	1.13757e-18
15493.70000	1.32598e-18	9.65562e-19
15495.30000	5.96232e-19	9.71717e-19
15496.90000	1.15285e-18	1.29312e-18
15498.60000	-1.34404e-18	2.61664e-18
15500.20000	-1.71499e-18	3.73157e-18
15501.80000	-5.66703e-18	3.63328e-18
15503.40000	3.24559e-18	2.30258e-18
15505.10000	1.92244e-18	1.48634e-18
15506.70000	-1.71229e-18	2.31304e-18
15508.30000	8.00318e-18	4.54589e-18
15510.00000	1.36013e-17	5.22126e-18
15511.60000	1.90279e-18	4.03398e-18
15513.20000	-1.82150e-19	2.00461e-18
15514.80000	-3.04461e-18	1.93326e-18
15516.50000	1.42005e-18	2.80614e-18
15518.10000	3.76881e-18	3.05458e-18
15519.70000	4.23925e-18	2.29877e-18
15521.40000	6.82653e-19	1.24765e-18
15523.00000	2.49214e-18	9.71217e-19
15524.60000	3.06776e-18	8.95079e-19
15526.20000	1.19093e-18	8.81447e-19
15527.90000	1.18150e-18	8.86913e-19
15529.50000	-1.22156e-19	9.04859e-19
15531.10000	1.01158e-18	9.33583e-19
15532.80000	1.35286e-19	9.84099e-19
15534.40000	5.71708e-19	1.08934e-18
15536.00000	2.53628e-18	1.72140e-18
15537.60000	-6.10464e-20	4.17323e-18
15539.30000	-1.49441e-17	6.73270e-18
15540.90000	-1.12091e-18	7.17461e-18
15542.50000	1.03382e-17	5.81855e-18
15544.20000	1.56739e-17	5.63410e-18
15545.80000	5.08757e-18	6.56082e-18
15547.40000	6.58592e-18	5.88141e-18
15549.10000	9.13586e-19	2.79287e-18
15550.70000	-3.19628e-19	1.24199e-18
15552.30000	2.03800e-18	9.90655e-19
15553.90000	1.71547e-18	9.31075e-19
15555.60000	2.04589e-19	9.02346e-19
15557.20000	1.32956e-18	9.20118e-19
15558.80000	1.31622e-18	1.10622e-18
15560.50000	1.52227e-18	1.49314e-18
15562.10000	1.61257e-18	1.43336e-18
15563.70000	1.48569e-18	1.32695e-18
15565.30000	2.30807e-21	1.23207e-18
15567.00000	3.21863e-18	1.82919e-18
15568.60000	7.72102e-18	3.63178e-18
15570.20000	3.98004e-18	4.18207e-18
15571.90000	2.82048e-18	3.40919e-18
15573.50000	-1.08556e-18	1.86519e-18
15575.10000	1.25972e-18	1.36700e-18
15576.70000	1.22907e-18	1.14980e-18
15578.40000	1.09527e-18	1.17507e-18
15580.00000	1.66062e-18	1.26044e-18
15581.60000	2.49312e-19	1.26611e-18
15583.30000	1.73770e-18	1.09833e-18
15584.90000	3.23189e-19	9.30683e-19
15586.50000	1.74478e-18	8.89072e-19
15588.10000	1.44095e-18	9.08748e-19
15589.80000	1.06204e-18	9.39074e-19
15591.40000	1.47344e-18	9.94366e-19
15593.00000	-6.27148e-19	1.37815e-18
15594.70000	3.46227e-18	3.47592e-18
15596.30000	1.16945e-17	7.43626e-18
15597.90000	1.13842e-17	8.23197e-18
15599.50000	9.23966e-18	5.84255e-18
15601.20000	4.94199e-18	2.29973e-18
15602.80000	-8.52059e-19	1.13044e-18
15604.40000	2.04906e-18	9.40940e-19
15606.10000	1.29263e-18	8.80719e-19
15607.70000	2.83357e-19	8.79620e-19
15609.30000	9.84278e-19	9.48780e-19
15611.00000	2.08831e-18	1.19384e-18
15612.60000	1.96584e-18	1.41500e-18
15614.20000	-2.77033e-19	1.35612e-18
15615.80000	5.64495e-20	1.09722e-18
15617.50000	-1.55275e-19	9.72741e-19
15619.10000	5.22000e-19	1.05654e-18
15620.70000	3.18462e-19	1.09177e-18
15622.40000	1.33888e-18	1.01087e-18
15624.00000	4.09548e-19	9.31404e-19
15625.60000	1.04563e-19	9.87205e-19
15627.20000	1.86539e-18	1.41645e-18
15628.90000	-5.97261e-18	3.32423e-18
15630.50000	-2.10602e-17	5.88209e-18
15632.10000	6.34575e-18	5.98275e-18
15633.80000	6.87737e-18	3.68342e-18
15635.40000	1.04721e-18	1.48221e-18
15637.00000	9.07703e-19	1.09239e-18
15638.60000	4.36880e-19	1.10300e-18
15640.30000	2.55163e-18	1.18319e-18
15641.90000	6.37644e-19	1.21122e-18
15643.50000	1.18219e-18	1.15077e-18
15645.20000	-1.45261e-18	9.45131e-19
15646.80000	7.11059e-19	9.65380e-19
15648.40000	4.20874e-18	1.02330e-18
15650.00000	-3.31680e-18	1.30702e-18
15651.70000	3.97958e-18	3.13024e-18
15653.30000	-1.94525e-17	8.20488e-18
15654.90000	1.76956e-17	9.90862e-18
15656.60000	1.64460e-17	8.57531e-18
15658.20000	-1.76740e-18	4.83236e-18
15659.80000	4.96845e-18	2.38574e-18
15661.40000	-2.46295e-18	1.23041e-18
15663.10000	1.13400e-18	9.51362e-19
15664.70000	1.17770e-18	9.08691e-19
15666.30000	2.94681e-18	8.88817e-19
15668.00000	9.43923e-19	9.38859e-19
15669.60000	6.95112e-19	8.68766e-19
15671.20000	9.27871e-19	8.71290e-19
15672.90000	8.89207e-19	8.73022e-19
15674.50000	1.87365e-18	8.63627e-19
15676.10000	6.27610e-19	8.60814e-19
15677.70000	-8.41927e-20	8.81507e-19
15679.40000	2.22767e-19	9.06462e-19
15681.00000	2.46208e-18	9.65381e-19
15682.60000	1.91564e-18	1.09231e-18
15684.30000	7.77062e-19	1.13145e-18
15685.90000	1.32962e-18	1.09636e-18
15687.50000	-1.64324e-19	1.03171e-18
15689.10000	8.46645e-19	1.12361e-18
15690.80000	8.66384e-19	9.78069e-19
15692.40000	1.85530e-18	9.39370e-19
15694.00000	1.37518e-18	9.39864e-19
15695.70000	2.04026e-18	1.03862e-18
15697.30000	-3.07481e-18	1.28264e-18
15698.90000	9.78777e-20	1.93350e-18
15700.50000	-9.67093e-18	4.09399e-18
15702.20000	-6.00850e-18	5.46168e-18
15703.80000	-1.04797e-17	4.77828e-18
15705.40000	-4.97277e-18	2.34064e-18
15707.10000	1.21276e-18	1.17199e-18
15708.70000	4.08206e-19	1.04208e-18
15710.30000	8.03395e-19	1.18935e-18
15711.90000	1.21124e-18	1.28276e-18
15713.60000	5.86639e-19	1.01068e-18
15715.20000	2.74395e-19	8.67851e-19
15716.80000	-1.04314e-18	1.02397e-18
15718.50000	7.49141e-19	1.10090e-18
15720.10000	1.14454e-18	1.34798e-18
15721.70000	5.96710e-19	1.41155e-18
15723.30000	-2.25170e-19	1.67689e-18
15725.00000	1.59753e-18	1.51297e-18
15726.60000	-2.92015e-19	1.28244e-18
15728.20000	1.10202e-18	1.04692e-18
15729.90000	2.05246e-18	1.15597e-18
15731.50000	1.15616e-18	1.33488e-18
15733.10000	3.03373e-18	1.38829e-18
15734.80000	2.45508e-18	1.36062e-18
15736.40000	9.42140e-19	1.48584e-18
15738.00000	4.46147e-19	1.41744e-18
15739.60000	1.35873e-18	1.37394e-18
15741.30000	1.20687e-18	1.10965e-18
15742.90000	1.60988e-18	9.01941e-19
15744.50000	2.49468e-18	1.03800e-18
15746.20000	1.06964e-18	1.19956e-18
15747.80000	-1.11233e-19	1.18835e-18
15749.40000	1.17572e-18	1.18277e-18
15751.00000	7.31990e-19	1.28885e-18
15752.70000	1.72503e-18	1.25435e-18
15754.30000	9.91216e-19	1.02146e-18
15755.90000	8.55432e-19	9.39202e-19
15757.60000	2.72621e-18	1.37584e-18
15759.20000	-8.85991e-19	2.19089e-18
15760.80000	1.49301e-18	2.21858e-18
15762.40000	4.11477e-18	1.82069e-18
15764.10000	7.30793e-19	1.53168e-18
15765.70000	2.12525e-18	1.60810e-18
15767.30000	1.08019e-18	1.50659e-18
15769.00000	-8.98124e-19	1.14243e-18
15770.60000	3.14769e-19	9.40401e-19
15772.20000	1.17362e-18	1.05288e-18
15773.80000	-3.95570e-18	1.28481e-18
15775.50000	5.54314e-19	1.16872e-18
15777.10000	3.76306e-18	1.30061e-18
15778.70000	3.08186e-18	1.79325e-18
15780.40000	1.27983e-18	2.42507e-18
15782.00000	-5.74822e-20	2.60713e-18
15783.60000	-2.10286e-18	2.13240e-18
15785.20000	1.39908e-18	1.44030e-18
15786.90000	1.16044e-18	1.10566e-18
15788.50000	2.83733e-19	1.13151e-18
15790.10000	2.08261e-18	1.10147e-18
15791.80000	3.12324e-18	1.25313e-18
15793.40000	4.07325e-21	1.36579e-18
15795.00000	1.28496e-18	1.25893e-18
15796.70000	1.14598e-18	1.00954e-18
15798.30000	1.90194e-18	9.37492e-19
15799.90000	2.51539e-18	1.16267e-18
15801.50000	2.72577e-18	1.81143e-18
15803.20000	2.65245e-18	2.19637e-18
15804.80000	-2.39857e-19	2.25635e-18
15806.40000	1.87752e-18	2.52495e-18
15808.10000	1.91128e-18	2.83785e-18
15809.70000	1.72740e-18	2.60689e-18
15811.30000	-1.30646e-19	1.71477e-18
15812.90000	-7.87721e-19	1.10220e-18
15814.60000	-2.64413e-19	1.08811e-18
15816.20000	1.06166e-18	9.10114e-19
15817.80000	1.56120e-18	8.70508e-19
15819.50000	7.33601e-19	8.94079e-19
15821.10000	1.54770e-19	9.60829e-19
15822.70000	1.91131e-19	1.09840e-18
15824.30000	2.30450e-18	1.24455e-18
15826.00000	-7.30003e-19	1.55749e-18
15827.60000	-1.59488e-19	3.05010e-18
15829.20000	-7.20545e-18	5.52962e-18
15830.90000	3.64440e-17	1.06342e-17
15832.50000	8.19083e-17	1.53935e-17
15834.10000	-3.25945e-17	1.43604e-17
15835.70000	-5.99488e-18	7.25082e-18
15837.40000	8.74012e-18	2.67054e-18
15839.00000	-6.04273e-18	1.87946e-18
15840.60000	5.62389e-18	2.48367e-18
15842.30000	-1.30821e-18	2.92611e-18
15843.90000	1.72060e-18	3.38987e-18
15845.50000	2.06383e-17	5.86771e-18
15847.20000	4.39445e-17	9.57410e-18
15848.80000	8.79998e-18	8.52853e-18
15850.40000	3.14107e-18	4.98052e-18
15852.00000	4.16926e-18	2.13318e-18
15853.70000	-2.85659e-19	1.39492e-18
15855.30000	2.68898e-18	1.22917e-18
15856.90000	-1.68406e-19	1.14842e-18
15858.60000	1.46172e-18	1.21924e-18
15860.20000	-9.92383e-19	1.50310e-18
15861.80000	-5.06090e-19	1.75542e-18
15863.40000	1.93157e-18	1.75905e-18
15865.10000	-2.91715e-18	1.94011e-18
15866.70000	5.12130e-18	3.26889e-18
15868.30000	-7.48500e-18	4.65482e-18
15870.00000	-9.96179e-19	4.90268e-18
15871.60000	7.13575e-18	3.40425e-18
15873.20000	-7.54294e-19	2.03152e-18
15874.80000	2.92378e-18	1.49769e-18
15876.50000	5.83589e-19	1.29080e-18
15878.10000	2.17168e-18	1.04779e-18
15879.70000	7.61983e-19	9.76790e-19
15881.40000	1.24840e-18	1.08634e-18
15883.00000	3.78195e-19	1.14581e-18
15884.60000	2.74179e-18	1.10371e-18
15886.20000	6.25979e-19	1.14258e-18
15887.90000	-1.03769e-18	1.39022e-18
15889.50000	2.49027e-18	1.53725e-18
15891.10000	8.11566e-19	1.48631e-18
15892.80000	-9.22976e-19	1.55168e-18
15894.40000	6.27573e-19	2.11548e-18
15896.00000	7.60899e-19	2.67367e-18
15897.60000	4.12205e-18	2.84008e-18
15899.30000	-7.74934e-19	2.41988e-18
15900.90000	1.03572e-18	1.95091e-18
15902.50000	1.77144e-18	1.36478e-18
15904.20000	3.88793e-19	1.01814e-18
15905.80000	9.04008e-19	8.59156e-19
15907.40000	9.83758e-19	8.87888e-19
15909.10000	5.30599e-19	8.23330e-19
15910.70000	1.93528e-18	9.49312e-19
15912.30000	1.60095e-18	1.20794e-18
15913.90000	1.54856e-18	1.53122e-18
15915.60000	2.78426e-18	1.71645e-18
15917.20000	2.03279e-18	1.56513e-18
15918.80000	3.19248e-20	1.25612e-18
15920.50000	1.53414e-18	9.87317e-19
15922.10000	1.13635e-18	8.90447e-19
15923.70000	7.75051e-19	1.03244e-18
15925.30000	8.03844e-20	1.10938e-18
15927.00000	1.89442e-18	1.14384e-18
15928.60000	7.14380e-19	1.20141e-18
15930.20000	7.92550e-21	1.20969e-18
15931.90000	3.63806e-19	1.16476e-18
15933.50000	5.23704e-19	1.19208e-18
15935.10000	1.42656e-18	1.20432e-18
15936.70000	-6.90568e-19	1.06484e-18
15938.40000	-1.23482e-18	8.84045e-19
15940.00000	-4.92392e-19	8.19853e-19
15941.60000	6.32663e-19	8.22258e-19
15943.30000	-2.64123e-19	8.45909e-19
15944.90000	9.41012e-20	8.76170e-19
15946.50000	4.60133e-19	8.85112e-19
15948.10000	-5.18262e-19	8.65498e-19
15949.80000	1.04909e-18	8.13915e-19
15951.40000	1.10198e-18	8.17023e-19
15953.00000	1.63362e-19	8.74563e-19
15954.70000	7.73382e-19	8.97448e-19
15956.30000	9.68197e-19	8.67378e-19
15957.90000	1.53859e-18	8.54113e-19
15959.50000	1.80427e-18	8.27830e-19
15961.20000	-5.48116e-20	7.99755e-19
15962.80000	1.04920e-19	8.10504e-19
15964.40000	1.48354e-18	8.34151e-19
15966.10000	1.98468e-18	8.90216e-19
15967.70000	1.61249e-18	1.07490e-18
15969.30000	-5.72462e-19	2.06903e-18
15971.00000	-3.68161e-18	5.62391e-18
15972.60000	-4.87974e-18	6.98753e-18
15974.20000	3.57522e-19	5.39053e-18
15975.80000	2.25207e-18	1.96402e-18
15977.50000	7.75494e-19	1.11567e-18
15979.10000	2.96840e-19	9.37842e-19
15980.70000	1.67635e-18	9.93584e-19
15982.40000	2.35638e-19	9.63229e-19
15984.00000	1.18742e-18	1.04005e-18
15985.60000	1.28133e-18	1.13086e-18
15987.20000	3.57228e-19	9.77707e-19
15988.90000	8.95120e-19	8.02836e-19
15990.50000	3.16684e-19	8.35956e-19
15992.10000	4.11172e-19	8.46628e-19
15993.80000	-1.83512e-19	8.17528e-19
15995.40000	-4.17595e-19	8.09571e-19
15997.00000	1.82722e-18	8.00142e-19
15998.60000	1.09397e-18	7.96263e-19
16000.30000	4.58596e-19	7.96450e-19
16001.90000	-6.02045e-19	7.90794e-19
16003.50000	8.39476e-19	8.52931e-19
16005.20000	-1.97752e-19	8.03572e-19
16006.80000	-5.62746e-19	7.83575e-19
16008.40000	1.65339e-18	8.07371e-19
16010.00000	3.20269e-18	9.03235e-19
16011.70000	9.03074e-19	8.88542e-19
16013.30000	4.19520e-19	9.39827e-19
16014.90000	1.48185e-18	9.54678e-19
16016.60000	2.04916e-18	9.24842e-19
16018.20000	1.18937e-18	9.02536e-19
16019.80000	9.06820e-19	8.99505e-19
16021.40000	1.42234e-18	9.34531e-19
16023.10000	5.65454e-19	1.00980e-18
16024.70000	3.92389e-19	1.14965e-18
16026.30000	4.93953e-18	1.67917e-18
16028.00000	-1.01194e-17	4.66832e-18
16029.60000	-5.87356e-17	1.20695e-17
16031.20000	-4.93553e-17	1.33450e-17
16032.90000	-4.07777e-17	9.65396e-18
16034.50000	2.48477e-18	2.69188e-18
16036.10000	3.55720e-18	1.31165e-18
16037.70000	-4.28511e-18	1.10800e-18
16039.40000	4.69336e-18	1.24656e-18
16041.00000	-1.01471e-18	1.51151e-18
16042.60000	1.12383e-18	1.70003e-18
16044.30000	-8.95586e-19	1.40975e-18
16045.90000	1.51438e-18	9.81566e-19
16047.50000	1.64844e-18	8.36673e-19
16049.10000	4.05783e-19	8.24020e-19
16050.80000	9.61032e-19	8.48400e-19
16052.40000	2.34536e-18	8.79439e-19
16054.00000	2.30128e-18	9.68075e-19
16055.70000	-4.25613e-19	1.25870e-18
16057.30000	-6.64830e-20	1.60224e-18
16058.90000	-1.35151e-18	1.57898e-18
16060.50000	1.29634e-18	1.28666e-18
16062.20000	1.64698e-18	1.05520e-18
16063.80000	1.59902e-19	9.98676e-19
16065.40000	2.68884e-18	1.09978e-18
16067.10000	2.75351e-18	1.21931e-18
16068.70000	-7.80788e-19	1.15744e-18
16070.30000	1.58364e-19	1.10421e-18
16071.90000	8.06399e-19	1.27054e-18
16073.60000	2.01481e-18	1.40533e-18
16075.20000	3.99631e-18	1.67064e-18
16076.80000	-5.32190e-18	3.62231e-18
16078.50000	-1.27496e-17	7.89133e-18
16080.10000	-1.47499e-17	8.03202e-18
16081.70000	5.69921e-18	5.66876e-18
16083.30000	4.13103e-18	1.83216e-18
16085.00000	-1.17211e-18	1.28052e-18
16086.60000	2.89496e-18	1.05047e-18
16088.20000	1.31132e-18	9.04337e-19
16089.90000	1.62224e-18	8.92810e-19
16091.50000	-9.80815e-19	9.32381e-19
16093.10000	1.05264e-18	9.54183e-19
16094.80000	8.82874e-19	1.02125e-18
16096.40000	3.06379e-19	1.12289e-18
16098.00000	1.57824e-18	1.11063e-18
16099.60000	1.46932e-18	9.83527e-19
16101.30000	4.31400e-19	8.64122e-19
16102.90000	7.99496e-19	8.71427e-19
16104.50000	3.27320e-19	8.65529e-19
16106.20000	1.39177e-18	8.32498e-19
16107.80000	2.09416e-18	8.34015e-19
16109.40000	1.47375e-18	9.01343e-19
16111.00000	1.60852e-18	8.67419e-19
16112.70000	1.71262e-18	8.43673e-19
16114.30000	1.18478e-19	8.90743e-19
16115.90000	1.26010e-18	1.10929e-18
16117.60000	-1.67014e-18	1.50391e-18
16119.20000	2.69524e-18	1.59416e-18
16120.80000	1.23139e-19	1.42609e-18
16122.40000	1.27290e-18	1.27383e-18
16124.10000	6.36167e-18	1.75480e-18
16125.70000	-2.07094e-18	5.58858e-18
16127.30000	1.05279e-16	1.48561e-17
16129.00000	2.37572e-17	1.33859e-17
16130.60000	5.57211e-18	8.96845e-18
16132.20000	1.49561e-17	2.87392e-18
16133.80000	-7.52958e-18	1.38175e-18
16135.50000	6.66043e-18	1.09949e-18
16137.10000	-3.25734e-18	9.84057e-19
16138.70000	2.32984e-18	9.18955e-19
16140.40000	-2.57460e-19	9.00516e-19
16142.00000	1.27062e-18	1.01709e-18
16143.60000	9.65151e-19	1.37401e-18
16145.20000	3.46273e-20	1.01858e-18
16146.90000	1.10999e-18	8.67310e-19
16148.50000	-4.96638e-19	8.59540e-19
16150.10000	2.30505e-18	8.99689e-19
16151.80000	1.11141e-18	9.38058e-19
16153.40000	-9.53604e-20	9.35252e-19
16155.00000	-4.93581e-19	9.33442e-19
16156.70000	-1.56821e-18	1.22385e-18
16158.30000	-6.03208e-19	1.91314e-18
16159.90000	-1.84105e-18	2.03750e-18
16161.50000	1.05451e-18	1.56417e-18
16163.20000	-1.62186e-19	1.00058e-18
16164.80000	5.00591e-19	9.19192e-19
16166.40000	2.81412e-20	8.41927e-19
16168.10000	9.48567e-19	8.65626e-19
16169.70000	2.04350e-18	9.72805e-19
16171.30000	1.20499e-18	1.06571e-18
16172.90000	8.97132e-19	1.06920e-18
16174.60000	1.62448e-18	9.83592e-19
16176.20000	1.84482e-18	9.30308e-19
16177.80000	1.51996e-18	8.99381e-19
16179.50000	1.49748e-18	8.64134e-19
16181.10000	1.92266e-18	8.59902e-19
16182.70000	8.23102e-19	8.80150e-19
16184.30000	6.86959e-19	9.67508e-19
16186.00000	2.37758e-18	9.20773e-19
16187.60000	7.99552e-19	1.00263e-18
16189.20000	-2.52077e-18	1.09817e-18
16190.90000	5.50050e-18	1.66601e-18
16192.50000	-1.23037e-17	4.63664e-18
16194.10000	-9.34436e-18	7.00157e-18
16195.70000	-2.76693e-17	6.44589e-18
16197.40000	-3.47098e-18	2.96226e-18
16199.00000	1.76916e-18	1.25520e-18
16200.60000	-4.83722e-19	9.58214e-19
16202.30000	1.08094e-19	9.06470e-19
16203.90000	9.65498e-19	8.98142e-19
16205.50000	-4.38747e-19	1.00366e-18
16207.20000	9.22458e-20	1.33297e-18
16208.80000	-1.00218e-19	1.56784e-18
16210.40000	1.20760e-18	1.63000e-18
16212.00000	8.50653e-19	1.39585e-18
16213.70000	1.77320e-18	1.12394e-18
16215.30000	-9.96277e-19	9.80499e-19
16216.90000	-9.42766e-19	1.00420e-18
16218.60000	1.41959e-18	1.31413e-18
16220.20000	3.17126e-18	1.91640e-18
16221.80000	1.26308e-18	2.33161e-18
16223.40000	2.32484e-18	2.28266e-18
16225.10000	-1.55413e-18	1.72090e-18
16226.70000	6.56287e-18	1.70681e-18
16228.30000	-2.48311e-18	2.10319e-18
16230.00000	5.15478e-18	2.34662e-18
16231.60000	4.32891e-18	3.20178e-18
16233.20000	-5.55076e-17	7.52544e-18
16234.80000	-3.78842e-17	1.06908e-17
16236.50000	-5.25916e-17	9.71365e-18
16238.10000	-7.62541e-18	4.73149e-18
16239.70000	5.01260e-18	1.63217e-18
16241.40000	-4.33618e-18	1.10900e-18
16243.00000	3.68777e-18	1.35294e-18
16244.60000	5.92924e-19	1.93521e-18
16246.20000	4.20612e-18	2.02952e-18
16247.90000	6.71097e-19	1.58965e-18
16249.50000	9.32338e-19	1.20315e-18
16251.10000	2.46618e-18	1.45035e-18
16252.80000	-1.94746e-19	1.58148e-18
16254.40000	9.45366e-19	1.42768e-18
16256.00000	1.38939e-18	1.14564e-18
16257.60000	9.76667e-19	1.32058e-18
16259.30000	1.31298e-18	1.21069e-18
16260.90000	1.24566e-18	1.08131e-18
16262.50000	1.09822e-18	1.00855e-18
16264.20000	5.31717e-19	1.03322e-18
16265.80000	1.08434e-19	1.18260e-18
16267.40000	2.44334e-18	1.26751e-18
16269.10000	2.05179e-18	1.92560e-18
16270.70000	-9.90328e-19	2.03259e-18
16272.30000	-5.65450e-19	1.53054e-18
16273.90000	2.14051e-18	9.51470e-19
16275.60000	3.95364e-18	9.05069e-19
16277.20000	2.89010e-18	1.18757e-18
16278.80000	7.06061e-19	1.50169e-18
16280.50000	-4.44392e-21	1.48692e-18
16282.10000	3.59270e-20	1.14351e-18
16283.70000	-9.33832e-19	8.84296e-19
16285.30000	-6.66167e-20	8.63387e-19
16287.00000	9.19724e-20	8.46001e-19
16288.60000	2.18577e-19	8.34835e-19
16290.20000	4.33328e-19	8.42438e-19
16291.90000	7.32699e-19	8.35206e-19
16293.50000	1.03655e-18	8.06723e-19
16295.10000	2.34763e-18	7.78834e-19
16296.70000	1.51032e-18	7.81871e-19
16298.40000	-4.76478e-19	9.05737e-19
16300.00000	-1.55941e-19	1.63188e-18
16301.60000	2.69991e-18	2.45330e-18
16303.30000	-1.21381e-18	2.47403e-18
16304.90000	-4.36338e-19	2.07122e-18
16306.50000	2.52360e-18	1.96994e-18
16308.10000	2.12587e-18	1.95884e-18
16309.80000	2.41255e-18	1.52164e-18
16311.40000	4.73958e-18	1.12068e-18
16313.00000	1.89244e-18	1.48973e-18
16314.70000	1.39225e-17	3.45079e-18
16316.30000	1.43814e-17	5.40713e-18
16317.90000	1.72323e-17	5.20004e-18
16319.50000	1.14067e-17	2.64869e-18
16321.20000	1.75421e-18	1.16899e-18
16322.80000	3.06523e-18	8.70101e-19
16324.40000	1.33185e-18	8.39024e-19
16326.10000	1.40513e-18	8.24407e-19
16327.70000	1.46441e-18	8.13177e-19
16329.30000	1.23489e-18	8.08791e-19
16331.00000	2.33583e-18	8.07240e-19
16332.60000	6.88771e-19	8.34838e-19
16334.20000	1.33250e-18	9.32508e-19
16335.80000	8.55904e-19	1.08481e-18
16337.50000	1.22392e-18	1.24831e-18
16339.10000	5.01508e-18	2.23199e-18
16340.70000	9.84116e-18	3.71637e-18
16342.40000	5.65419e-18	3.94813e-18
16344.00000	-6.49158e-19	3.25914e-18
16345.60000	1.20516e-18	1.94907e-18
16347.20000	-2.68092e-18	2.11029e-18
16348.90000	2.04157e-17	4.82951e-18
16350.50000	2.60996e-17	7.37795e-18
16352.10000	3.98958e-18	7.12799e-18
16353.80000	1.18812e-17	4.24543e-18
16355.40000	-2.46306e-18	2.08996e-18
16357.00000	4.17369e-18	1.84091e-18
16358.60000	-3.30205e-18	2.67750e-18
16360.30000	-9.31734e-19	3.05668e-18
16361.90000	9.38636e-19	2.76042e-18
16363.50000	-6.78006e-20	2.18775e-18
16365.20000	1.46245e-18	1.89625e-18
16366.80000	6.29565e-19	1.72355e-18
16368.40000	-3.81521e-19	1.49630e-18
16370.00000	2.30077e-18	1.47823e-18
16371.70000	2.09471e-18	1.41208e-18
16373.30000	1.94369e-18	1.26139e-18
16374.90000	1.17198e-18	1.01239e-18
16376.60000	1.39824e-18	8.58528e-19
16378.20000	6.48560e-19	8.43839e-19
16379.80000	1.75806e-18	8.42847e-19
16381.40000	1.26242e-18	8.56665e-19
16383.10000	5.06609e-19	9.25376e-19
16384.70000	9.90022e-19	1.35895e-18
16386.30000	8.15007e-18	3.77469e-18
16388.00000	1.69400e-17	5.90785e-18
16389.60000	1.93337e-17	5.56116e-18
16391.20000	4.95250e-18	2.53355e-18
16392.90000	4.90176e-19	1.23371e-18
16394.50000	1.37255e-18	1.13917e-18
16396.10000	1.41565e-21	1.32447e-18
16397.70000	-7.68264e-19	1.34274e-18
16399.40000	-8.15754e-19	1.14485e-18
16401.00000	-4.59484e-19	9.36889e-19
16402.60000	4.17631e-19	8.46034e-19
16404.30000	8.60263e-19	8.40680e-19
16405.90000	1.34323e-18	8.99455e-19
16407.50000	-4.31471e-19	1.10584e-18
16409.10000	7.38932e-19	1.22896e-18
16410.80000	4.34531e-20	1.39847e-18
16412.40000	4.38493e-18	2.44882e-18
16414.00000	1.13216e-17	3.98306e-18
16415.70000	6.04936e-18	3.82941e-18
16417.30000	5.38835e-19	1.91183e-18
16418.90000	5.19006e-19	9.98499e-19
16420.50000	2.35022e-19	8.31291e-19
16422.20000	4.83519e-19	8.15203e-19
16423.80000	2.37419e-19	8.03888e-19
16425.40000	-7.87406e-20	8.07794e-19
16427.10000	-3.17067e-20	8.20648e-19
16428.70000	2.08514e-18	8.38572e-19
16430.30000	3.20221e-19	8.55789e-19
16431.90000	-4.38155e-19	8.69262e-19
16433.60000	-4.33908e-20	8.89508e-19
16435.20000	-1.03728e-19	9.53642e-19
16436.80000	2.54749e-18	1.21503e-18
16438.50000	-5.06383e-18	2.11516e-18
16440.10000	4.58332e-17	5.49463e-18
16441.70000	3.16236e-17	8.16376e-18
16443.30000	3.29647e-18	7.33442e-18
16445.00000	4.16543e-18	4.33007e-18
16446.60000	-4.69713e-19	3.67378e-18
16448.20000	-6.95843e-18	3.53831e-18
16449.90000	-3.09961e-18	2.49491e-18
16451.50000	1.22293e-18	1.46705e-18
16453.10000	1.20403e-18	1.27608e-18
16454.80000	1.62855e-18	1.31967e-18
16456.40000	9.00198e-19	1.33399e-18
16458.00000	-6.35692e-20	1.31363e-18
16459.60000	-4.60605e-19	1.27691e-18
16461.30000	2.02068e-18	1.12109e-18
16462.90000	9.45035e-19	9.34383e-19
16464.50000	8.56111e-19	8.52689e-19
16466.20000	1.71895e-18	8.49595e-19
16467.80000	1.92015e-18	8.63385e-19
16469.40000	-3.11494e-19	8.76563e-19
16471.00000	1.16623e-18	9.29480e-19
16472.70000	-1.92774e-18	1.58344e-18
16474.30000	7.77982e-18	3.39967e-18
16475.90000	1.49529e-17	5.06377e-18
16477.60000	1.44692e-17	6.43434e-18
16479.20000	-1.67004e-17	6.11069e-18
16480.80000	-4.84753e-18	4.22017e-18
16482.40000	3.05482e-19	1.63244e-18
16484.10000	1.77332e-19	1.03388e-18
16485.70000	1.32107e-18	9.12130e-19
16487.30000	1.58689e-18	8.48897e-19
16489.00000	2.62854e-18	8.72854e-19
16490.60000	1.67432e-18	8.39942e-19
16492.20000	1.13358e-18	8.22710e-19
16493.80000	7.08171e-19	8.49052e-19
16495.50000	1.91029e-18	9.41145e-19
16497.10000	2.15775e-18	1.10229e-18
16498.70000	-3.16812e-18	1.93091e-18
16500.40000	4.08940e-17	6.40737e-18
16502.00000	2.02491e-17	9.39290e-18
16503.60000	1.68171e-17	8.36039e-18
16505.20000	6.96261e-18	3.36751e-18
16506.90000	-3.05236e-18	1.28540e-18
16508.50000	4.06377e-18	9.61863e-19
16510.10000	5.17187e-20	8.73370e-19
16511.80000	1.51787e-18	8.44052e-19
16513.40000	3.07312e-19	8.10195e-19
16515.00000	1.22311e-18	7.96978e-19
16516.70000	8.63437e-19	7.95075e-19
16518.30000	1.25739e-18	8.09209e-19
16519.90000	1.74598e-18	8.19667e-19
16521.50000	7.61966e-19	8.16317e-19
16523.20000	4.16284e-19	7.98963e-19
16524.80000	-7.45783e-19	1.01952e-18
16526.40000	-6.25321e-19	1.36246e-18
16528.10000	-9.35680e-20	1.65398e-18
16529.70000	4.82197e-19	1.66588e-18
16531.30000	1.35307e-18	1.48992e-18
16532.90000	2.41958e-18	1.18812e-18
16534.60000	2.22900e-18	9.16501e-19
16536.20000	1.56432e-18	1.00486e-18
16537.80000	2.00048e-18	1.39596e-18
16539.50000	1.94744e-18	1.50911e-18
16541.10000	5.40763e-19	1.48615e-18
16542.70000	-4.09603e-19	1.48223e-18
16544.30000	6.51618e-19	1.32738e-18
16546.00000	2.30621e-18	9.98271e-19
16547.60000	1.12016e-18	8.60282e-19
16549.20000	-3.00452e-19	9.61073e-19
16550.90000	-1.53004e-18	2.11406e-18
16552.50000	-3.55000e-19	4.90722e-18
16554.10000	1.85594e-17	5.40603e-18
16555.70000	2.26408e-18	4.36404e-18
16557.40000	1.05200e-18	1.69507e-18
16559.00000	5.20169e-19	1.28297e-18
16560.60000	2.08708e-18	1.31431e-18
16562.30000	8.64250e-19	9.12298e-19
16563.90000	1.03834e-18	8.03922e-19
16565.50000	4.29040e-19	7.80147e-19
16567.20000	1.56041e-18	7.91014e-19
16568.80000	1.27095e-18	7.83345e-19
16570.40000	7.97105e-19	7.50876e-19
16572.00000	1.36587e-18	7.59931e-19
16573.70000	2.17654e-18	8.27965e-19
16575.30000	1.24941e-18	7.73794e-19
16576.90000	6.40876e-19	7.60361e-19
16578.60000	3.49509e-20	7.66552e-19
16580.20000	4.40267e-19	7.69972e-19
16581.80000	2.02358e-18	8.36986e-19
16583.40000	3.04219e-19	1.31128e-18
16585.10000	-2.47839e-18	2.12640e-18
16586.70000	-2.06372e-18	2.25394e-18
16588.30000	9.42402e-19	1.70327e-18
16590.00000	-4.35203e-19	1.01643e-18
16591.60000	3.91345e-19	9.40865e-19
16593.20000	5.94921e-20	8.07500e-19
16594.80000	-1.98262e-19	8.24261e-19
16596.50000	1.45616e-18	7.97199e-19
16598.10000	6.59058e-19	7.66152e-19
16599.70000	1.75569e-18	7.62436e-19
16601.40000	1.32463e-18	7.72534e-19
16603.00000	1.75048e-18	8.00464e-19
16604.60000	9.93968e-19	8.24523e-19
16606.20000	1.41543e-18	9.67934e-19
16607.90000	8.94682e-19	1.68784e-18
16609.50000	2.37842e-18	2.53928e-18
16611.10000	1.82386e-18	2.85598e-18
16612.80000	3.32157e-19	2.26007e-18
16614.40000	-2.75249e-19	1.38291e-18
16616.00000	-1.26905e-19	8.54408e-19
16617.60000	-1.28290e-19	7.95919e-19
16619.30000	2.77868e-19	7.81236e-19
16620.90000	5.08266e-19	7.71887e-19
16622.50000	6.71137e-19	7.56412e-19
16624.20000	4.54011e-20	7.85537e-19
16625.80000	4.89264e-19	7.53193e-19
16627.40000	-4.96275e-20	7.51824e-19
16629.10000	-1.49211e-19	7.44806e-19
16630.70000	1.93470e-18	7.43350e-19
16632.30000	9.37177e-19	8.00124e-19
16633.90000	1.09420e-18	7.70283e-19
16635.60000	1.06145e-18	8.24900e-19
16637.20000	2.11275e-18	8.63353e-19
16638.80000	1.70328e-18	8.60361e-19
16640.50000	2.85712e-18	8.15740e-19
16642.10000	3.19602e-18	8.05636e-19
16643.70000	2.65696e-18	9.21952e-19
16645.30000	3.93854e-18	7.78518e-19
16647.00000	4.07874e-18	7.57968e-19
16648.60000	2.72738e-18	7.56907e-19
16650.20000	1.81688e-18	7.84099e-19
16651.90000	6.38361e-19	9.02974e-19
16653.50000	1.84521e-18	1.08746e-18
16655.10000	8.06586e-19	1.10847e-18
16656.70000	1.13535e-18	1.15123e-18
16658.40000	2.22089e-18	1.48095e-18
16660.00000	2.02217e-18	1.46917e-18
16661.60000	1.50328e-18	1.28734e-18
16663.30000	1.07609e-18	9.60769e-19
16664.90000	8.52353e-19	1.14202e-18
16666.50000	-9.57321e-19	1.15819e-18
16668.10000	7.50559e-19	1.04034e-18
16669.80000	2.22330e-18	8.14099e-19
16671.40000	1.65149e-18	7.64800e-19
16673.00000	1.18626e-18	7.70676e-19
16674.70000	1.91094e-18	7.83137e-19
16676.30000	3.80913e-19	7.98314e-19
16677.90000	1.55491e-18	9.10052e-19
16679.50000	1.38743e-18	8.33262e-19
16681.20000	4.23233e-19	8.58379e-19
16682.80000	2.46662e-18	9.30064e-19
16684.40000	-3.48596e-18	1.10100e-18
16686.10000	7.73534e-18	2.02598e-18
16687.70000	-1.94911e-17	4.36384e-18
16689.30000	2.95180e-17	7.41137e-18
16691.00000	1.26408e-16	1.37977e-17
16692.60000	3.80118e-17	1.46970e-17
16694.20000	3.57711e-17	1.03665e-17
16695.80000	-9.91809e-18	3.26700e-18
16697.50000	4.35743e-18	1.54093e-18
16699.10000	-2.55105e-19	1.53430e-18
16700.70000	-4.66591e-18	2.40426e-18
16702.40000	2.06028e-18	2.79791e-18
16704.00000	-2.92679e-18	3.08229e-18
16705.60000	4.47341e-18	3.63511e-18
16707.20000	-7.29352e-18	7.49127e-18
16708.90000	-9.48215e-18	8.83566e-18
16710.50000	1.79683e-17	6.92446e-18
16712.10000	-4.55860e-18	2.88613e-18
16713.80000	4.13364e-18	1.42476e-18
16715.40000	4.97598e-19	1.24242e-18
16717.00000	-6.02984e-19	1.79773e-18
16718.60000	-6.45321e-20	1.75425e-18
16720.30000	4.93325e-19	1.61734e-18
16721.90000	-1.30231e-19	1.65219e-18
16723.50000	4.25346e-19	1.98939e-18
16725.20000	-8.13414e-20	1.95529e-18
16726.80000	1.27074e-19	1.52434e-18
16728.40000	-2.80786e-18	1.71109e-18
16730.00000	1.16977e-17	3.53174e-18
16731.70000	5.06539e-18	4.97424e-18
16733.30000	-2.02209e-18	5.00298e-18
16734.90000	-1.08664e-18	3.53829e-18
16736.60000	-3.29311e-19	1.61293e-18
16738.20000	1.99061e-19	9.27916e-19
16739.80000	1.41306e-18	8.35752e-19
16741.40000	-3.83867e-20	8.15006e-19
16743.10000	1.43241e-18	8.08024e-19
16744.70000	1.32203e-18	7.98727e-19
16746.30000	1.01347e-18	8.15313e-19
16748.00000	5.64840e-20	8.47790e-19
16749.60000	1.36120e-18	9.28470e-19
16751.20000	-3.73866e-19	1.23770e-18
16752.90000	2.48460e-18	1.84361e-18
16754.50000	5.16649e-18	2.24514e-18
16756.10000	3.67707e-18	2.11275e-18
16757.70000	1.67712e-18	1.67658e-18
16759.40000	1.87031e-18	1.63511e-18
16761.00000	4.29682e-18	2.07752e-18
16762.60000	-1.43302e-18	2.45742e-18
16764.30000	-3.53753e-18	2.49726e-18
16765.90000	2.80453e-18	2.06575e-18
16767.50000	2.86136e-19	1.38191e-18
16769.10000	2.05256e-18	8.74066e-19
16770.80000	7.73754e-19	7.94398e-19
16772.40000	1.99810e-18	8.01680e-19
16774.00000	4.29391e-19	8.05700e-19
16775.70000	3.01286e-19	7.97786e-19
16777.30000	7.93141e-19	7.83945e-19
16778.90000	1.67237e-18	7.82466e-19
16780.50000	8.08981e-19	7.76166e-19
16782.20000	1.21413e-18	7.78531e-19
16783.80000	1.60844e-18	7.82138e-19
16785.40000	7.07917e-19	7.85978e-19
16787.10000	2.56452e-19	7.81875e-19
16788.70000	1.48963e-18	7.76375e-19
16790.30000	1.68704e-18	7.94098e-19
16791.90000	1.79525e-18	8.83315e-19
16793.60000	7.64453e-19	9.49787e-19
16795.20000	3.69003e-18	9.53107e-19
16796.80000	2.41808e-18	1.00451e-18
16798.50000	3.21695e-18	1.22843e-18
16800.10000	4.68312e-18	1.29624e-18
16801.70000	7.54581e-18	1.23869e-18
16803.30000	9.40155e-18	1.26193e-18
16805.00000	9.09802e-18	1.30203e-18
16806.60000	7.80710e-18	1.15567e-18
16808.20000	6.66448e-18	9.11940e-19
16809.90000	5.54130e-18	8.30547e-19
16811.50000	5.17557e-18	8.01535e-19
16813.10000	3.42811e-18	7.97559e-19
16814.80000	3.17327e-18	7.98386e-19
16816.40000	1.84529e-18	8.02753e-19
16818.00000	1.44044e-18	8.02097e-19
16819.60000	1.81182e-18	7.93459e-19
16821.30000	1.62637e-18	8.06357e-19
16822.90000	1.28822e-18	8.19200e-19
16824.50000	2.89550e-18	8.15436e-19
16826.20000	1.69646e-18	8.15643e-19
16827.80000	2.01139e-18	8.08774e-19
16829.40000	8.20120e-19	8.09633e-19
16831.00000	6.03490e-19	8.16274e-19
16832.70000	1.10308e-18	8.48568e-19
16834.30000	1.10383e-18	9.41251e-19
16835.90000	-3.84037e-19	1.09646e-18
16837.60000	3.56198e-18	2.62309e-18
16839.20000	-1.26878e-17	6.29511e-18
16840.80000	-1.50745e-17	6.87127e-18
16842.40000	-5.76955e-18	4.39721e-18
16844.10000	-2.52112e-18	1.73697e-18
16845.70000	2.42045e-18	1.11641e-18
16847.30000	3.28431e-19	9.48005e-19
16849.00000	1.58297e-18	8.58012e-19
16850.60000	1.10471e-19	8.85752e-19
16852.20000	1.11778e-18	9.40616e-19
16853.80000	2.19457e-18	9.26331e-19
16855.50000	7.95234e-19	8.50901e-19
16857.10000	1.95341e-18	8.31721e-19
16858.70000	2.02189e-18	8.95662e-19
16860.40000	1.29169e-18	7.93546e-19
16862.00000	1.23135e-18	7.91592e-19
16863.60000	1.10358e-18	7.98854e-19
16865.20000	-1.84328e-19	7.83431e-19
16866.90000	-3.57174e-20	7.98060e-19
16868.50000	1.88495e-18	9.34405e-19
16870.10000	2.51115e-18	1.15680e-18
16871.80000	6.82363e-19	1.22484e-18
16873.40000	1.23481e-18	1.14451e-18
16875.00000	2.00519e-18	1.32561e-18
16876.70000	1.03150e-18	1.42933e-18
16878.30000	4.92367e-19	1.31700e-18
16879.90000	7.38639e-19	1.01714e-18
16881.50000	1.69679e-19	1.02104e-18
16883.20000	6.59673e-19	1.10961e-18
16884.80000	-7.25875e-20	1.06798e-18
16886.40000	1.50800e-18	1.12385e-18
16888.10000	8.51046e-19	1.44685e-18
16889.70000	1.40915e-18	1.67104e-18
16891.30000	8.47346e-19	1.50296e-18
16892.90000	3.50826e-19	1.16496e-18
16894.60000	6.31174e-19	1.07028e-18
16896.20000	1.07852e-18	1.25602e-18
16897.80000	3.40694e-19	1.58761e-18
16899.50000	2.12981e-18	2.32151e-18
16901.10000	7.97630e-18	6.13656e-18
16902.70000	1.10565e-18	1.49379e-17
16904.30000	2.41492e-17	1.39487e-17
16906.00000	3.23530e-17	6.97564e-18
16907.60000	-6.06765e-18	3.25475e-18
16909.20000	2.29593e-18	2.40190e-18
16910.90000	-1.45204e-18	1.97451e-18
16912.50000	-1.27708e-18	1.63196e-18
16914.10000	-8.44886e-20	1.42433e-18
16915.70000	1.78303e-19	1.18722e-18
16917.40000	1.29484e-18	9.29553e-19
16919.00000	6.11588e-19	8.50520e-19
16920.60000	7.40577e-19	8.12949e-19
16922.30000	4.72508e-19	7.94103e-19
16923.90000	4.43900e-19	8.03408e-19
16925.50000	4.67145e-19	8.12229e-19
16927.20000	1.07982e-19	8.24260e-19
16928.80000	7.77349e-19	8.27051e-19
16930.40000	1.96047e-18	8.23379e-19
16932.00000	-2.09279e-19	8.21835e-19
16933.70000	6.15111e-20	8.22587e-19
16935.30000	1.21943e-18	7.98204e-19
16936.90000	1.33257e-18	7.70098e-19
16938.60000	1.12820e-18	7.77854e-19
16940.20000	1.47411e-18	7.78440e-19
16941.80000	1.16966e-19	8.04670e-19
16943.40000	-6.75095e-19	9.26743e-19
16945.10000	1.00842e-18	1.01442e-18
16946.70000	3.84597e-19	1.00057e-18
16948.30000	-5.57013e-21	9.36287e-19
16950.00000	-1.80518e-18	1.03764e-18
16951.60000	-3.99448e-18	1.87181e-18
16953.20000	-2.34617e-17	5.90699e-18
16954.80000	3.57616e-18	8.05902e-18
16956.50000	2.16585e-17	6.70030e-18
16958.10000	4.52200e-18	2.36815e-18
16959.70000	-2.53484e-19	1.18702e-18
16961.40000	1.29086e-18	9.32555e-19
16963.00000	6.88290e-19	8.48644e-19
16964.60000	1.04885e-18	8.14880e-19
16966.20000	8.63525e-19	7.99717e-19
16967.90000	1.26710e-18	7.91718e-19
16969.50000	5.62330e-19	8.02561e-19
16971.10000	2.44923e-18	1.06035e-18
16972.80000	1.24378e-18	9.46651e-19
16974.40000	1.24225e-18	8.09445e-19
16976.00000	-4.80012e-19	8.53299e-19
16977.60000	1.06607e-18	8.68640e-19
16979.30000	1.62400e-18	7.76985e-19
16980.90000	1.05909e-18	7.87510e-19
16982.50000	3.63225e-19	8.04791e-19
16984.20000	6.45036e-19	9.33879e-19
16985.80000	7.84601e-19	9.03685e-19
16987.40000	3.59439e-19	9.43148e-19
16989.10000	5.13686e-19	1.07093e-18
16990.70000	1.84758e-18	1.10554e-18
16992.30000	2.62019e-18	1.03584e-18
16993.90000	1.98566e-19	9.10647e-19
16995.60000	1.34601e-18	9.16891e-19
16997.20000	8.01451e-19	9.42944e-19
16998.80000	-4.29449e-19	9.48343e-19
17000.50000	3.58640e-18	9.73073e-19
17002.10000	-3.07027e-18	1.07883e-18
17003.70000	7.46881e-18	1.41145e-18
17005.30000	-1.39248e-17	3.36216e-18
17007.00000	7.23417e-17	1.13989e-17
17008.60000	3.07118e-17	1.38313e-17
17010.20000	-1.61478e-17	1.14595e-17
17011.90000	1.47296e-17	4.32734e-18
17013.50000	-6.65771e-18	2.16992e-18
17015.10000	3.45005e-18	1.46957e-18
17016.70000	-2.63301e-19	1.06318e-18
17018.40000	-1.16855e-18	9.27937e-19
17020.00000	1.93861e-18	8.77884e-19
17021.60000	9.06200e-19	9.32486e-19
17023.30000	2.47243e-18	9.59367e-19
17024.90000	7.02961e-19	8.11092e-19
17026.50000	2.00744e-18	8.18472e-19
17028.10000	1.26879e-18	8.81426e-19
17029.80000	6.91720e-19	9.02371e-19
17031.40000	1.13177e-20	8.44949e-19
17033.00000	-2.68042e-19	8.14246e-19
17034.70000	-9.66517e-19	8.03909e-19
17036.30000	-2.30909e-19	8.03804e-19
17037.90000	5.26660e-19	8.06147e-19
17039.50000	-3.14842e-19	8.07067e-19
17041.20000	8.67870e-19	8.03502e-19
17042.80000	-5.93880e-20	7.91374e-19
17044.40000	3.63676e-19	7.94726e-19
17046.10000	1.04776e-18	8.14671e-19
17047.70000	-2.31008e-19	8.94616e-19
17049.30000	1.40218e-18	1.00751e-18
17051.00000	1.62638e-18	1.07244e-18
17052.60000	1.37106e-18	1.28490e-18
17054.20000	1.02706e-18	1.83521e-18
17055.80000	-1.98490e-18	2.59079e-18
17057.50000	2.88935e-19	2.33086e-18
17059.10000	1.57226e-18	1.70487e-18
17060.70000	1.35340e-18	9.91110e-19
17062.40000	1.55398e-18	8.27107e-19
17064.00000	-7.87502e-19	8.20686e-19
17065.60000	3.82516e-19	8.29745e-19
17067.20000	8.94477e-19	1.01110e-18
17068.90000	6.71677e-19	1.58194e-18
17070.50000	1.23414e-18	1.84522e-18
17072.10000	-3.35234e-19	1.85385e-18
17073.80000	4.25096e-18	1.93941e-18
17075.40000	-7.03855e-18	3.24874e-18
17077.00000	-3.20654e-17	6.97150e-18
17078.60000	-1.57511e-17	7.80198e-18
17080.30000	-4.55364e-19	5.36293e-18
17081.90000	4.06123e-18	1.73880e-18
17083.50000	2.07701e-19	1.07977e-18
17085.20000	1.68530e-18	9.63928e-19
17086.80000	6.97993e-20	9.59212e-19
17088.40000	-9.75580e-19	9.34041e-19
17090.00000	-2.90108e-19	8.56581e-19
17091.70000	-6.70617e-19	9.38278e-19
17093.30000	-4.44560e-19	9.16900e-19
17094.90000	1.40273e-18	9.12008e-19
17096.60000	1.56116e-18	1.01120e-18
17098.20000	-2.71652e-19	1.25618e-18
17099.80000	9.83284e-19	1.50363e-18
17101.40000	2.57193e-19	1.57583e-18
17103.10000	1.30671e-18	1.70102e-18
17104.70000	1.45322e-18	1.69614e-18
17106.30000	3.04954e-20	1.60977e-18
17108.00000	2.46381e-18	1.54508e-18
17109.60000	-6.86530e-19	1.57523e-18
17111.20000	2.32125e-19	1.56011e-18
17112.90000	-2.23218e-18	1.45666e-18
17114.50000	2.09797e-18	1.46054e-18
17116.10000	3.11847e-18	1.40077e-18
17117.70000	-2.86814e-18	1.36546e-18
17119.40000	1.24782e-17	2.02345e-18
17121.00000	-3.18744e-17	5.70421e-18
17122.60000	-3.95450e-17	1.09037e-17
17124.30000	-2.09330e-17	1.12835e-17
17125.90000	-4.47362e-18	7.15952e-18
17127.50000	2.32396e-18	2.28487e-18
17129.10000	4.13872e-18	1.56176e-18
17130.80000	6.69787e-19	1.04545e-18
17132.40000	2.21495e-18	9.25131e-19
17134.00000	2.80805e-19	1.07082e-18
17135.70000	1.06212e-18	9.02923e-19
17137.30000	7.00110e-19	8.15384e-19
17138.90000	3.84783e-19	8.16336e-19
17140.50000	1.24303e-18	8.22191e-19
17142.20000	3.67548e-19	8.68204e-19
17143.80000	8.35521e-19	8.65524e-19
17145.40000	1.97741e-19	8.32950e-19
17147.10000	-6.70469e-19	8.17551e-19
17148.70000	3.03955e-19	7.94588e-19
17150.30000	1.04289e-18	7.84097e-19
17151.90000	9.70584e-19	7.92054e-19
17153.60000	1.32677e-18	7.87304e-19
17155.20000	6.92159e-19	7.71887e-19
17156.80000	9.32734e-19	7.91490e-19
17158.50000	1.02083e-18	8.17985e-19
17160.10000	8.87300e-19	8.25928e-19
17161.70000	7.52960e-19	8.50185e-19
17163.30000	1.18008e-18	9.24753e-19
17165.00000	-6.50352e-19	1.01886e-18
17166.60000	-7.91804e-20	1.07991e-18
17168.20000	-2.23039e-19	1.39653e-18
17169.90000	2.74679e-18	1.60653e-18
17171.50000	7.32009e-19	1.88080e-18
17173.10000	9.69662e-19	2.26025e-18
17174.80000	2.00642e-19	2.73529e-18
17176.40000	-1.45689e-18	2.30035e-18
17178.00000	7.23964e-19	1.89479e-18
17179.60000	2.94964e-18	1.65997e-18
17181.30000	8.58820e-19	1.47616e-18
17182.90000	1.29753e-18	1.08560e-18
17184.50000	6.58855e-19	9.56994e-19
17186.20000	1.28242e-18	1.36791e-18
17187.80000	2.67134e-18	2.15763e-18
17189.40000	2.37696e-18	2.28950e-18
17191.00000	6.49818e-19	1.71409e-18
17192.70000	-1.09859e-20	1.13723e-18
17194.30000	6.43311e-19	1.29248e-18
17195.90000	1.41725e-18	1.48532e-18
17197.60000	2.21621e-18	1.37454e-18
17199.20000	1.45618e-18	9.78597e-19
17200.80000	1.00432e-18	8.26706e-19
17202.40000	-5.16327e-19	8.30816e-19
17204.10000	4.71969e-19	8.83480e-19
17205.70000	1.55094e-18	1.05773e-18
17207.30000	-9.10151e-18	2.23045e-18
17209.00000	-1.08201e-17	5.17669e-18
17210.60000	1.42111e-17	6.11534e-18
17212.20000	5.72418e-18	4.92451e-18
17213.80000	1.50618e-18	2.94743e-18
17215.50000	-6.44804e-19	2.20947e-18
17217.10000	1.62531e-18	1.67161e-18
17218.70000	2.51951e-19	1.25071e-18
17220.40000	9.09951e-19	1.50322e-18
17222.00000	4.06309e-19	1.65799e-18
17223.60000	3.90600e-18	1.71416e-18
17225.20000	1.42532e-18	9.39612e-19
17226.90000	6.43954e-19	9.49717e-19
17228.50000	-5.41265e-19	1.33778e-18
17230.10000	8.08451e-19	1.65100e-18
17231.80000	-8.44675e-19	1.69627e-18
17233.40000	-4.19273e-19	1.42179e-18
17235.00000	3.94281e-19	1.06826e-18
17236.70000	-1.50799e-18	8.70645e-19
17238.30000	2.22415e-18	9.04803e-19
17239.90000	1.64767e-19	1.38977e-18
17241.50000	4.53858e-18	2.62338e-18
17243.20000	1.01956e-18	3.25126e-18
17244.80000	6.31006e-18	4.00828e-18
17246.40000	2.71257e-17	6.46195e-18
17248.10000	2.49281e-17	8.52442e-18
17249.70000	2.52862e-17	7.82860e-18
17251.30000	-4.17264e-18	4.54999e-18
17252.90000	2.06504e-18	1.63901e-18
17254.60000	1.21447e-18	1.58743e-18
17256.20000	5.04464e-19	2.30761e-18
17257.80000	1.81423e-18	2.68132e-18
17259.50000	-1.32942e-19	2.00507e-18
17261.10000	1.86443e-18	1.08978e-18
17262.70000	-9.20296e-20	8.99392e-19
17264.30000	1.90442e-18	8.77475e-19
17266.00000	2.16299e-18	8.76218e-19
17267.60000	1.57474e-18	8.62670e-19
17269.20000	8.90453e-19	8.70581e-19
17270.90000	-1.30437e-19	9.25046e-19
17272.50000	4.22195e-19	1.33435e-18
17274.10000	4.24975e-18	1.92072e-18
17275.70000	9.47648e-19	1.98538e-18
17277.40000	9.70517e-19	1.50443e-18
17279.00000	6.69976e-19	1.44177e-18
17280.60000	1.15808e-17	2.82329e-18
17282.30000	-4.33897e-19	4.19963e-18
17283.90000	-1.99357e-18	3.98052e-18
17285.50000	-2.75333e-19	2.39999e-18
17287.20000	2.68512e-18	1.62045e-18
17288.80000	8.92900e-19	1.42968e-18
17290.40000	9.00664e-19	1.14281e-18
17292.00000	7.55594e-19	9.01346e-19
17293.70000	-3.78506e-19	8.35967e-19
17295.30000	3.07497e-19	8.28345e-19
17296.90000	-6.93532e-19	8.39099e-19
17298.60000	9.24275e-19	8.89130e-19
17300.20000	1.76975e-18	1.37071e-18
17301.80000	1.02881e-18	2.73559e-18
17303.40000	4.04012e-18	3.13097e-18
17305.10000	2.16673e-18	2.48698e-18
17306.70000	-1.23658e-19	1.20372e-18
17308.30000	7.34887e-20	9.23379e-19
17310.00000	2.00845e-18	1.09988e-18
17311.60000	1.63038e-18	1.37559e-18
17313.20000	1.99068e-18	1.47840e-18
17314.80000	1.22038e-19	1.40834e-18
17316.50000	-6.13270e-19	1.34112e-18
17318.10000	2.44356e-20	1.49431e-18
17319.70000	2.10402e-18	1.69331e-18
17321.40000	6.82595e-19	1.60838e-18
17323.00000	1.70680e-19	1.30615e-18
17324.60000	1.86830e-19	1.26164e-18
17326.20000	2.59576e-18	1.56998e-18
17327.90000	-9.06816e-18	2.90796e-18
17329.50000	-1.96812e-17	5.88071e-18
17331.10000	-5.04439e-19	6.53480e-18
17332.80000	5.56579e-18	4.78010e-18
17334.40000	8.12141e-18	1.95514e-18
17336.00000	1.58677e-18	1.31637e-18
17337.60000	1.98870e-18	1.32220e-18
17339.30000	-1.40138e-18	1.54305e-18
17340.90000	1.21815e-18	1.62844e-18
17342.50000	-1.80722e-19	1.60031e-18
17344.20000	2.43554e-18	1.44694e-18
17345.80000	1.42733e-19	1.24875e-18
17347.40000	4.09969e-19	1.48499e-18
17349.10000	8.98370e-18	3.12600e-18
17350.70000	3.25333e-18	4.21957e-18
17352.30000	-4.84348e-18	3.92758e-18
17353.90000	-1.70966e-19	2.46703e-18
17355.60000	2.98528e-18	1.99545e-18
17357.20000	2.66867e-18	2.98627e-18
17358.80000	1.43395e-18	4.42994e-18
17360.50000	-4.99648e-18	4.34516e-18
17362.10000	-8.79344e-19	2.49460e-18
17363.70000	2.21896e-18	1.16386e-18
17365.30000	7.23671e-20	9.50562e-19
17367.00000	8.17564e-20	9.11733e-19
17368.60000	1.63613e-18	9.16964e-19
17370.20000	1.00704e-18	9.78941e-19
17371.90000	8.37974e-19	1.15290e-18
17373.50000	1.10623e-18	9.34573e-19
17375.10000	5.00824e-19	9.25394e-19
17376.70000	3.71596e-19	9.67002e-19
17378.40000	-3.84258e-20	1.26080e-18
17380.00000	-5.26708e-18	2.06953e-18
17381.60000	8.84851e-18	4.19102e-18
17383.30000	-8.32062e-18	6.19918e-18
17384.90000	-4.26909e-17	8.98528e-18
17386.50000	-1.36713e-17	9.56827e-18
17388.10000	2.09248e-18	7.50848e-18
17389.80000	4.94359e-18	2.86527e-18
17391.40000	-2.86887e-18	1.56244e-18
17393.00000	1.56492e-18	1.08588e-18
17394.70000	-1.44785e-19	9.74639e-19
17396.30000	-3.21213e-19	9.68521e-19
17397.90000	2.07867e-18	9.46364e-19
17399.50000	8.78493e-19	9.17066e-19
17401.20000	7.94910e-19	9.93045e-19
17402.80000	-7.40475e-19	1.23261e-18
17404.40000	-1.24207e-19	1.46932e-18
17406.10000	-1.46569e-18	1.44789e-18
17407.70000	-4.80140e-20	1.21981e-18
17409.30000	-1.69043e-19	9.81258e-19
17411.00000	1.15913e-18	8.98499e-19
17412.60000	-1.21285e-18	1.03733e-18
17414.20000	1.64454e-18	1.48624e-18
17415.80000	2.69591e-19	1.76850e-18
17417.50000	-1.61073e-20	1.80625e-18
17419.10000	-5.27862e-19	1.57864e-18
17420.70000	1.97792e-18	1.28127e-18
17422.40000	4.25174e-18	1.17542e-18
17424.00000	-5.07730e-18	2.15094e-18
17425.60000	-1.62242e-17	5.02071e-18
17427.20000	-2.78621e-19	6.26109e-18
17428.90000	1.03983e-17	4.76895e-18
17430.50000	5.02273e-18	2.31753e-18
17432.10000	-1.97238e-18	1.80029e-18
17433.80000	6.34081e-19	1.62449e-18
17435.40000	2.39585e-19	1.18492e-18
17437.00000	9.27971e-19	9.11282e-19
17438.60000	5.05216e-19	8.75852e-19
17440.30000	-1.60521e-18	8.99554e-19
17441.90000	3.37643e-20	9.36634e-19
17443.50000	1.83518e-18	1.00820e-18
17445.20000	1.51692e-19	1.27910e-18
17446.80000	-5.51651e-18	2.95304e-18
17448.40000	-2.50170e-17	8.05872e-18
17450.00000	3.00580e-18	9.51540e-18
17451.70000	2.75910e-18	7.23997e-18
17453.30000	3.34990e-18	2.56734e-18
17454.90000	7.25524e-20	1.47103e-18
17456.60000	-5.71549e-19	1.10153e-18
17458.20000	6.96955e-19	9.42186e-19
17459.80000	2.98193e-19	8.82982e-19
17461.40000	1.02339e-18	8.55258e-19
17463.10000	8.45911e-19	8.57962e-19
17464.70000	1.07777e-18	8.78091e-19
17466.30000	6.58740e-19	8.89352e-19
17468.00000	5.93870e-19	9.21586e-19
17469.60000	1.09055e-18	9.13501e-19
17471.20000	1.44498e-18	8.60587e-19
17472.90000	1.85672e-18	8.54635e-19
17474.50000	1.05763e-18	8.69228e-19
17476.10000	-1.65041e-18	9.83294e-19
17477.70000	-1.42228e-18	1.13840e-18
17479.40000	6.66142e-19	1.20742e-18
17481.00000	3.61153e-19	1.26246e-18
17482.60000	1.61497e-18	1.31471e-18
17484.30000	2.96196e-18	1.24911e-18
17485.90000	2.77201e-18	1.01683e-18
17487.50000	1.88245e-18	9.11510e-19
17489.10000	2.18784e-19	9.21257e-19
17490.80000	-4.24646e-19	9.61056e-19
17492.40000	7.97777e-19	9.11115e-19
17494.00000	3.88269e-19	8.82941e-19
17495.70000	8.07887e-19	9.04849e-19
17497.30000	2.60138e-18	1.17750e-18
17498.90000	3.04878e-18	2.32438e-18
17500.50000	6.34172e-18	2.90825e-18
17502.20000	1.49657e-18	3.13022e-18
17503.80000	9.06537e-18	4.49908e-18
17505.40000	1.58964e-17	5.69051e-18
17507.10000	1.00147e-17	5.08191e-18
17508.70000	2.82101e-18	2.22462e-18
17510.30000	4.05510e-21	1.15933e-18
17511.90000	6.82742e-19	9.76027e-19
17513.60000	-2.95000e-19	9.32374e-19
17515.20000	1.03049e-18	9.05293e-19
17516.80000	7.59767e-19	9.28111e-19
17518.50000	1.48066e-18	9.20736e-19
17520.10000	1.95318e-19	8.49367e-19
17521.70000	-2.26533e-19	8.64757e-19
17523.30000	1.23512e-18	9.23638e-19
17525.00000	4.14508e-19	1.24394e-18
17526.60000	-4.30163e-18	2.29839e-18
17528.20000	-3.65151e-18	3.17017e-18
17529.90000	2.52893e-18	3.24738e-18
17531.50000	1.25988e-18	2.46275e-18
17533.10000	1.39589e-18	1.53203e-18
17534.80000	3.46874e-18	1.38756e-18
17536.40000	7.13277e-19	1.43081e-18
17538.00000	7.56533e-19	1.34059e-18
17539.60000	1.11747e-18	1.29762e-18
17541.30000	1.26135e-18	1.51170e-18
17542.90000	1.18587e-18	1.73915e-18
17544.50000	-5.68262e-19	1.54398e-18
17546.20000	2.03574e-18	1.15524e-18
17547.80000	2.74711e-18	1.12078e-18
17549.40000	2.49493e-19	1.38155e-18
17551.00000	2.12830e-18	1.35966e-18
17552.70000	1.35092e-18	1.08789e-18
17554.30000	1.33525e-18	8.70770e-19
17555.90000	1.98862e-18	8.23500e-19
17557.60000	1.56378e-18	8.21301e-19
17559.20000	4.63627e-19	8.12112e-19
17560.80000	9.61299e-19	8.08684e-19
17562.40000	9.07526e-19	8.49790e-19
17564.10000	1.26631e-18	9.58785e-19
17565.70000	-4.85932e-19	1.04661e-18
17567.30000	5.98540e-19	1.06069e-18
17569.00000	1.59544e-18	9.74602e-19
17570.60000	1.91560e-18	8.88834e-19
17572.20000	7.57149e-19	8.57270e-19
17573.80000	-7.15474e-22	8.48579e-19
17575.50000	-1.38707e-18	8.44847e-19
17577.10000	8.08400e-19	8.54353e-19
17578.70000	6.15541e-19	8.59220e-19
17580.40000	-7.87538e-20	8.41091e-19
17582.00000	3.72744e-19	8.43736e-19
17583.60000	1.24168e-18	8.43832e-19
17585.20000	3.31168e-19	8.40530e-19
17586.90000	1.92272e-18	8.77484e-19
17588.50000	3.15620e-18	1.03304e-18
17590.10000	2.02151e-18	1.24086e-18
17591.80000	1.16774e-18	1.29611e-18
17593.40000	1.17767e-19	1.26172e-18
17595.00000	-4.31838e-19	1.25748e-18
17596.70000	1.54194e-19	1.21501e-18
17598.30000	-2.86980e-19	1.04365e-18
17599.90000	4.74049e-19	9.40935e-19
17601.50000	1.33507e-18	9.68722e-19
17603.20000	7.70360e-19	1.04662e-18
17604.80000	2.83538e-19	1.02741e-18
17606.40000	-3.23471e-19	9.35393e-19
17608.10000	5.58371e-19	9.33277e-19
17609.70000	1.21618e-18	1.21517e-18
17611.30000	-1.87772e-18	1.59894e-18
17612.90000	-1.31971e-18	1.72236e-18
17614.60000	5.29060e-19	1.58843e-18
17616.20000	2.41403e-18	1.37893e-18
17617.80000	-2.44927e-19	1.06060e-18
17619.50000	1.63215e-18	9.29630e-19
17621.10000	1.01178e-18	1.21371e-18
17622.70000	6.03208e-19	1.69904e-18
17624.30000	-5.91603e-19	1.73968e-18
17626.00000	3.74662e-20	1.62040e-18
17627.60000	-6.71249e-20	1.59793e-18
17629.20000	1.27339e-18	1.54572e-18
17630.90000	5.33385e-19	1.15962e-18
17632.50000	1.21782e-18	9.49933e-19
17634.10000	-7.49492e-19	8.65522e-19
17635.70000	-4.59547e-19	8.50433e-19
17637.40000	-8.60565e-19	8.58422e-19
17639.00000	1.94856e-18	8.65177e-19
17640.60000	-4.52319e-19	8.94902e-19
17642.30000	2.66260e-18	9.50414e-19
17643.90000	-1.22062e-18	1.03661e-18
17645.50000	1.10719e-18	1.34314e-18
17647.20000	6.18856e-18	2.69128e-18
17648.80000	-7.96006e-19	5.03792e-18
17650.40000	5.78461e-17	8.67697e-18
17652.00000	7.73128e-17	1.42774e-17
17653.70000	3.91515e-17	1.45266e-17
17655.30000	2.21035e-17	8.81049e-18
17656.90000	-1.19883e-17	3.45207e-18
17658.60000	7.30744e-18	2.45542e-18
17660.20000	-2.52440e-18	2.50068e-18
17661.80000	4.19647e-18	2.70152e-18
17663.40000	2.18783e-18	2.90334e-18
17665.10000	1.47680e-18	2.81634e-18
17666.70000	5.43603e-18	2.47936e-18
17668.30000	-8.68663e-18	3.39365e-18
17670.00000	-2.16806e-17	7.35341e-18
17671.60000	-2.39300e-17	8.81907e-18
17673.20000	-2.46159e-17	7.14823e-18
17674.80000	8.02201e-18	2.96223e-18
17676.50000	5.83403e-19	1.48735e-18
17678.10000	2.54253e-18	1.09104e-18
17679.70000	2.33412e-18	1.01379e-18
17681.40000	1.42589e-18	1.28328e-18
17683.00000	-9.51636e-19	1.86801e-18
17684.60000	-2.23683e-18	2.47729e-19
17686.20000	-7.23072e-19	1.25431e-19
17687.90000	-7.20885e-19	1.14302e-19
17689.50000	6.70332e-19	6.30148e-19
