#abell1689_z2_3.H.1467.fc.1d.esc.slc.txt
#Applied Total SLC: 1.042435817730762
#Wavelength in (A) | Flux (erg/sec/cm2/A)| Flux Error
14500.00000	2.91436e-18	1.46273e-17
14501.60000	-1.31300e-18	1.32015e-17
14503.30000	-5.88606e-19	1.57093e-17
14504.90000	-1.42506e-17	1.69279e-17
14506.50000	-2.76824e-18	1.67808e-17
14508.10000	3.76796e-18	1.86747e-17
14509.80000	-5.43447e-17	2.32363e-17
14511.40000	-2.82989e-17	1.71338e-17
14513.00000	8.14813e-19	1.35975e-17
14514.70000	-2.37694e-17	1.69439e-17
14516.30000	1.45497e-17	2.29161e-17
14517.90000	-1.90553e-17	3.73638e-17
14519.50000	-1.00062e-17	4.08800e-17
14521.20000	-5.00860e-18	3.08092e-17
14522.80000	9.33079e-19	2.15475e-17
14524.40000	-2.54135e-18	1.50352e-17
14526.10000	1.55789e-17	1.28834e-17
14527.70000	6.24696e-18	1.10242e-17
14529.30000	1.16558e-17	1.17244e-17
14531.00000	-3.70934e-18	9.83568e-18
14532.60000	-9.95292e-18	9.02231e-18
14534.20000	-4.93729e-18	7.91208e-18
14535.80000	-3.44894e-18	7.38187e-18
14537.50000	-6.55160e-18	6.75074e-18
14539.10000	-5.19168e-19	5.81573e-18
14540.70000	-7.01842e-18	5.19303e-18
14542.40000	-4.88511e-18	6.00936e-18
14544.00000	-1.61055e-18	5.22637e-18
14545.60000	8.69832e-19	5.25732e-18
14547.20000	-8.62728e-18	5.60579e-18
14548.90000	-1.30868e-18	5.98645e-18
14550.50000	-3.36963e-19	6.12661e-18
14552.10000	3.55451e-18	6.13489e-18
14553.80000	5.56989e-19	5.66572e-18
14555.40000	1.74426e-18	5.50743e-18
14557.00000	1.01370e-17	5.58012e-18
14558.60000	6.39245e-18	4.84420e-18
14560.30000	3.08985e-18	6.14084e-18
14561.90000	9.47528e-18	1.14408e-17
14563.50000	9.42394e-18	1.50733e-17
14565.20000	-4.24659e-19	1.47326e-17
14566.80000	-3.85877e-18	9.41288e-18
14568.40000	-2.48014e-18	5.79628e-18
14570.00000	5.81518e-18	4.10650e-18
14571.70000	-9.00563e-19	3.81396e-18
14573.30000	5.77660e-18	3.99960e-18
14574.90000	3.02423e-18	3.96724e-18
14576.60000	-9.07624e-19	3.60484e-18
14578.20000	-4.89411e-19	3.33543e-18
14579.80000	2.74567e-18	3.19051e-18
14581.40000	2.49275e-18	3.17594e-18
14583.10000	1.06776e-17	3.19205e-18
14584.70000	3.92062e-18	3.46533e-18
14586.30000	-6.26537e-19	3.10926e-18
14588.00000	4.86430e-18	3.81539e-18
14589.60000	-2.53693e-19	3.06933e-18
14591.20000	-5.31611e-18	2.77295e-18
14592.90000	-2.38513e-18	2.75494e-18
14594.50000	-9.39635e-18	2.83311e-18
14596.10000	-5.45042e-18	2.83461e-18
14597.70000	-1.67636e-17	3.01829e-18
14599.40000	-2.91139e-18	3.43843e-18
14601.00000	-6.18023e-18	5.88149e-18
14602.60000	4.30427e-17	1.37559e-17
14604.30000	1.07661e-17	1.81087e-17
14605.90000	-3.85668e-18	1.71145e-17
14607.50000	1.21104e-17	1.14809e-17
14609.10000	2.04303e-17	7.12976e-18
14610.80000	-2.18649e-18	4.79462e-18
14612.40000	1.00912e-17	3.87686e-18
14614.00000	-2.18615e-18	3.43426e-18
14615.70000	-6.10941e-18	4.04899e-18
14617.30000	-2.14235e-18	3.36207e-18
14618.90000	4.61727e-20	2.93183e-18
14620.50000	-9.09632e-19	2.49223e-18
14622.20000	-2.86388e-18	2.20517e-18
14623.80000	-3.99220e-18	2.25472e-18
14625.40000	-1.11965e-18	2.51089e-18
14627.10000	1.93559e-18	2.63441e-18
14628.70000	4.74526e-19	2.73374e-18
14630.30000	-8.40249e-18	2.85247e-18
14631.90000	-6.59634e-18	2.80408e-18
14633.60000	-7.55261e-18	2.69617e-18
14635.20000	1.75105e-19	2.76941e-18
14636.80000	-7.47370e-18	2.70502e-18
14638.50000	9.38138e-19	2.49762e-18
14640.10000	3.08862e-18	2.09706e-18
14641.70000	2.02709e-18	1.93773e-18
14643.30000	2.11335e-18	2.17791e-18
14645.00000	6.07811e-18	2.44544e-18
14646.60000	4.93669e-18	2.32953e-18
14648.20000	-3.61302e-18	2.33192e-18
14649.90000	3.51617e-19	2.44529e-18
14651.50000	4.40518e-19	2.67541e-18
14653.10000	1.37211e-19	2.96832e-18
14654.80000	-1.45316e-18	3.28382e-18
14656.40000	-2.29585e-18	3.06415e-18
14658.00000	4.48048e-19	2.58942e-18
14659.60000	2.97615e-18	2.41322e-18
14661.30000	2.10991e-18	3.09348e-18
14662.90000	3.01154e-18	6.00558e-18
14664.50000	-3.96873e-18	7.82431e-18
14666.20000	-1.01891e-17	7.53672e-18
14667.80000	-1.38383e-18	5.04198e-18
14669.40000	1.47311e-18	3.24790e-18
14671.00000	1.55138e-18	2.42923e-18
14672.70000	1.18795e-18	2.01811e-18
14674.30000	5.89726e-19	1.73555e-18
14675.90000	-2.29672e-18	1.69021e-18
14677.60000	-9.73365e-19	1.80865e-18
14679.20000	-7.44851e-19	1.99238e-18
14680.80000	-8.47575e-20	2.08960e-18
14682.40000	3.08016e-20	1.96817e-18
14684.10000	1.57206e-19	1.73022e-18
14685.70000	2.31355e-18	1.51133e-18
14687.30000	-1.42226e-18	1.42247e-18
14689.00000	-1.46755e-18	1.44917e-18
14690.60000	-7.02705e-19	1.57378e-18
14692.20000	1.36220e-18	1.84316e-18
14693.80000	-5.23260e-18	2.76422e-18
14695.50000	1.36252e-17	6.29526e-18
14697.10000	2.36910e-17	1.03991e-17
14698.70000	1.64035e-18	1.09469e-17
14700.40000	-5.61499e-18	8.56322e-18
14702.00000	4.85399e-18	5.46655e-18
14703.60000	1.06609e-18	3.48629e-18
14705.20000	7.63262e-19	2.29348e-18
14706.90000	6.93494e-19	1.78923e-18
14708.50000	2.12614e-18	1.65471e-18
14710.10000	1.55266e-19	1.78265e-18
14711.80000	-1.60772e-18	2.33673e-18
14713.40000	1.08598e-18	2.16684e-18
14715.00000	7.50966e-19	2.09852e-18
14716.70000	-2.61247e-18	2.43125e-18
14718.30000	6.48155e-20	1.76123e-18
14719.90000	-2.34311e-20	1.60390e-18
14721.50000	-2.10139e-18	1.44303e-18
14723.20000	6.16158e-19	1.59338e-18
14724.80000	8.71477e-20	1.45605e-18
14726.40000	-1.41302e-18	1.41576e-18
14728.10000	1.85191e-18	1.28502e-18
14729.70000	1.26494e-18	1.29117e-18
14731.30000	5.98135e-20	1.30015e-18
14732.90000	1.51656e-18	1.32814e-18
14734.60000	-1.23199e-18	1.39813e-18
14736.20000	-4.84816e-18	1.88281e-18
14737.80000	-2.94885e-18	3.32886e-18
14739.50000	-4.82885e-18	4.52772e-18
14741.10000	4.90830e-19	4.37176e-18
14742.70000	1.52413e-18	3.06108e-18
14744.30000	-8.55357e-19	1.88785e-18
14746.00000	-4.48808e-19	1.35440e-18
14747.60000	2.01847e-18	1.17604e-18
14749.20000	5.89353e-19	1.13384e-18
14750.90000	-1.45788e-18	1.24870e-18
14752.50000	-1.69988e-18	1.77650e-18
14754.10000	-1.22958e-18	3.09929e-18
14755.70000	-8.02532e-19	3.39248e-18
14757.40000	2.40157e-18	2.74777e-18
14759.00000	1.72118e-18	2.05401e-18
14760.60000	1.60966e-18	1.65816e-18
14762.30000	-4.14851e-19	1.40141e-18
14763.90000	-9.06590e-20	1.20450e-18
14765.50000	1.07037e-18	1.15815e-18
14767.10000	1.35409e-19	1.33962e-18
14768.80000	-8.25277e-19	2.07695e-18
14770.40000	-8.35682e-18	3.79457e-18
14772.00000	-6.08434e-18	4.68455e-18
14773.70000	6.56580e-19	4.21636e-18
14775.30000	9.10135e-19	2.80137e-18
14776.90000	-4.14566e-19	1.81150e-18
14778.60000	1.22848e-18	1.65835e-18
14780.20000	-2.43607e-18	2.60135e-18
14781.80000	-8.45783e-18	5.22802e-18
14783.40000	-2.85976e-18	6.41153e-18
14785.10000	7.30380e-18	5.52101e-18
14786.70000	3.21681e-18	3.41851e-18
14788.30000	-1.78244e-18	2.07165e-18
14790.00000	-8.28409e-19	1.76263e-18
14791.60000	1.56576e-18	1.94354e-18
14793.20000	1.55750e-18	1.96204e-18
14794.80000	8.38627e-19	2.01763e-18
14796.50000	-4.74972e-18	3.04742e-18
14798.10000	-7.33683e-18	5.37696e-18
14799.70000	-2.41983e-18	6.46107e-18
14801.40000	1.84912e-17	5.98583e-18
14803.00000	1.75017e-17	5.11018e-18
14804.60000	-4.16116e-19	4.88553e-18
14806.20000	6.06709e-18	4.60057e-18
14807.90000	3.71064e-19	3.34225e-18
14809.50000	-1.05624e-19	2.12412e-18
14811.10000	3.12028e-19	1.53147e-18
14812.80000	8.32770e-19	1.37949e-18
14814.40000	1.61925e-18	1.48201e-18
14816.00000	2.82525e-20	1.49966e-18
14817.60000	6.41754e-19	1.16885e-18
14819.30000	-5.08318e-19	1.06087e-18
14820.90000	5.45853e-19	1.03443e-18
14822.50000	1.73560e-18	1.06001e-18
14824.20000	-1.77731e-18	1.12310e-18
14825.80000	-9.12789e-19	1.30462e-18
14827.40000	9.80171e-20	1.64776e-18
14829.00000	-3.26341e-18	2.65435e-18
14830.70000	1.13359e-17	5.89075e-18
14832.30000	3.07080e-17	8.36882e-18
14833.90000	2.65177e-17	8.54110e-18
14835.60000	1.39814e-18	5.59787e-18
14837.20000	-1.10495e-18	3.06205e-18
14838.80000	-1.51077e-18	1.54640e-18
14840.50000	1.79932e-18	1.43744e-18
14842.10000	-6.61502e-19	1.18913e-18
14843.70000	1.51574e-18	1.08661e-18
14845.30000	4.80197e-19	1.05352e-18
14847.00000	1.86738e-18	1.05626e-18
14848.60000	-1.89291e-19	1.08281e-18
14850.20000	2.13171e-20	1.08600e-18
14851.90000	-4.87182e-19	1.08917e-18
14853.50000	-4.82123e-19	1.07124e-18
14855.10000	-2.73572e-18	1.08795e-18
14856.70000	1.81980e-20	1.22961e-18
14858.40000	1.79183e-18	1.49253e-18
14860.00000	3.53695e-19	1.91552e-18
14861.60000	3.52048e-18	3.52655e-18
14863.30000	1.01853e-17	5.41422e-18
14864.90000	9.56577e-18	5.74092e-18
14866.50000	4.46433e-18	4.28947e-18
14868.10000	-1.65156e-18	2.43881e-18
14869.80000	4.35806e-18	1.44491e-18
14871.40000	-1.29110e-18	1.16873e-18
14873.00000	2.53283e-18	1.11274e-18
14874.70000	-5.18215e-19	1.13525e-18
14876.30000	7.74368e-19	1.17869e-18
14877.90000	-1.86216e-18	1.17596e-18
14879.50000	1.35608e-18	1.20352e-18
14881.20000	-2.19625e-18	1.42394e-18
14882.80000	7.00135e-19	2.27855e-18
14884.40000	3.26090e-18	5.31259e-18
14886.10000	-2.15900e-18	9.12779e-18
14887.70000	1.39832e-17	1.06423e-17
14889.30000	1.67819e-17	7.93235e-18
14891.00000	-1.13971e-18	4.46639e-18
14892.60000	-4.58901e-19	2.31466e-18
14894.20000	5.67737e-19	1.19012e-18
14895.80000	-1.79539e-18	1.05239e-18
14897.50000	1.02418e-18	1.00628e-18
14899.10000	6.66053e-19	9.68049e-19
14900.70000	4.98873e-19	1.03694e-18
14902.40000	-3.27503e-19	1.13336e-18
14904.00000	-1.54877e-18	1.14153e-18
14905.60000	9.02146e-19	1.82714e-18
14907.20000	-2.49659e-18	2.86551e-18
14908.90000	-1.09679e-18	3.38606e-18
14910.50000	1.39796e-18	3.07030e-18
14912.10000	-9.62586e-19	2.11076e-18
14913.80000	-9.88492e-19	1.41283e-18
14915.40000	-2.23248e-18	1.15653e-18
14917.00000	-1.34908e-18	1.11633e-18
14918.60000	-7.18155e-20	1.10370e-18
14920.30000	-8.89538e-19	1.08488e-18
14921.90000	-2.33535e-19	1.08184e-18
14923.50000	1.21729e-19	1.06679e-18
14925.20000	1.75005e-19	1.10857e-18
14926.80000	6.61221e-19	1.34852e-18
14928.40000	2.46183e-18	2.39026e-18
14930.00000	8.97661e-18	4.87646e-18
14931.70000	1.39490e-17	5.64707e-18
14933.30000	7.97488e-18	5.10206e-18
14934.90000	-1.14066e-18	3.35798e-18
14936.60000	1.64967e-18	1.72739e-18
14938.20000	-2.42236e-19	1.31789e-18
14939.80000	7.46888e-20	1.30349e-18
14941.40000	2.35634e-19	1.28152e-18
14943.10000	1.95638e-18	1.21608e-18
14944.70000	1.27648e-19	1.15182e-18
14946.30000	-1.13394e-18	1.07148e-18
14948.00000	-3.46619e-19	1.03865e-18
14949.60000	-1.56156e-18	1.03454e-18
14951.20000	-3.86605e-19	1.06594e-18
14952.90000	-2.41406e-19	1.12533e-18
14954.50000	-4.69427e-19	1.16279e-18
14956.10000	5.48776e-19	1.19697e-18
14957.70000	5.70714e-19	1.21662e-18
14959.40000	-4.04482e-19	1.23589e-18
14961.00000	-1.26826e-19	1.57594e-18
14962.60000	-2.77786e-19	1.47835e-18
14964.30000	1.57615e-18	1.36542e-18
14965.90000	1.02890e-18	1.29348e-18
14967.50000	1.78617e-18	1.17411e-18
14969.10000	5.33486e-19	1.13100e-18
14970.80000	1.87200e-19	1.26590e-18
14972.40000	-1.44310e-19	1.08324e-18
14974.00000	-1.31443e-19	1.19691e-18
14975.70000	1.09231e-18	1.09863e-18
14977.30000	-1.55249e-19	1.08807e-18
14978.90000	2.91247e-19	1.06625e-18
14980.50000	-6.01566e-19	1.06561e-18
14982.20000	-8.62407e-19	1.07299e-18
14983.80000	1.12521e-18	1.07535e-18
14985.40000	1.50044e-18	1.09628e-18
14987.10000	6.06559e-19	1.12282e-18
14988.70000	-6.00739e-20	1.16067e-18
14990.30000	4.51304e-19	1.22473e-18
14991.90000	-1.28699e-18	1.28699e-18
14993.60000	1.29080e-19	1.28554e-18
14995.20000	-2.62290e-19	1.22639e-18
14996.80000	-2.94601e-19	1.13982e-18
14998.50000	-1.40971e-18	1.21100e-18
15000.10000	-8.24801e-19	1.26710e-18
15001.70000	-6.56642e-19	1.31653e-18
15003.30000	9.45194e-19	1.23764e-18
15005.00000	1.64937e-18	1.51195e-18
15006.60000	2.65247e-19	1.67035e-18
15008.20000	-2.18175e-18	1.59457e-18
15009.90000	-3.41874e-19	1.34102e-18
15011.50000	1.37849e-19	1.16130e-18
15013.10000	1.01306e-19	1.08640e-18
15014.80000	5.35338e-19	1.12914e-18
15016.40000	-5.92227e-19	1.09594e-18
15018.00000	1.06549e-18	1.04221e-18
15019.60000	-2.97726e-19	1.05022e-18
15021.30000	4.05081e-19	1.12964e-18
15022.90000	-9.31426e-19	1.40222e-18
15024.50000	6.04755e-19	1.72605e-18
15026.20000	4.02007e-19	1.84242e-18
15027.80000	-9.91626e-19	1.64124e-18
15029.40000	-2.33880e-19	1.37725e-18
15031.00000	1.53748e-19	1.14238e-18
15032.70000	-2.37505e-18	1.01797e-18
15034.30000	-2.09648e-18	1.02261e-18
15035.90000	-1.57458e-18	1.03613e-18
15037.60000	-1.38253e-18	1.03639e-18
15039.20000	2.04026e-18	1.02542e-18
15040.80000	7.12445e-20	1.03174e-18
15042.40000	-3.94608e-19	1.03104e-18
15044.10000	-1.12380e-18	1.05861e-18
15045.70000	1.72924e-19	1.14955e-18
15047.30000	1.76353e-19	1.34212e-18
15049.00000	-6.95486e-19	1.99177e-18
15050.60000	7.53815e-19	3.78672e-18
15052.20000	-1.74779e-17	7.05033e-18
15053.80000	7.32696e-17	1.19149e-17
15055.50000	-8.82202e-18	1.35287e-17
15057.10000	-4.62615e-17	1.11773e-17
15058.70000	3.14022e-17	6.14382e-18
15060.40000	-8.46789e-18	2.69386e-18
15062.00000	5.46302e-18	2.41723e-18
15063.60000	-3.01602e-18	3.29957e-18
15065.20000	3.72007e-18	3.80226e-18
15066.90000	1.46599e-17	6.11420e-18
15068.50000	1.07487e-17	7.67416e-18
15070.10000	7.27572e-18	7.01547e-18
15071.80000	2.22021e-18	4.36671e-18
15073.40000	-1.35986e-18	2.03424e-18
15075.00000	-7.36265e-19	1.24711e-18
15076.70000	-8.11691e-19	1.16675e-18
15078.30000	1.63053e-18	1.40599e-18
15079.90000	-5.48986e-19	1.58449e-18
15081.50000	2.22170e-18	1.78579e-18
15083.20000	-2.16300e-18	1.92576e-18
15084.80000	-1.86265e-18	2.54571e-18
15086.40000	3.52216e-18	3.63655e-18
15088.10000	2.52649e-19	4.26798e-18
15089.70000	-3.35311e-19	3.74525e-18
15091.30000	-2.74344e-18	2.53262e-18
15092.90000	-2.91520e-19	1.58762e-18
15094.60000	-4.98590e-20	1.24329e-18
15096.20000	-1.62667e-19	1.20615e-18
15097.80000	6.23494e-19	1.25291e-18
15099.50000	1.32722e-19	1.24610e-18
15101.10000	7.42087e-19	1.17928e-18
15102.70000	-4.85759e-19	1.18202e-18
15104.30000	2.41838e-19	1.28822e-18
15106.00000	1.39635e-18	1.40566e-18
15107.60000	1.45333e-19	1.45911e-18
15109.20000	-1.10643e-19	1.57786e-18
15110.90000	-1.60210e-19	1.83184e-18
15112.50000	5.92675e-19	2.08392e-18
15114.10000	-1.07398e-18	2.12177e-18
15115.70000	3.78900e-19	1.91396e-18
15117.40000	9.56803e-19	1.66783e-18
15119.00000	1.22139e-18	1.54579e-18
15120.60000	1.39421e-18	1.29552e-18
15122.30000	-6.32769e-19	1.04055e-18
15123.90000	1.29149e-18	1.03939e-18
15125.50000	5.18053e-20	1.06886e-18
15127.10000	2.50199e-19	1.08401e-18
15128.80000	1.02235e-18	1.09881e-18
15130.40000	-3.60762e-20	1.12403e-18
15132.00000	1.21612e-18	1.22221e-18
15133.70000	-1.60067e-19	1.30815e-18
15135.30000	-3.06547e-18	1.31392e-18
15136.90000	-9.23973e-19	1.24117e-18
15138.60000	1.56274e-18	1.17410e-18
15140.20000	-9.22651e-19	1.19238e-18
15141.80000	-8.96465e-19	1.25250e-18
15143.40000	-1.38799e-19	1.46909e-18
15145.10000	-6.61418e-19	1.56144e-18
15146.70000	2.84561e-19	1.31675e-18
15148.30000	-4.55068e-20	1.42681e-18
15150.00000	-7.87773e-19	1.50246e-18
15151.60000	5.87666e-19	1.54979e-18
15153.20000	1.23580e-18	1.41244e-18
15154.80000	-9.80701e-22	1.11468e-18
15156.50000	4.24423e-19	1.01770e-18
15158.10000	6.01912e-19	1.00873e-18
15159.70000	-1.28409e-19	1.15325e-18
15161.40000	-5.90535e-19	1.06384e-18
15163.00000	9.27612e-19	1.00700e-18
15164.60000	1.30684e-18	1.02772e-18
15166.20000	7.38183e-21	1.05522e-18
15167.90000	1.05235e-18	1.10699e-18
15169.50000	-1.38574e-20	1.10177e-18
15171.10000	2.35350e-19	1.07525e-18
15172.80000	-1.29177e-19	1.04228e-18
15174.40000	3.06815e-19	1.01860e-18
15176.00000	1.15313e-18	1.03085e-18
15177.60000	-3.00878e-19	1.06187e-18
15179.30000	9.28845e-19	1.20601e-18
15180.90000	-1.59572e-18	1.43014e-18
15182.50000	2.40611e-18	1.71838e-18
15184.20000	-1.59901e-18	3.30368e-18
15185.80000	-1.27036e-17	6.14689e-18
15187.40000	-1.07676e-17	6.58513e-18
15189.00000	-1.10266e-17	4.71403e-18
15190.70000	-1.33245e-18	2.34869e-18
15192.30000	-3.50100e-20	1.24458e-18
15193.90000	3.43595e-19	1.00790e-18
15195.60000	1.58146e-18	9.64449e-19
15197.20000	3.76502e-19	9.41945e-19
15198.80000	1.65537e-19	9.19471e-19
15200.50000	-8.98230e-19	9.45267e-19
15202.10000	2.41788e-19	9.59209e-19
15203.70000	1.21273e-19	9.83628e-19
15205.30000	9.38267e-19	1.00745e-18
15207.00000	5.43728e-19	1.03027e-18
15208.60000	-2.28513e-19	9.94733e-19
15210.20000	-6.71785e-19	9.62457e-19
15211.90000	5.13687e-19	1.01434e-18
15213.50000	5.89320e-19	1.08036e-18
15215.10000	-1.01749e-18	1.13420e-18
15216.70000	1.44537e-18	1.00055e-18
15218.40000	1.40683e-18	9.53398e-19
15220.00000	1.92077e-18	9.45272e-19
15221.60000	1.06335e-18	9.44069e-19
15223.30000	3.64867e-19	9.39759e-19
15224.90000	9.82857e-19	9.52524e-19
15226.50000	1.77221e-19	9.75965e-19
15228.10000	1.20943e-18	1.00283e-18
15229.80000	1.12403e-18	1.03750e-18
15231.40000	-9.23736e-19	1.07921e-18
15233.00000	2.70918e-18	1.13509e-18
15234.70000	-5.96633e-18	1.43431e-18
15236.30000	9.76281e-18	2.25969e-18
15237.90000	-6.88573e-18	5.67421e-18
15239.50000	-5.33370e-18	1.21300e-17
15241.20000	1.10128e-18	1.26241e-17
15242.80000	-7.66032e-18	9.16783e-18
15244.40000	1.28908e-19	4.23836e-18
15246.10000	-1.23159e-18	1.74554e-18
15247.70000	-6.40601e-19	1.20973e-18
15249.30000	1.41306e-18	1.06892e-18
15251.00000	-1.56692e-18	9.67334e-19
15252.60000	1.23398e-18	9.47636e-19
15254.20000	1.63781e-18	9.28310e-19
15255.80000	5.97305e-19	9.09535e-19
15257.50000	-1.44480e-19	8.93013e-19
15259.10000	1.20082e-18	8.94305e-19
15260.70000	-4.97663e-19	9.05490e-19
15262.40000	6.43305e-20	9.57850e-19
15264.00000	4.39879e-19	1.02788e-18
15265.60000	-1.34373e-19	1.10998e-18
15267.20000	8.81935e-19	1.19178e-18
15268.90000	1.06071e-18	1.24014e-18
15270.50000	4.68505e-19	1.19632e-18
15272.10000	-1.36024e-19	1.07380e-18
15273.80000	9.89714e-19	9.64967e-19
15275.40000	1.62096e-18	9.23370e-19
15277.00000	1.74408e-18	9.32155e-19
15278.60000	-9.90822e-19	9.84763e-19
15280.30000	1.33559e-18	1.13252e-18
15281.90000	-1.89417e-18	1.41807e-18
15283.50000	1.51594e-18	2.08131e-18
15285.20000	2.78333e-18	4.14980e-18
15286.80000	1.02212e-18	6.69461e-18
15288.40000	2.03308e-17	6.74865e-18
15290.00000	3.33560e-19	4.44871e-18
15291.70000	-4.15336e-18	2.03477e-18
15293.30000	-3.88626e-19	1.39172e-18
15294.90000	-2.38492e-18	1.07592e-18
15296.60000	2.21676e-19	9.26735e-19
15298.20000	-7.91448e-19	8.99867e-19
15299.80000	-1.09849e-18	8.88558e-19
15301.40000	-5.31526e-19	9.18475e-19
15303.10000	-1.46141e-18	1.03350e-18
15304.70000	-4.34370e-19	1.03103e-18
15306.30000	-4.19521e-19	9.56452e-19
15308.00000	5.84753e-19	1.16826e-18
15309.60000	9.55408e-19	1.41678e-18
15311.20000	6.13026e-19	1.48612e-18
15312.90000	2.29054e-18	1.28451e-18
15314.50000	-7.72394e-19	1.04053e-18
15316.10000	-1.28176e-19	9.99103e-19
15317.70000	1.27955e-18	9.63291e-19
15319.40000	8.52897e-20	1.01468e-18
15321.00000	7.89966e-19	1.10564e-18
15322.60000	1.99782e-18	1.01211e-18
15324.30000	4.52341e-19	1.07752e-18
15325.90000	-5.94298e-19	1.35882e-18
15327.50000	-2.61702e-18	1.92611e-18
15329.10000	-9.45301e-18	4.66240e-18
15330.80000	-2.92963e-17	1.05800e-17
15332.40000	-3.96842e-17	1.43938e-17
15334.00000	-2.72222e-17	1.06544e-17
15335.70000	-7.02352e-18	4.44152e-18
15337.30000	6.75815e-18	1.74839e-18
15338.90000	-4.21344e-18	1.27091e-18
15340.50000	1.72073e-18	1.16228e-18
15342.20000	-1.71642e-18	9.62790e-19
15343.80000	2.34506e-19	9.70873e-19
15345.40000	-6.32882e-19	1.16997e-18
15347.10000	-2.68495e-18	1.68196e-18
15348.70000	-3.97514e-18	1.93340e-18
15350.30000	4.56360e-19	1.71728e-18
15351.90000	1.02193e-18	1.20759e-18
15353.60000	-1.51629e-18	9.80413e-19
15355.20000	-2.52805e-19	9.65186e-19
15356.80000	3.33548e-19	9.54084e-19
15358.50000	-6.99554e-19	9.04273e-19
15360.10000	-1.16805e-19	8.59661e-19
15361.70000	1.61753e-18	8.46124e-19
15363.30000	1.77254e-18	8.88623e-19
15365.00000	7.24163e-23	9.72036e-19
15366.60000	5.02824e-20	1.00923e-18
15368.20000	-3.37779e-19	1.01300e-18
15369.90000	-1.30811e-18	1.11914e-18
15371.50000	1.40702e-19	1.41496e-18
15373.10000	1.43058e-18	1.74907e-18
15374.80000	7.87028e-19	2.10219e-18
15376.40000	1.59553e-19	2.26235e-18
15378.00000	-7.41589e-19	2.13548e-18
15379.60000	-4.91014e-19	1.68818e-18
15381.30000	2.55656e-19	1.23376e-18
15382.90000	2.30696e-20	1.02486e-18
15384.50000	-3.63506e-19	1.15448e-18
15386.20000	1.74254e-19	1.60537e-18
15387.80000	-3.37850e-19	2.13267e-18
15389.40000	-1.28034e-19	2.56523e-18
15391.00000	-7.26469e-19	2.64331e-18
15392.70000	6.23801e-18	4.06451e-18
15394.30000	1.11271e-17	6.08498e-18
15395.90000	1.84774e-18	5.91473e-18
15397.60000	6.25119e-18	3.78915e-18
15399.20000	-1.63811e-18	1.64888e-18
15400.80000	-1.21055e-18	1.05074e-18
15402.40000	-9.04596e-19	1.16166e-18
15404.10000	1.91925e-19	1.52843e-18
15405.70000	7.33311e-19	1.79183e-18
15407.30000	6.01415e-19	1.76962e-18
15409.00000	5.28481e-19	1.65358e-18
15410.60000	1.08439e-18	1.55138e-18
15412.20000	-9.16780e-19	1.46384e-18
15413.80000	-1.00897e-18	1.30763e-18
15415.50000	1.49277e-18	1.09833e-18
15417.10000	1.81394e-19	9.58184e-19
15418.70000	2.82127e-19	9.21885e-19
15420.40000	-3.80818e-19	1.08043e-18
15422.00000	-4.04659e-19	1.18763e-18
15423.60000	-8.22111e-19	1.24942e-18
15425.20000	2.23258e-18	1.37005e-18
15426.90000	1.42275e-18	1.76040e-18
15428.50000	-4.68673e-18	3.46047e-18
15430.10000	1.31456e-17	7.66674e-18
15431.80000	1.08882e-17	9.78305e-18
15433.40000	-3.54275e-18	8.56199e-18
15435.00000	-2.18160e-18	4.61782e-18
15436.70000	2.03071e-18	2.19909e-18
15438.30000	-2.60302e-18	1.56834e-18
15439.90000	4.83002e-19	1.41045e-18
15441.50000	-1.08030e-18	1.12831e-18
15443.20000	-7.60855e-19	9.28216e-19
15444.80000	7.17488e-20	8.76773e-19
15446.40000	9.78689e-19	8.71119e-19
15448.10000	5.02679e-19	8.70132e-19
15449.70000	2.21882e-18	8.48155e-19
15451.30000	1.41240e-18	8.41318e-19
15452.90000	3.35169e-19	8.82063e-19
15454.60000	1.02576e-19	8.67371e-19
15456.20000	-7.15681e-19	9.29970e-19
15457.80000	-5.48574e-19	1.22358e-18
15459.50000	-4.87794e-19	1.40222e-18
15461.10000	4.30119e-19	2.01086e-18
15462.70000	1.67210e-18	2.02448e-18
15464.30000	1.08089e-18	1.60035e-18
15466.00000	-2.42041e-20	1.34669e-18
15467.60000	-6.03283e-19	1.35420e-18
15469.20000	-1.12935e-18	1.36165e-18
15470.90000	2.12418e-18	1.32785e-18
15472.50000	2.28586e-18	1.55487e-18
15474.10000	1.40146e-18	1.71798e-18
15475.70000	4.35386e-19	1.51951e-18
15477.40000	9.24922e-19	1.12099e-18
15479.00000	8.09990e-19	9.60324e-19
15480.60000	-5.93111e-19	8.50930e-19
15482.30000	-5.61206e-20	8.28272e-19
15483.90000	3.86239e-19	9.14488e-19
15485.50000	5.09742e-19	1.23054e-18
15487.10000	2.18538e-18	1.76243e-18
15488.80000	3.41640e-18	1.89614e-18
15490.40000	1.20604e-18	1.54070e-18
15492.00000	7.65991e-19	1.07726e-18
15493.70000	-1.15495e-18	9.03942e-19
15495.30000	-5.38589e-19	9.28725e-19
15496.90000	-1.22237e-18	1.24192e-18
15498.60000	3.01115e-18	2.40212e-18
15500.20000	3.70529e-18	3.37136e-18
15501.80000	1.64471e-18	3.32648e-18
15503.40000	2.15659e-19	2.29114e-18
15505.10000	-3.00669e-19	1.51959e-18
15506.70000	-1.16096e-18	2.10054e-18
15508.30000	-7.45558e-18	4.08385e-18
15510.00000	-6.30820e-18	4.63077e-18
15511.60000	-7.85445e-18	3.51571e-18
15513.20000	-1.11710e-19	1.96551e-18
15514.80000	1.90968e-18	1.80067e-18
15516.50000	-8.49819e-19	2.52678e-18
15518.10000	-6.96239e-19	2.71176e-18
15519.70000	-3.99649e-19	2.02924e-18
15521.40000	-3.31978e-19	1.18589e-18
15523.00000	3.73340e-19	8.87299e-19
15524.60000	3.06063e-19	8.34344e-19
15526.20000	-1.48353e-18	8.25407e-19
15527.90000	1.47035e-19	8.25177e-19
15529.50000	5.94254e-19	8.63037e-19
15531.10000	-1.11645e-18	9.28370e-19
15532.80000	-1.43240e-18	9.42541e-19
15534.40000	-8.38641e-19	1.02202e-18
15536.00000	-1.74856e-18	1.61762e-18
15537.60000	-5.35076e-18	3.75634e-18
15539.30000	-1.80575e-17	6.08277e-18
15540.90000	-1.90924e-17	6.43041e-18
15542.50000	-9.83220e-18	5.45172e-18
15544.20000	3.74218e-18	5.62564e-18
15545.80000	3.11401e-18	6.29518e-18
15547.40000	1.40441e-17	5.04670e-18
15549.10000	5.67078e-18	2.41711e-18
15550.70000	1.12941e-19	1.18450e-18
15552.30000	3.25954e-19	9.90681e-19
15553.90000	3.79705e-19	8.92644e-19
15555.60000	4.77017e-19	8.41814e-19
15557.20000	-8.49603e-19	8.64718e-19
15558.80000	-1.35294e-18	1.01318e-18
15560.50000	6.92137e-19	1.23128e-18
15562.10000	7.30860e-19	1.31514e-18
15563.70000	-5.56093e-19	1.22194e-18
15565.30000	1.03899e-18	1.18291e-18
15567.00000	-2.33569e-18	1.70380e-18
15568.60000	-8.14411e-18	3.19680e-18
15570.20000	-7.76532e-18	3.73180e-18
15571.90000	-4.76546e-18	3.00255e-18
15573.50000	1.90108e-18	1.71939e-18
15575.10000	-2.18521e-19	1.21053e-18
15576.70000	3.06920e-20	1.07427e-18
15578.40000	-4.00898e-19	1.09601e-18
15580.00000	-1.51148e-18	1.16995e-18
15581.60000	-1.82787e-18	1.17713e-18
15583.30000	3.16489e-19	1.13407e-18
15584.90000	1.03647e-18	9.18975e-19
15586.50000	-5.07029e-19	8.47125e-19
15588.10000	-6.50774e-19	8.74208e-19
15589.80000	-1.01078e-18	8.95617e-19
15591.40000	-7.01621e-19	1.00062e-18
15593.00000	9.88896e-19	1.35614e-18
15594.70000	-5.14122e-18	3.15954e-18
15596.30000	-2.07712e-17	6.69487e-18
15597.90000	-2.90075e-17	7.41361e-18
15599.50000	-8.01460e-18	5.28945e-18
15601.20000	-2.20539e-18	2.07512e-18
15602.80000	8.02072e-19	1.10298e-18
15604.40000	3.97454e-19	8.92980e-19
15606.10000	-1.04660e-18	8.41955e-19
15607.70000	8.23211e-19	8.20587e-19
15609.30000	1.34289e-18	8.73879e-19
15611.00000	1.43369e-18	1.08293e-18
15612.60000	1.59729e-18	1.28222e-18
15614.20000	7.29016e-19	1.24548e-18
15615.80000	5.17897e-19	1.03289e-18
15617.50000	1.96965e-20	9.35558e-19
15619.10000	-4.25190e-19	9.93044e-19
15620.70000	-5.44430e-20	1.02799e-18
15622.40000	2.16219e-19	9.60495e-19
15624.00000	-5.89886e-19	8.88121e-19
15625.60000	-3.15708e-19	9.38466e-19
15627.20000	-1.54797e-18	1.35503e-18
15628.90000	5.53972e-18	2.99881e-18
15630.50000	1.23716e-17	5.27955e-18
15632.10000	-1.00842e-17	5.41295e-18
15633.80000	-3.57846e-18	3.39024e-18
15635.40000	-1.41955e-19	1.37357e-18
15637.00000	-3.09005e-19	9.52883e-19
15638.60000	1.22365e-18	9.92148e-19
15640.30000	9.13778e-19	1.07999e-18
15641.90000	7.29004e-19	1.12296e-18
15643.50000	-3.53495e-19	1.06494e-18
15645.20000	1.21853e-18	9.47832e-19
15646.80000	-2.44914e-20	8.86579e-19
15648.40000	-3.63256e-19	9.46860e-19
15650.00000	-8.48744e-20	1.26954e-18
15651.70000	-4.01133e-18	2.95126e-18
15653.30000	1.52164e-17	8.22114e-18
15654.90000	1.30252e-17	9.01997e-18
15656.60000	2.70896e-17	9.03524e-18
15658.20000	2.87135e-18	5.26775e-18
15659.80000	-2.60459e-18	2.26149e-18
15661.40000	8.66418e-19	1.17021e-18
15663.10000	-2.11877e-18	9.00732e-19
15664.70000	4.39959e-20	8.48290e-19
15666.30000	9.16491e-19	8.25914e-19
15668.00000	5.15119e-19	8.07997e-19
15669.60000	2.70623e-19	8.04070e-19
15671.20000	2.84420e-19	8.06607e-19
15672.90000	-5.95603e-20	8.17176e-19
15674.50000	-1.29361e-19	8.16762e-19
15676.10000	-3.86373e-19	8.24416e-19
15677.70000	1.78228e-19	8.38860e-19
15679.40000	8.54077e-19	8.52347e-19
15681.00000	-5.52935e-19	9.18041e-19
15682.60000	-4.88667e-19	1.17315e-18
15684.30000	2.31825e-19	1.16263e-18
15685.90000	1.27526e-18	1.14087e-18
15687.50000	7.83359e-19	9.74291e-19
15689.10000	-3.60421e-19	9.50697e-19
15690.80000	3.02726e-19	8.99282e-19
15692.40000	-3.57961e-19	9.68660e-19
15694.00000	-2.17600e-19	8.84689e-19
15695.70000	1.32095e-18	9.74489e-19
15697.30000	1.90010e-18	1.21294e-18
15698.90000	-3.45725e-18	1.86060e-18
15700.50000	8.56602e-18	3.72015e-18
15702.20000	5.59221e-19	4.90929e-18
15703.80000	4.97700e-18	4.37092e-18
15705.40000	3.95703e-18	2.20081e-18
15707.10000	-1.03886e-18	1.13812e-18
15708.70000	3.64755e-19	9.95925e-19
15710.30000	-2.02897e-18	1.07018e-18
15711.90000	-8.20664e-19	1.07364e-18
15713.60000	1.12001e-18	9.39535e-19
15715.20000	7.19420e-19	8.12381e-19
15716.80000	4.47250e-19	8.61992e-19
15718.50000	-1.13007e-18	1.01137e-18
15720.10000	-3.99102e-19	1.12657e-18
15721.70000	4.33721e-19	1.25177e-18
15723.30000	-1.49395e-18	1.40874e-18
15725.00000	-2.19085e-18	1.40207e-18
15726.60000	-3.67164e-19	1.18683e-18
15728.20000	7.88316e-19	9.96871e-19
15729.90000	7.68842e-19	1.07429e-18
15731.50000	1.14315e-18	1.23776e-18
15733.10000	-6.43095e-19	1.28497e-18
15734.80000	-9.01719e-19	1.21884e-18
15736.40000	-2.14372e-20	1.25590e-18
15738.00000	-8.11447e-19	1.31554e-18
15739.60000	-3.25785e-18	1.24636e-18
15741.30000	-1.47738e-18	9.95338e-19
15742.90000	-2.87657e-19	8.48676e-19
15744.50000	-4.13224e-19	9.57649e-19
15746.20000	-2.87239e-20	1.09209e-18
15747.80000	1.33316e-18	1.14757e-18
15749.40000	-5.77863e-19	1.20894e-18
15751.00000	-8.95130e-19	1.23815e-18
15752.70000	2.57940e-19	1.15989e-18
15754.30000	-7.17693e-20	9.52344e-19
15755.90000	-2.32951e-19	8.96677e-19
15757.60000	-1.08034e-18	1.28003e-18
15759.20000	1.21427e-18	1.95629e-18
15760.80000	2.69061e-18	2.00500e-18
15762.40000	-1.96505e-18	1.83372e-18
15764.10000	3.01440e-20	1.43307e-18
15765.70000	2.34058e-18	1.43714e-18
15767.30000	6.78409e-19	1.33301e-18
15769.00000	1.15902e-18	1.10611e-18
15770.60000	1.33170e-19	8.73872e-19
15772.20000	6.57966e-20	9.10000e-19
15773.80000	6.80466e-19	1.04011e-18
15775.50000	9.39504e-20	1.07493e-18
15777.10000	1.61211e-18	1.20218e-18
15778.70000	8.15744e-19	1.66400e-18
15780.40000	5.32160e-19	2.21602e-18
15782.00000	3.43761e-18	2.38379e-18
15783.60000	2.92863e-18	1.98912e-18
15785.20000	-9.47059e-19	1.34266e-18
15786.90000	-3.59140e-19	9.73868e-19
15788.50000	-5.67023e-19	9.33494e-19
15790.10000	6.12600e-19	1.10935e-18
15791.80000	9.74610e-19	1.28338e-18
15793.40000	4.19729e-19	1.25784e-18
15795.00000	-9.35439e-19	1.16035e-18
15796.70000	5.45237e-20	9.21839e-19
15798.30000	2.35131e-18	8.74969e-19
15799.90000	1.98156e-18	1.09672e-18
15801.50000	6.14241e-19	1.67046e-18
15803.20000	1.00327e-18	2.01187e-18
15804.80000	-7.41853e-19	2.07779e-18
15806.40000	1.71675e-18	2.35167e-18
15808.10000	-1.19653e-18	2.59588e-18
15809.70000	-5.85650e-19	2.42034e-18
15811.30000	-1.35923e-20	1.59166e-18
15812.90000	-1.16006e-18	1.00558e-18
15814.60000	-8.09076e-19	9.02440e-19
15816.20000	-9.72255e-19	8.41709e-19
15817.80000	-2.52316e-19	7.94799e-19
15819.50000	-3.69405e-20	8.12348e-19
15821.10000	-1.22823e-19	8.83031e-19
15822.70000	8.63500e-19	9.99984e-19
15824.30000	-1.01951e-18	1.13977e-18
15826.00000	1.25119e-18	1.40444e-18
15827.60000	8.13306e-19	2.67410e-18
15829.20000	-1.49922e-18	5.43297e-18
15830.90000	-3.52202e-17	9.97663e-18
15832.50000	-6.23219e-17	1.39470e-17
15834.10000	3.29009e-18	1.33872e-17
15835.70000	-1.53762e-17	7.52615e-18
15837.40000	4.91378e-19	2.49689e-18
15839.00000	6.50736e-18	1.82513e-18
15840.60000	-4.44071e-18	2.31086e-18
15842.30000	4.61836e-18	2.71693e-18
15843.90000	-2.02638e-18	3.04173e-18
15845.50000	-8.96611e-18	5.16288e-18
15847.20000	-3.04516e-17	7.82562e-18
15848.80000	-3.14752e-17	7.83689e-18
15850.40000	-8.81753e-18	4.91498e-18
15852.00000	2.12481e-18	2.00269e-18
15853.70000	-5.66676e-19	1.29134e-18
15855.30000	-5.03773e-19	1.12991e-18
15856.90000	4.06390e-19	1.08728e-18
15858.60000	-2.25637e-18	1.13389e-18
15860.20000	-1.24574e-18	1.37970e-18
15861.80000	2.08427e-18	1.62130e-18
15863.40000	1.98351e-19	1.63907e-18
15865.10000	1.02250e-18	1.86413e-18
15866.70000	-3.24925e-18	3.06516e-18
15868.30000	7.37756e-19	4.31008e-18
15870.00000	4.25052e-18	4.34880e-18
15871.60000	-7.08015e-20	3.20164e-18
15873.20000	5.71048e-19	1.89506e-18
15874.80000	-3.17789e-18	1.40025e-18
15876.50000	-1.02615e-18	1.23327e-18
15878.10000	1.00745e-18	1.13922e-18
15879.70000	2.12335e-20	9.15734e-19
15881.40000	-2.91043e-20	1.02577e-18
15883.00000	7.27434e-19	1.04169e-18
15884.60000	8.84653e-19	1.01163e-18
15886.20000	1.21917e-18	1.06584e-18
15887.90000	9.75438e-19	1.29085e-18
15889.50000	3.19896e-19	1.42356e-18
15891.10000	1.50208e-19	1.38897e-18
15892.80000	3.89451e-19	1.45916e-18
15894.40000	7.06490e-19	1.97995e-18
15896.00000	4.87576e-18	2.46978e-18
15897.60000	3.90043e-18	2.62617e-18
15899.30000	3.64038e-18	2.25492e-18
15900.90000	1.66781e-18	1.68107e-18
15902.50000	2.20855e-19	1.19502e-18
15904.20000	6.98111e-19	9.52296e-19
15905.80000	5.31898e-19	7.76200e-19
15907.40000	9.61257e-19	7.45348e-19
15909.10000	1.00300e-18	7.91068e-19
15910.70000	1.31046e-18	9.04631e-19
15912.30000	-2.32614e-19	1.12816e-18
15913.90000	-3.14271e-19	1.41010e-18
15915.60000	2.09434e-18	1.58117e-18
15917.20000	2.94096e-18	1.44662e-18
15918.80000	1.14873e-18	1.13590e-18
15920.50000	-6.06656e-19	8.37077e-19
15922.10000	7.45360e-19	8.23664e-19
15923.70000	8.31974e-19	9.54135e-19
15925.30000	-1.13569e-18	1.01161e-18
15927.00000	8.95587e-19	1.08414e-18
15928.60000	5.63710e-19	1.22674e-18
15930.20000	4.45127e-19	1.11213e-18
15931.90000	7.48404e-19	1.07646e-18
15933.50000	7.56183e-19	1.10344e-18
15935.10000	-3.49885e-19	1.10037e-18
15936.70000	-1.02638e-19	9.89128e-19
15938.40000	4.25481e-19	8.17575e-19
15940.00000	2.26223e-19	7.65680e-19
15941.60000	-1.02991e-18	7.75271e-19
15943.30000	1.85259e-19	7.89519e-19
15944.90000	1.05130e-18	8.17432e-19
15946.50000	4.94367e-19	8.32519e-19
15948.10000	-1.03926e-18	7.96263e-19
15949.80000	4.56245e-20	7.55438e-19
15951.40000	2.64382e-19	7.87060e-19
15953.00000	-7.35265e-20	8.96247e-19
15954.70000	-3.98377e-19	8.27945e-19
15956.30000	-3.71202e-19	8.05657e-19
15957.90000	-8.33499e-20	7.58770e-19
15959.50000	-6.43997e-19	7.44383e-19
15961.20000	-5.47353e-19	7.46163e-19
15962.80000	2.41847e-19	7.84948e-19
15964.40000	1.26051e-18	8.20604e-19
15966.10000	-8.41469e-21	9.22959e-19
15967.70000	-3.35065e-19	1.00535e-18
15969.30000	1.26932e-18	2.10351e-18
15971.00000	3.23529e-19	5.23809e-18
15972.60000	1.45724e-18	6.32824e-18
15974.20000	2.39778e-18	5.04519e-18
15975.80000	-3.44302e-18	2.04779e-18
15977.50000	3.94125e-20	1.01890e-18
15979.10000	4.49460e-20	8.63760e-19
15980.70000	-1.27717e-18	8.45569e-19
15982.40000	-1.09218e-18	8.59547e-19
15984.00000	-9.34745e-19	8.53295e-19
15985.60000	-7.91590e-19	8.24859e-19
15987.20000	-5.94661e-19	7.85963e-19
15988.90000	-4.07466e-19	7.49464e-19
15990.50000	8.59108e-20	7.44491e-19
15992.10000	1.05730e-19	7.54911e-19
15993.80000	-1.67010e-19	7.67586e-19
15995.40000	7.05370e-19	7.67201e-19
15997.00000	1.07658e-18	7.57545e-19
15998.60000	1.93512e-18	7.56766e-19
16000.30000	7.17075e-20	7.51574e-19
16001.90000	3.81648e-19	7.58787e-19
16003.50000	3.51233e-19	7.51657e-19
16005.20000	1.21671e-18	7.36271e-19
16006.80000	-4.51196e-19	7.95400e-19
16008.40000	-3.86178e-20	8.78267e-19
16010.00000	5.21403e-19	8.49893e-19
16011.70000	-1.37778e-19	8.18953e-19
16013.30000	-3.94078e-19	8.69322e-19
16014.90000	-9.57655e-20	8.78424e-19
16016.60000	8.27944e-19	8.55790e-19
16018.20000	8.46533e-20	8.34172e-19
16019.80000	-1.78169e-19	8.35848e-19
16021.40000	1.35092e-19	8.66556e-19
16023.10000	-3.72030e-19	9.43303e-19
16024.70000	1.01008e-18	1.08626e-18
16026.30000	-2.34344e-18	1.66274e-18
16028.00000	8.22418e-18	5.32445e-18
16029.60000	7.34422e-17	1.13704e-17
16031.20000	3.23491e-17	1.23358e-17
16032.90000	2.36179e-17	9.30223e-18
16034.50000	-4.83644e-18	3.26454e-18
16036.10000	1.30565e-18	1.21428e-18
16037.70000	8.64186e-19	1.03748e-18
16039.40000	-1.64644e-18	1.15440e-18
16041.00000	1.02677e-18	1.44380e-18
16042.60000	-1.15125e-18	1.44701e-18
16044.30000	2.06008e-18	1.22117e-18
16045.90000	-1.47807e-18	9.23513e-19
16047.50000	1.10789e-18	7.79819e-19
16049.10000	-2.16363e-19	7.73918e-19
16050.80000	1.37556e-19	7.96280e-19
16052.40000	4.47950e-19	8.23827e-19
16054.00000	7.11037e-20	9.25662e-19
16055.70000	1.71906e-19	1.16814e-18
16057.30000	-3.02664e-19	1.42600e-18
16058.90000	-2.24576e-18	1.51323e-18
16060.50000	4.67966e-19	1.21243e-18
16062.20000	4.85944e-19	1.01129e-18
16063.80000	3.51640e-19	9.35665e-19
16065.40000	-1.01532e-18	1.03738e-18
16067.10000	-1.00347e-18	1.09510e-18
16068.70000	1.32643e-18	1.05087e-18
16070.30000	2.03295e-19	1.04618e-18
16071.90000	2.35559e-18	1.19540e-18
16073.60000	3.38379e-19	1.30476e-18
16075.20000	1.70638e-18	1.52216e-18
16076.80000	8.51715e-18	3.22042e-18
16078.50000	4.20228e-19	6.72841e-18
16080.10000	4.27335e-18	7.24843e-18
16081.70000	5.36008e-18	4.88030e-18
16083.30000	1.47552e-18	1.78892e-18
16085.00000	6.99659e-19	1.09578e-18
16086.60000	-1.57208e-18	9.75909e-19
16088.20000	-1.05476e-18	9.24365e-19
16089.90000	-4.59147e-19	8.37966e-19
16091.50000	1.63020e-19	8.69951e-19
16093.10000	4.11457e-19	8.95031e-19
16094.80000	-9.55322e-19	9.52153e-19
16096.40000	-1.01846e-18	1.05981e-18
16098.00000	5.50132e-19	1.05767e-18
16099.60000	-4.82596e-21	9.30154e-19
16101.30000	-5.17066e-19	8.27896e-19
16102.90000	3.78656e-19	8.24199e-19
16104.50000	1.18717e-18	8.06496e-19
16106.20000	8.87920e-19	7.73102e-19
16107.80000	9.45413e-19	7.70716e-19
16109.40000	-1.48934e-20	7.84785e-19
16111.00000	2.89972e-19	7.83866e-19
16112.70000	-4.37230e-19	7.87480e-19
16114.30000	6.27436e-19	8.26888e-19
16115.90000	-3.06470e-19	1.01966e-18
16117.60000	1.74410e-18	1.40167e-18
16119.20000	-1.14118e-18	1.48572e-18
16120.80000	-6.01600e-19	1.30664e-18
16122.40000	1.25353e-18	1.20106e-18
16124.10000	4.24745e-19	1.67446e-18
16125.70000	-5.82855e-18	5.05108e-18
16127.30000	-6.42145e-17	1.10986e-17
16129.00000	5.94860e-19	1.20522e-17
16130.60000	1.06046e-17	9.23062e-18
16132.20000	-1.16157e-17	2.74005e-18
16133.80000	7.86228e-18	1.28400e-18
16135.50000	-5.57047e-18	1.00794e-18
16137.10000	3.71750e-18	9.12462e-19
16138.70000	-7.92410e-19	8.48661e-19
16140.40000	1.28358e-18	8.33465e-19
16142.00000	9.29542e-19	8.20006e-19
16143.60000	-7.52872e-20	8.13061e-19
16145.20000	-1.81472e-19	8.16973e-19
16146.90000	-9.34772e-19	7.94692e-19
16148.50000	-2.71717e-19	8.07796e-19
16150.10000	4.85112e-19	8.58908e-19
16151.80000	8.83750e-19	8.66656e-19
16153.40000	-5.61145e-19	8.68903e-19
16155.00000	-4.70938e-19	8.86338e-19
16156.70000	1.09126e-18	1.15660e-18
16158.30000	-9.96671e-19	1.75137e-18
16159.90000	-8.78420e-19	1.85962e-18
16161.50000	-5.35036e-19	1.41805e-18
16163.20000	-1.58210e-18	9.28257e-19
16164.80000	-2.39317e-19	8.08861e-19
16166.40000	1.37248e-20	7.96716e-19
16168.10000	9.80596e-19	8.20603e-19
16169.70000	1.13952e-18	9.03605e-19
16171.30000	7.36776e-20	9.80273e-19
16172.90000	-5.47021e-19	9.90090e-19
16174.60000	-6.09186e-19	9.19822e-19
16176.20000	1.10473e-18	8.69536e-19
16177.80000	6.26565e-20	8.41720e-19
16179.50000	6.20741e-19	8.59540e-19
16181.10000	6.97008e-19	8.96066e-19
16182.70000	-9.06178e-19	8.15232e-19
16184.30000	-6.31644e-19	8.30554e-19
16186.00000	7.96067e-19	8.62816e-19
16187.60000	3.84070e-19	9.82657e-19
16189.20000	2.19102e-18	1.14797e-18
16190.90000	-6.48786e-18	1.79439e-18
16192.50000	2.14138e-17	4.20509e-18
16194.10000	2.22366e-17	6.33881e-18
16195.70000	1.14599e-17	5.86764e-18
16197.40000	5.60648e-18	2.76087e-18
16199.00000	-3.41379e-18	1.20895e-18
16200.60000	1.20261e-18	8.98302e-19
16202.30000	-4.34355e-19	8.52426e-19
16203.90000	1.39806e-18	8.50715e-19
16205.50000	-2.68440e-19	9.54314e-19
16207.20000	-4.53977e-19	1.22488e-18
16208.80000	6.92204e-19	1.43018e-18
16210.40000	-1.37892e-18	1.49079e-18
16212.00000	-8.01116e-19	1.30275e-18
16213.70000	2.59194e-19	1.03609e-18
16215.30000	8.14030e-19	8.42226e-19
16216.90000	9.84060e-19	8.57901e-19
16218.60000	5.62094e-20	1.18156e-18
16220.20000	5.23944e-19	1.74172e-18
16221.80000	1.91869e-18	2.04182e-18
16223.40000	1.34985e-18	1.91976e-18
16225.10000	1.55552e-18	1.65004e-18
16226.70000	-2.37571e-18	1.62439e-18
16228.30000	8.92654e-19	1.93397e-18
16230.00000	-3.17991e-18	2.17601e-18
16231.60000	-1.22512e-18	3.10794e-18
16233.20000	3.32732e-17	6.73866e-18
16234.80000	2.34233e-17	9.66321e-18
16236.50000	3.43636e-17	8.89230e-18
16238.10000	3.87428e-18	4.54371e-18
16239.70000	-9.46378e-19	1.52229e-18
16241.40000	3.39165e-18	1.04821e-18
16243.00000	-2.87581e-18	1.35016e-18
16244.60000	1.45896e-18	1.89164e-18
16246.20000	8.87926e-19	1.87392e-18
16247.90000	1.42222e-18	1.47600e-18
16249.50000	-8.77232e-19	1.15085e-18
16251.10000	-7.43943e-19	1.32356e-18
16252.80000	-1.70353e-18	1.43774e-18
16254.40000	5.52824e-19	1.32334e-18
16256.00000	2.86561e-19	1.08196e-18
16257.60000	5.78623e-19	1.10369e-18
16259.30000	-2.83087e-19	1.08532e-18
16260.90000	1.27105e-18	1.01265e-18
16262.50000	4.56985e-20	9.47514e-19
16264.20000	-1.11038e-18	9.61552e-19
16265.80000	1.08372e-19	9.67397e-19
16267.40000	-1.88053e-18	1.21227e-18
16269.10000	-1.75354e-18	1.77016e-18
16270.70000	1.38086e-18	1.87367e-18
16272.30000	1.08090e-18	1.44540e-18
16273.90000	8.53072e-19	9.31821e-19
16275.60000	-2.55581e-19	8.87747e-19
16277.20000	2.12910e-19	1.12137e-18
16278.80000	3.41907e-18	1.80428e-18
16280.50000	2.30107e-18	1.38550e-18
16282.10000	2.17033e-18	1.08385e-18
16283.70000	5.01325e-19	8.51277e-19
16285.30000	9.44479e-19	8.18965e-19
16287.00000	8.04772e-19	7.98812e-19
16288.60000	-4.13070e-19	7.95352e-19
16290.20000	-1.04668e-18	8.02570e-19
16291.90000	-4.98912e-20	7.91289e-19
16293.50000	-2.28525e-19	7.65197e-19
16295.10000	-1.30937e-18	7.59664e-19
16296.70000	3.22909e-19	7.55396e-19
16298.40000	4.32593e-19	9.13229e-19
16300.00000	2.88426e-18	1.56415e-18
16301.60000	2.42738e-18	2.24859e-18
16303.30000	2.74540e-18	2.51685e-18
16304.90000	2.09132e-18	1.93454e-18
16306.50000	3.75188e-19	1.81805e-18
16308.10000	-8.68573e-19	1.79968e-18
16309.80000	-6.59704e-20	1.45315e-18
16311.40000	1.31357e-18	1.05103e-18
16313.00000	1.18740e-18	1.44180e-18
16314.70000	-1.75890e-18	3.24840e-18
16316.30000	-8.33681e-18	4.94816e-18
16317.90000	-1.04241e-17	4.80964e-18
16319.50000	-1.85901e-18	2.69184e-18
16321.20000	6.36090e-19	1.12346e-18
16322.80000	-1.12398e-19	9.25655e-19
16324.40000	6.19727e-19	7.95094e-19
16326.10000	5.52679e-19	7.72500e-19
16327.70000	1.63732e-18	7.61828e-19
16329.30000	-5.65187e-19	8.63135e-19
16331.00000	-1.54818e-18	8.18964e-19
16332.60000	1.24947e-18	7.64141e-19
16334.20000	7.52744e-19	7.76204e-19
16335.80000	-6.24832e-19	8.18235e-19
16337.50000	1.64918e-18	1.09739e-18
16339.10000	-4.70238e-18	2.12309e-18
16340.70000	-1.04505e-17	3.38684e-18
16342.40000	-1.01612e-18	3.46912e-18
16344.00000	2.12408e-18	2.51454e-18
16345.60000	-2.85539e-19	1.62799e-18
16347.20000	5.53338e-18	2.02978e-18
16348.90000	-1.70059e-17	4.51596e-18
16350.50000	-2.43753e-17	6.76674e-18
16352.10000	-5.80454e-18	6.60388e-18
16353.80000	-1.46971e-18	4.14232e-18
16355.40000	1.95857e-18	2.04177e-18
16357.00000	-4.31608e-18	1.97574e-18
16358.60000	-3.29648e-18	2.60028e-18
16360.30000	3.54041e-19	2.78537e-18
16361.90000	-4.35843e-19	2.57522e-18
16363.50000	4.76461e-19	1.98979e-18
16365.20000	2.87588e-19	1.74003e-18
16366.80000	1.41658e-18	1.50716e-18
16368.40000	1.43152e-18	1.33911e-18
16370.00000	4.41610e-19	1.39848e-18
16371.70000	-7.25706e-19	1.48537e-18
16373.30000	1.01112e-18	1.16607e-18
16374.90000	8.14362e-19	9.51400e-19
16376.60000	1.96209e-19	7.84296e-19
16378.20000	5.04281e-19	7.57322e-19
16379.80000	7.54313e-19	7.74295e-19
16381.40000	-2.10405e-20	8.20566e-19
16383.10000	5.36398e-19	8.65089e-19
16384.70000	2.34416e-18	1.33943e-18
16386.30000	-1.35396e-17	3.61556e-18
16388.00000	-1.01786e-17	5.37213e-18
16389.60000	-1.54365e-17	5.10748e-18
16391.20000	-2.66024e-18	2.65724e-18
16392.90000	5.04521e-19	1.22863e-18
16394.50000	-1.92754e-19	1.03996e-18
16396.10000	-6.49018e-20	1.20929e-18
16397.70000	6.66564e-19	1.26074e-18
16399.40000	6.39921e-19	1.13599e-18
16401.00000	1.15162e-18	8.36415e-19
16402.60000	3.88168e-19	7.88731e-19
16404.30000	7.91116e-19	7.86655e-19
16405.90000	-8.87259e-19	8.37652e-19
16407.50000	-5.35109e-19	1.03429e-18
16409.10000	7.41762e-20	1.13292e-18
16410.80000	3.71345e-19	1.29974e-18
16412.40000	-6.19246e-18	2.48213e-18
16414.00000	-1.26496e-17	3.89577e-18
16415.70000	-3.77479e-18	3.58485e-18
16417.30000	-2.25668e-18	1.93840e-18
16418.90000	-6.29648e-19	9.30444e-19
16420.50000	-5.68228e-20	7.75953e-19
16422.20000	-3.30030e-19	7.58818e-19
16423.80000	-5.77820e-19	7.50200e-19
16425.40000	1.77546e-19	7.40210e-19
16427.10000	6.88425e-19	7.54659e-19
16428.70000	-1.01843e-18	7.83160e-19
16430.30000	-9.29535e-19	7.94612e-19
16431.90000	5.12869e-19	8.10446e-19
16433.60000	-2.72914e-19	8.21705e-19
16435.20000	-1.18384e-18	8.73502e-19
16436.80000	-1.23636e-18	1.24410e-18
16438.50000	4.98579e-18	2.12454e-18
16440.10000	-3.37153e-17	5.44421e-18
16441.70000	-2.88445e-17	7.48449e-18
16443.30000	-2.62163e-17	6.80165e-18
16445.00000	-6.02596e-18	4.19884e-18
16446.60000	1.07731e-18	3.36227e-18
16448.20000	3.51379e-18	3.22838e-18
16449.90000	3.54923e-18	2.22273e-18
16451.50000	2.52478e-19	1.27328e-18
16453.10000	-2.85186e-19	1.17430e-18
16454.80000	-9.62608e-19	1.21020e-18
16456.40000	1.19878e-18	1.23606e-18
16458.00000	1.54071e-18	1.20882e-18
16459.60000	2.17656e-19	1.18240e-18
16461.30000	-1.92847e-19	1.03808e-18
16462.90000	-5.95293e-19	9.17763e-19
16464.50000	-1.92022e-19	8.39139e-19
16466.20000	-6.75200e-20	7.93330e-19
16467.80000	1.36651e-19	8.85481e-19
16469.40000	-4.89982e-20	8.65561e-19
16471.00000	1.22154e-18	8.61721e-19
16472.70000	1.67003e-20	1.54770e-18
16474.30000	-9.33906e-19	3.24817e-18
16475.90000	-1.18492e-17	4.69924e-18
16477.60000	-1.96033e-18	5.95690e-18
16479.20000	6.03144e-18	5.62813e-18
16480.80000	2.41822e-18	3.84468e-18
16482.40000	-6.00460e-19	1.59303e-18
16484.10000	-6.36526e-19	9.78011e-19
16485.70000	3.08755e-19	8.66014e-19
16487.30000	1.60122e-18	8.01586e-19
16489.00000	1.03199e-18	7.81697e-19
16490.60000	7.00547e-19	7.78039e-19
16492.20000	9.18717e-19	7.82703e-19
16493.80000	2.95107e-19	8.18177e-19
16495.50000	-9.05805e-19	1.02791e-18
16497.10000	-1.86273e-18	9.94742e-19
16498.70000	1.78748e-18	1.89287e-18
16500.40000	-2.14874e-17	6.36788e-18
16502.00000	-2.40466e-17	8.57778e-18
16503.60000	-2.13495e-17	7.69934e-18
16505.20000	-6.61234e-19	3.29477e-18
16506.90000	2.07933e-18	1.27133e-18
16508.50000	-4.63016e-19	9.00692e-19
16510.10000	7.78756e-19	8.40018e-19
16511.80000	-1.13413e-18	8.70880e-19
16513.40000	5.36650e-19	7.98926e-19
16515.00000	6.12979e-19	7.64522e-19
16516.70000	-9.82805e-19	7.71654e-19
16518.30000	-9.25146e-19	7.77769e-19
16519.90000	6.28626e-19	7.86367e-19
16521.50000	2.17883e-19	7.83070e-19
16523.20000	-3.20766e-19	8.63828e-19
16524.80000	5.01486e-19	9.41753e-19
16526.40000	1.52891e-18	1.16768e-18
16528.10000	9.75148e-19	1.50958e-18
16529.70000	-1.15161e-18	1.61079e-18
16531.30000	2.26707e-20	1.37694e-18
16532.90000	-7.96230e-19	1.12914e-18
16534.60000	-1.79418e-18	9.44542e-19
16536.20000	-1.14646e-18	1.08880e-18
16537.80000	8.50881e-19	1.47420e-18
16539.50000	-2.44298e-19	1.55439e-18
16541.10000	-7.53820e-19	1.39043e-18
16542.70000	-1.19370e-18	1.31022e-18
16544.30000	-1.41492e-19	1.26200e-18
16546.00000	-2.18580e-19	9.49893e-19
16547.60000	-9.39116e-19	8.59680e-19
16549.20000	7.18171e-20	9.29137e-19
16550.90000	9.01640e-19	1.92864e-18
16552.50000	-3.42546e-18	4.42534e-18
16554.10000	-6.96883e-18	4.87968e-18
16555.70000	-2.88583e-18	3.36153e-18
16557.40000	-9.41614e-19	1.59933e-18
16559.00000	-1.03617e-18	1.17872e-18
16560.60000	4.12001e-19	1.06190e-18
16562.30000	-5.94969e-19	8.61983e-19
16563.90000	4.42359e-19	7.57845e-19
16565.50000	1.23186e-19	7.46197e-19
16567.20000	-7.47838e-19	7.45988e-19
16568.80000	5.12305e-20	7.43672e-19
16570.40000	3.93148e-19	7.18150e-19
16572.00000	-2.29086e-19	7.10916e-19
16573.70000	-2.91497e-19	7.12609e-19
16575.30000	-9.47683e-19	7.96143e-19
16576.90000	-1.64633e-19	7.51258e-19
16578.60000	-8.02221e-20	7.18731e-19
16580.20000	-5.17598e-19	7.22834e-19
16581.80000	-8.35193e-20	7.91350e-19
16583.40000	1.57979e-18	1.35799e-18
16585.10000	9.86473e-19	2.05812e-18
16586.70000	-5.95499e-19	2.14887e-18
16588.30000	-2.17271e-18	1.58176e-18
16590.00000	7.44104e-19	9.48164e-19
16591.60000	1.60372e-18	7.80888e-19
16593.20000	-7.28656e-20	7.76895e-19
16594.80000	-9.50276e-19	7.87371e-19
16596.50000	-1.06355e-18	7.70400e-19
16598.10000	1.49375e-19	7.37361e-19
16599.70000	5.20742e-19	7.24770e-19
16601.40000	-1.60345e-19	7.34036e-19
16603.00000	-1.37826e-18	7.46558e-19
16604.60000	3.81068e-19	7.71508e-19
16606.20000	1.77877e-18	9.30398e-19
16607.90000	-1.02862e-18	1.56160e-18
16609.50000	-1.68241e-18	2.35231e-18
16611.10000	-6.28973e-19	2.60954e-18
16612.80000	1.84881e-19	2.08933e-18
16614.40000	1.51691e-18	1.28770e-18
16616.00000	1.02299e-19	8.31829e-19
16617.60000	1.38146e-19	7.58984e-19
16619.30000	1.00975e-18	7.62821e-19
16620.90000	6.63707e-19	7.25179e-19
16622.50000	1.92333e-19	7.07307e-19
16624.20000	-1.65034e-18	6.98259e-19
16625.80000	-3.56302e-19	7.06007e-19
16627.40000	-7.03386e-19	7.11344e-19
16629.10000	-1.35759e-18	7.04544e-19
16630.70000	8.60452e-19	6.98571e-19
16632.30000	2.74223e-20	7.10463e-19
16633.90000	-7.94140e-19	7.48432e-19
16635.60000	4.36923e-20	7.91105e-19
16637.20000	-6.62682e-20	8.06175e-19
16638.80000	8.88893e-19	7.97303e-19
16640.50000	1.14482e-18	7.60730e-19
16642.10000	4.98823e-19	7.17356e-19
16643.70000	3.06372e-19	7.03010e-19
16645.30000	5.05300e-19	7.04511e-19
16647.00000	2.40833e-19	7.14056e-19
16648.60000	4.78848e-20	7.19205e-19
16650.20000	6.16596e-19	7.35392e-19
16651.90000	1.52857e-18	8.49769e-19
16653.50000	5.65647e-20	1.00383e-18
16655.10000	-9.26157e-20	1.03488e-18
16656.70000	2.65488e-20	1.03216e-18
16658.40000	-7.47369e-19	1.16559e-18
16660.00000	5.47105e-20	1.26814e-18
16661.60000	6.47124e-20	1.13307e-18
16663.30000	4.68569e-19	1.01643e-18
16664.90000	-3.57432e-19	9.14308e-19
16666.50000	3.36262e-19	9.45123e-19
16668.10000	-2.81525e-20	8.97756e-19
16669.80000	-2.26938e-19	7.60599e-19
16671.40000	-1.30036e-18	7.03960e-19
16673.00000	-1.87601e-19	7.09868e-19
16674.70000	-4.19871e-19	7.32149e-19
16676.30000	4.61650e-19	7.90429e-19
16677.90000	-1.38114e-18	8.00265e-19
16679.50000	1.99888e-19	8.25867e-19
16681.20000	5.77165e-19	8.69839e-19
16682.80000	1.86734e-19	8.57618e-19
16684.40000	4.90343e-19	1.03637e-18
16686.10000	-9.83148e-18	1.92939e-18
16687.70000	1.48926e-17	4.01618e-18
16689.30000	-3.52719e-17	6.96246e-18
16691.00000	-7.67400e-17	1.25854e-17
16692.60000	-8.72714e-18	1.34384e-17
16694.20000	-1.35946e-17	9.92569e-18
16695.80000	1.54734e-17	3.13253e-18
16697.50000	-5.95069e-18	1.44242e-18
16699.10000	2.71404e-18	1.44241e-18
16700.70000	2.64013e-18	2.31124e-18
16702.40000	2.68707e-18	2.79104e-18
16704.00000	-1.56460e-19	2.47706e-18
16705.60000	3.99392e-18	3.47182e-18
16707.20000	3.66936e-17	6.90375e-18
16708.90000	1.75064e-17	8.62632e-18
16710.50000	-4.09692e-18	6.81149e-18
16712.10000	3.90514e-18	2.71827e-18
16713.80000	-2.19912e-18	1.34192e-18
16715.40000	1.14666e-18	1.19326e-18
16717.00000	-4.65628e-19	1.47377e-18
16718.60000	-1.17886e-18	1.59160e-18
16720.30000	5.26162e-19	1.64675e-18
16721.90000	-1.62085e-19	1.55107e-18
16723.50000	2.65391e-18	1.82957e-18
16725.20000	-2.85530e-19	1.90138e-18
16726.80000	-1.60221e-18	1.44419e-18
16728.40000	-2.55344e-18	1.67435e-18
16730.00000	-5.64322e-18	3.25947e-18
16731.70000	-5.57522e-18	4.56125e-18
16733.30000	-6.05730e-18	4.58576e-18
16734.90000	-4.39129e-18	3.27751e-18
16736.60000	-1.13700e-18	1.51900e-18
16738.20000	2.56857e-19	8.80738e-19
16739.80000	-7.76114e-19	7.86921e-19
16741.40000	-1.97230e-19	7.68361e-19
16743.10000	-5.14200e-19	7.65044e-19
16744.70000	5.81825e-19	7.64179e-19
16746.30000	-6.68042e-19	7.74532e-19
16748.00000	-8.92883e-19	7.98962e-19
16749.60000	3.12630e-19	8.67400e-19
16751.20000	1.47649e-18	1.17372e-18
16752.90000	-1.32650e-18	1.71293e-18
16754.50000	-1.22239e-18	2.08294e-18
16756.10000	-2.36947e-19	1.94804e-18
16757.70000	-1.89191e-18	1.58171e-18
16759.40000	-2.11155e-19	1.56578e-18
16761.00000	-2.26908e-18	1.90963e-18
16762.60000	3.96926e-18	2.20047e-18
16764.30000	-8.48437e-19	2.25141e-18
16765.90000	-1.19014e-18	1.93894e-18
16767.50000	6.13333e-21	1.32361e-18
16769.10000	5.81851e-20	8.29626e-19
16770.80000	-3.27747e-19	7.61882e-19
16772.40000	5.83337e-19	7.94077e-19
16774.00000	7.82217e-19	7.70372e-19
16775.70000	-4.12934e-19	7.60110e-19
16777.30000	-4.58559e-19	7.36267e-19
16778.90000	7.31488e-19	7.21494e-19
16780.50000	-3.21543e-19	7.34234e-19
16782.20000	-2.79873e-19	7.33490e-19
16783.80000	3.68159e-19	7.41256e-19
16785.40000	3.69951e-19	7.49011e-19
16787.10000	-5.66376e-19	7.45746e-19
16788.70000	-5.31014e-20	7.37351e-19
16790.30000	-3.45486e-19	7.51214e-19
16791.90000	5.44486e-19	8.30428e-19
16793.60000	1.26100e-19	8.86639e-19
16795.20000	9.47732e-20	8.78771e-19
16796.80000	3.74099e-19	9.25563e-19
16798.50000	1.33636e-18	1.12700e-18
16800.10000	2.43075e-19	1.19903e-18
16801.70000	-5.86436e-19	1.13222e-18
16803.30000	-2.66980e-19	1.16611e-18
16805.00000	4.17355e-19	1.19273e-18
16806.60000	-1.83304e-18	1.06416e-18
16808.20000	1.64525e-19	8.18692e-19
16809.90000	1.28307e-18	7.42331e-19
16811.50000	-1.20186e-19	7.40194e-19
16813.10000	-6.51222e-19	7.42596e-19
16814.80000	-3.90125e-19	7.42020e-19
16816.40000	1.07191e-18	7.44640e-19
16818.00000	1.57391e-18	7.48752e-19
16819.60000	-4.13787e-19	7.46460e-19
16821.30000	7.31760e-19	7.51615e-19
16822.90000	1.12396e-18	7.63024e-19
16824.50000	3.80548e-19	7.63158e-19
16826.20000	-1.30582e-18	7.58648e-19
16827.80000	-4.25123e-19	7.68752e-19
16829.40000	4.30138e-19	7.72941e-19
16831.00000	-3.59106e-20	7.75520e-19
16832.70000	-1.59466e-18	7.94259e-19
16834.30000	8.83151e-19	8.36117e-19
16835.90000	-1.94621e-18	1.05952e-18
16837.60000	6.81085e-19	2.66427e-18
16839.20000	2.66316e-17	5.93219e-18
16840.80000	1.02868e-17	6.28599e-18
16842.40000	5.90227e-18	4.29044e-18
16844.10000	1.74533e-18	1.64467e-18
16845.70000	-6.59987e-19	1.02854e-18
16847.30000	2.41365e-18	8.87473e-19
16849.00000	-5.83730e-19	8.15929e-19
16850.60000	-2.74184e-19	8.42643e-19
16852.20000	-2.95493e-19	8.92235e-19
16853.80000	1.54394e-18	8.73796e-19
16855.50000	1.53528e-18	8.11893e-19
16857.10000	-8.19920e-19	7.65240e-19
16858.70000	-1.16799e-18	7.58187e-19
16860.40000	4.69256e-19	7.56994e-19
16862.00000	8.94646e-19	7.61054e-19
16863.60000	3.81669e-19	7.62042e-19
16865.20000	-1.32850e-18	7.52663e-19
16866.90000	-1.47729e-19	7.59227e-19
16868.50000	-4.90176e-19	8.80485e-19
16870.10000	1.92017e-18	1.06951e-18
16871.80000	-1.56612e-19	1.08536e-18
16873.40000	-1.82620e-18	1.06251e-18
16875.00000	-2.86998e-18	1.23480e-18
16876.70000	-2.53788e-19	1.30953e-18
16878.30000	-4.34584e-19	1.15022e-18
16879.90000	1.73733e-20	9.33905e-19
16881.50000	-1.07891e-18	9.72978e-19
16883.20000	6.25427e-19	1.04142e-18
16884.80000	-4.68037e-19	1.00718e-18
16886.40000	6.32866e-19	1.06527e-18
16888.10000	-7.94579e-19	1.36412e-18
16889.70000	-1.65558e-19	1.55478e-18
16891.30000	8.11554e-19	1.40554e-18
16892.90000	1.15230e-18	1.09880e-18
16894.60000	2.09211e-18	9.93762e-19
16896.20000	1.71153e-19	1.16798e-18
16897.80000	-4.42910e-19	1.48880e-18
16899.50000	-8.10898e-18	2.22329e-18
16901.10000	7.16553e-19	6.26997e-18
16902.70000	5.24972e-17	1.16787e-17
16904.30000	3.91219e-17	1.19179e-17
16906.00000	9.30010e-18	7.13584e-18
16907.60000	5.01428e-18	3.06579e-18
16909.20000	-1.84589e-18	2.31441e-18
16910.90000	2.35442e-18	1.92371e-18
16912.50000	-8.50720e-19	1.64112e-18
16914.10000	1.62598e-18	1.91753e-18
16915.70000	2.85652e-18	1.83501e-18
16917.40000	5.24574e-20	9.73333e-19
16919.00000	1.03541e-18	8.04015e-19
16920.60000	-8.54557e-19	7.75653e-19
16922.30000	6.65403e-19	7.52701e-19
16923.90000	-9.20744e-19	7.57704e-19
16925.50000	4.64001e-19	7.62574e-19
16927.20000	2.84103e-18	7.82715e-19
16928.80000	2.94109e-19	7.90897e-19
16930.40000	5.16438e-19	7.78865e-19
16932.00000	-1.46770e-20	7.72886e-19
16933.70000	-1.92006e-19	7.70504e-19
16935.30000	1.30375e-19	7.46264e-19
16936.90000	1.22705e-18	7.24015e-19
16938.60000	1.05141e-18	7.32008e-19
16940.20000	-1.22521e-18	7.41809e-19
16941.80000	2.12778e-19	8.11919e-19
16943.40000	-9.86327e-19	8.87842e-19
16945.10000	1.71837e-18	9.32907e-19
16946.70000	5.11201e-19	9.32456e-19
16948.30000	8.98737e-19	8.83060e-19
16950.00000	-1.34068e-18	9.76784e-19
16951.60000	-1.16260e-18	2.04153e-18
16953.20000	-2.86568e-17	5.94515e-18
16954.80000	-2.96005e-17	7.42301e-18
16956.50000	-1.71110e-17	6.22822e-18
16958.10000	-2.14417e-19	2.48496e-18
16959.70000	2.40817e-18	1.27896e-18
16961.40000	1.05656e-18	9.62882e-19
16963.00000	1.36900e-18	8.02143e-19
16964.60000	7.52889e-19	7.66192e-19
16966.20000	2.65325e-19	7.54967e-19
16967.90000	1.23530e-18	7.48386e-19
16969.50000	7.75647e-19	7.55606e-19
16971.10000	-4.83334e-19	7.94625e-19
16972.80000	-7.86707e-19	7.54822e-19
16974.40000	4.32631e-19	7.66625e-19
16976.00000	-6.67237e-19	8.32243e-19
16977.60000	1.25635e-19	7.45730e-19
16979.30000	3.76592e-19	7.52160e-19
16980.90000	4.89874e-19	8.30360e-19
16982.50000	1.08411e-18	8.23337e-19
16984.20000	5.57535e-19	8.00729e-19
16985.80000	7.58385e-19	8.29442e-19
16987.40000	1.91192e-18	8.83201e-19
16989.10000	1.78495e-18	1.00870e-18
16990.70000	1.64413e-19	1.04821e-18
16992.30000	1.01953e-18	9.21415e-19
16993.90000	5.90344e-19	8.27493e-19
16995.60000	-1.88522e-18	8.52700e-19
16997.20000	1.76018e-18	8.74875e-19
16998.80000	-2.67251e-18	8.87802e-19
17000.50000	2.57718e-18	9.07083e-19
17002.10000	-6.93849e-19	1.00806e-18
17003.70000	-8.41603e-19	1.33767e-18
17005.30000	3.24339e-19	3.64615e-18
17007.00000	-5.78299e-17	1.03276e-17
17008.60000	-3.97378e-17	1.28073e-17
17010.20000	-4.57630e-17	1.08673e-17
17011.90000	-4.25136e-18	4.09255e-18
17013.50000	6.98158e-18	1.95760e-18
17015.10000	-6.16802e-18	1.35399e-18
17016.70000	3.72802e-18	1.00860e-18
17018.40000	-6.05334e-19	9.29130e-19
17020.00000	1.29772e-18	8.09730e-19
17021.60000	-3.48490e-19	7.90934e-19
17023.30000	1.59572e-18	7.61634e-19
17024.90000	1.06755e-18	7.39078e-19
17026.50000	7.53040e-19	7.25739e-19
17028.10000	1.50939e-19	7.64914e-19
17029.80000	7.68216e-19	8.99253e-19
17031.40000	-5.80771e-20	7.78841e-19
17033.00000	-5.40100e-19	7.60968e-19
17034.70000	-2.06195e-19	7.52084e-19
17036.30000	-9.17968e-19	7.40371e-19
17037.90000	3.51094e-19	7.55560e-19
17039.50000	6.44760e-20	7.65958e-19
17041.20000	-4.65835e-20	7.71505e-19
17042.80000	1.91517e-19	7.59952e-19
17044.40000	2.31748e-19	7.67526e-19
17046.10000	-5.63856e-19	7.78076e-19
17047.70000	-8.49215e-19	8.36905e-19
17049.30000	-5.71696e-19	9.29587e-19
17051.00000	-3.61581e-19	9.95078e-19
17052.60000	-1.61463e-19	1.19728e-18
17054.20000	-7.88879e-19	1.64294e-18
17055.80000	1.19542e-19	2.21238e-18
17057.50000	7.19624e-20	2.13332e-18
17059.10000	-1.22403e-19	1.51012e-18
17060.70000	4.53232e-20	1.02593e-18
17062.40000	7.28367e-19	8.36624e-19
17064.00000	-9.16271e-20	7.70997e-19
17065.60000	4.00735e-19	7.72935e-19
17067.20000	1.04534e-18	8.88511e-19
17068.90000	1.06641e-18	1.27118e-18
17070.50000	1.04596e-18	1.54948e-18
17072.10000	-1.58236e-19	1.72431e-18
17073.80000	3.67429e-19	1.86096e-18
17075.40000	3.29547e-18	3.23795e-18
17077.00000	7.19194e-18	6.70828e-18
17078.60000	-2.06093e-17	7.19007e-18
17080.30000	-1.98957e-17	4.63667e-18
17081.90000	-7.82680e-19	1.66964e-18
17083.50000	6.66129e-19	1.03463e-18
17085.20000	-1.22055e-18	9.03959e-19
17086.80000	2.07408e-19	8.54920e-19
17088.40000	6.23207e-19	8.13266e-19
17090.00000	4.81954e-19	7.83037e-19
17091.70000	-3.76911e-19	7.89881e-19
17093.30000	8.16977e-19	8.18589e-19
17094.90000	6.76291e-19	8.53304e-19
17096.60000	-1.51106e-18	9.50692e-19
17098.20000	-2.18368e-18	1.16829e-18
17099.80000	-5.01870e-19	1.40245e-18
17101.40000	1.65780e-19	1.53638e-18
17103.10000	1.13891e-18	1.61570e-18
17104.70000	2.91351e-18	1.58541e-18
17106.30000	2.61038e-18	1.52041e-18
17108.00000	2.17124e-18	1.44836e-18
17109.60000	1.53414e-18	1.45308e-18
17111.20000	1.04601e-18	1.37035e-18
17112.90000	4.27867e-20	1.29496e-18
17114.50000	-2.00999e-18	1.30971e-18
17116.10000	8.40270e-19	1.27263e-18
17117.70000	-2.77795e-18	1.28103e-18
17119.40000	-1.06514e-18	1.92720e-18
17121.00000	1.72284e-17	5.57661e-18
17122.60000	5.62518e-17	1.00166e-17
17124.30000	3.62573e-17	1.01814e-17
17125.90000	7.27449e-18	6.18832e-18
17127.50000	-2.00077e-18	2.11868e-18
17129.10000	1.58494e-18	1.17355e-18
17130.80000	6.44662e-19	9.42010e-19
17132.40000	1.80355e-19	8.46854e-19
17134.00000	2.36884e-19	8.08468e-19
17135.70000	6.37519e-20	8.62162e-19
17137.30000	-2.71735e-19	8.13899e-19
17138.90000	2.23181e-19	7.71465e-19
17140.50000	-9.12377e-19	7.69604e-19
17142.20000	1.15190e-19	7.64624e-19
17143.80000	-2.23868e-19	7.71298e-19
17145.40000	-6.28808e-19	7.93737e-19
17147.10000	-9.10853e-19	8.20206e-19
17148.70000	-1.22904e-18	7.77658e-19
17150.30000	5.71010e-20	7.50384e-19
17151.90000	4.90290e-19	7.71718e-19
17153.60000	3.07901e-19	7.43838e-19
17155.20000	-4.37648e-19	7.44915e-19
17156.80000	-2.78390e-19	7.58170e-19
17158.50000	2.71099e-19	7.77803e-19
17160.10000	1.44693e-20	7.91495e-19
17161.70000	2.84416e-19	8.56668e-19
17163.30000	-8.47233e-21	9.43846e-19
17165.00000	-7.69699e-19	8.98619e-19
17166.60000	-1.20760e-18	9.81683e-19
17168.20000	-1.45448e-18	1.21523e-18
17169.90000	-7.34086e-19	1.49784e-18
17171.50000	1.47569e-18	1.72856e-18
17173.10000	4.43346e-19	2.09068e-18
17174.80000	-2.35723e-19	2.32580e-18
17176.40000	-3.83536e-20	2.11638e-18
17178.00000	1.63156e-19	1.76515e-18
17179.60000	1.06832e-19	1.54532e-18
17181.30000	-4.94499e-19	1.32791e-18
17182.90000	6.98505e-19	1.00227e-18
17184.50000	3.12355e-19	9.08146e-19
17186.20000	2.13452e-19	1.28761e-18
17187.80000	-1.46254e-18	1.96982e-18
17189.40000	-8.01555e-19	2.08400e-18
17191.00000	2.77395e-19	1.56465e-18
17192.70000	3.94292e-19	1.10008e-18
17194.30000	-1.87200e-18	1.20412e-18
17195.90000	-1.11711e-18	1.37256e-18
17197.60000	-8.65675e-19	1.25358e-18
17199.20000	-6.53362e-19	9.26352e-19
17200.80000	-1.14243e-18	7.86192e-19
17202.40000	9.97353e-19	7.80100e-19
17204.10000	-3.92874e-19	8.06558e-19
17205.70000	-3.28574e-20	9.87654e-19
17207.30000	1.41340e-18	2.06764e-18
17209.00000	-2.61648e-18	4.75403e-18
17210.60000	-1.13043e-17	5.54879e-18
17212.20000	-8.22785e-18	4.52310e-18
17213.80000	-1.33984e-18	2.81530e-18
17215.50000	2.21162e-19	2.26669e-18
17217.10000	-7.95691e-19	1.60771e-18
17218.70000	-7.90896e-19	1.21222e-18
17220.40000	7.67540e-19	1.40081e-18
17222.00000	2.25799e-19	1.59283e-18
17223.60000	3.81878e-19	1.30489e-18
17225.20000	-5.13921e-19	9.11263e-19
17226.90000	4.24017e-19	9.15032e-19
17228.50000	-6.91037e-19	1.25376e-18
17230.10000	3.35638e-19	1.53048e-18
17231.80000	-1.53852e-20	1.56081e-18
17233.40000	-4.26048e-19	1.31507e-18
17235.00000	-1.18803e-18	1.01420e-18
17236.70000	-2.92746e-19	8.32354e-19
17238.30000	-3.51122e-19	8.98067e-19
17239.90000	-2.81326e-19	1.25686e-18
17241.50000	-3.12235e-19	2.27057e-18
17243.20000	-1.70938e-18	2.98950e-18
17244.80000	-7.87753e-19	3.75919e-18
17246.40000	-3.22853e-18	5.92894e-18
17248.10000	1.21782e-17	7.67464e-18
17249.70000	1.88965e-17	7.00651e-18
17251.30000	-3.59271e-18	3.87959e-18
17252.90000	-4.46944e-18	1.59842e-18
17254.60000	2.12886e-18	1.40331e-18
17256.20000	-3.54373e-18	1.99029e-18
17257.80000	-1.14548e-18	2.18995e-18
17259.50000	1.59984e-18	1.70066e-18
17261.10000	6.53468e-20	1.00407e-18
17262.70000	-6.59391e-19	8.44855e-19
17264.30000	-4.44699e-19	8.31285e-19
17266.00000	1.59094e-18	8.15095e-19
17267.60000	1.55152e-18	8.10501e-19
17269.20000	-6.63554e-19	8.31664e-19
17270.90000	-2.61168e-19	8.90704e-19
17272.50000	1.51773e-19	1.25527e-18
17274.10000	-2.81498e-20	1.76105e-18
17275.70000	-5.84285e-19	1.81158e-18
17277.40000	-2.28579e-18	1.40295e-18
17279.00000	-1.51394e-18	1.38824e-18
17280.60000	5.28986e-18	2.57641e-18
17282.30000	4.05858e-18	3.82174e-18
17283.90000	1.30863e-18	3.60427e-18
17285.50000	-2.50909e-18	2.20828e-18
17287.20000	7.20143e-19	1.49412e-18
17288.80000	7.18152e-19	1.30607e-18
17290.40000	1.05629e-18	1.02554e-18
17292.00000	6.18823e-19	8.48152e-19
17293.70000	-2.74219e-19	7.92821e-19
17295.30000	1.14618e-18	7.85508e-19
17296.90000	2.48825e-19	7.91233e-19
17298.60000	1.08809e-19	8.45773e-19
17300.20000	6.29857e-19	1.27880e-18
17301.80000	-1.36267e-18	2.47299e-18
17303.40000	1.17386e-18	2.83371e-18
17305.10000	-1.39431e-18	2.23830e-18
17306.70000	-1.21710e-18	1.15285e-18
17308.30000	-9.02263e-19	8.74639e-19
17310.00000	8.25712e-19	9.52212e-19
17311.60000	8.50315e-19	1.24651e-18
17313.20000	-4.43672e-19	1.56289e-18
17314.80000	-5.54792e-19	1.33835e-18
17316.50000	5.84396e-19	1.23381e-18
17318.10000	1.26655e-18	1.36516e-18
17319.70000	1.32404e-19	1.54552e-18
17321.40000	-1.99681e-19	1.47486e-18
17323.00000	1.39546e-18	1.43044e-18
17324.60000	-1.02816e-19	1.21126e-18
17326.20000	2.14480e-18	1.64668e-18
17327.90000	-3.33907e-18	2.83445e-18
17329.50000	-2.05925e-17	5.65211e-18
17331.10000	-4.37135e-18	6.57195e-18
17332.80000	-9.16863e-19	4.26550e-18
17334.40000	4.37619e-18	1.83269e-18
17336.00000	1.28494e-18	1.28603e-18
17337.60000	5.94437e-19	1.34173e-18
17339.30000	1.24978e-18	1.52481e-18
17340.90000	-8.63604e-19	1.56568e-18
17342.50000	-1.94577e-18	1.55534e-18
17344.20000	-3.86851e-19	1.33874e-18
17345.80000	-6.41408e-19	1.25842e-18
17347.40000	-2.25129e-18	1.58896e-18
17349.10000	1.35413e-18	2.72799e-18
17350.70000	2.14666e-18	3.83461e-18
17352.30000	2.31911e-18	3.59066e-18
17353.90000	1.28469e-18	2.28379e-18
17355.60000	-1.22667e-18	1.86106e-18
17357.20000	5.70035e-18	2.73214e-18
17358.80000	9.41939e-18	4.02561e-18
17360.50000	-5.38945e-19	3.93931e-18
17362.10000	-2.72451e-19	2.24140e-18
17363.70000	-1.07690e-18	1.09930e-18
17365.30000	7.91654e-19	8.77029e-19
17367.00000	-5.70712e-19	8.32870e-19
17368.60000	-1.31258e-18	8.67372e-19
17370.20000	-1.36020e-18	1.17043e-18
17371.90000	-2.03885e-18	9.45171e-19
17373.50000	-1.07654e-18	8.38126e-19
17375.10000	8.55172e-19	9.38950e-19
17376.70000	-1.14506e-18	9.00042e-19
17378.40000	8.86646e-19	1.01937e-18
17380.00000	-8.05136e-18	1.82509e-18
17381.60000	1.31479e-18	3.89786e-18
17383.30000	8.37717e-19	5.77495e-18
17384.90000	-2.61685e-17	8.12530e-18
17386.50000	-2.70437e-17	8.68094e-18
17388.10000	-3.37971e-18	6.78339e-18
17389.80000	2.46439e-18	2.58963e-18
17391.40000	5.45698e-19	1.25971e-18
17393.00000	1.13501e-18	9.84642e-19
17394.70000	4.46742e-20	8.93142e-19
17396.30000	1.17913e-18	8.50774e-19
17397.90000	1.33029e-18	8.35745e-19
17399.50000	-4.58260e-19	8.35316e-19
17401.20000	-1.60020e-18	9.11786e-19
17402.80000	-1.62472e-18	1.13394e-18
17404.40000	-1.69063e-18	1.34380e-18
17406.10000	-5.08535e-19	1.32855e-18
17407.70000	-4.82980e-19	1.10472e-18
17409.30000	-9.24829e-19	8.93181e-19
17411.00000	1.29657e-18	8.29950e-19
17412.60000	2.18338e-18	9.94474e-19
17414.20000	-1.05559e-18	1.38154e-18
17415.80000	-5.36729e-19	1.62742e-18
17417.50000	2.74831e-19	1.66796e-18
17419.10000	2.05108e-19	1.45621e-18
17420.70000	-2.05944e-21	1.19637e-18
17422.40000	-6.50633e-20	1.11741e-18
17424.00000	-5.69329e-19	1.96424e-18
17425.60000	-7.46277e-18	5.14318e-18
17427.20000	-1.26749e-17	6.95685e-18
17428.90000	-9.57574e-18	4.29048e-18
17430.50000	1.40184e-18	2.18682e-18
17432.10000	4.93906e-19	1.64233e-18
17433.80000	1.24127e-18	1.58982e-18
17435.40000	1.13608e-18	1.23315e-18
17437.00000	-3.53028e-19	9.70535e-19
17438.60000	9.31056e-19	9.37662e-19
17440.30000	4.49119e-19	8.60738e-19
17441.90000	5.70216e-19	8.80874e-19
17443.50000	-4.34195e-19	9.50790e-19
17445.20000	1.80235e-18	1.18681e-18
17446.80000	-3.25815e-18	2.72453e-18
17448.40000	-2.50065e-17	7.93033e-18
17450.00000	-2.14271e-17	1.02194e-17
17451.70000	-1.44154e-17	6.52619e-18
17453.30000	1.07076e-18	2.43549e-18
17454.90000	3.83453e-18	1.36466e-18
17456.60000	7.72107e-19	1.03621e-18
17458.20000	1.11399e-18	9.02767e-19
17459.80000	6.58004e-19	8.76692e-19
17461.40000	6.18330e-19	9.77602e-19
17463.10000	-2.01206e-20	9.48079e-19
17464.70000	-8.43934e-19	8.51935e-19
17466.30000	-1.20001e-18	1.01144e-18
17468.00000	3.65533e-19	8.92694e-19
17469.60000	2.48152e-19	8.58319e-19
17471.20000	-3.23362e-19	8.32521e-19
17472.90000	1.49890e-19	8.22613e-19
17474.50000	4.78964e-19	8.33013e-19
17476.10000	-5.53133e-19	9.35195e-19
17477.70000	-5.26116e-19	1.06496e-18
17479.40000	2.66649e-19	1.12353e-18
17481.00000	4.82637e-19	1.18846e-18
17482.60000	-1.66299e-18	1.23262e-18
17484.30000	-1.47234e-19	1.16954e-18
17485.90000	5.95106e-19	9.85414e-19
17487.50000	1.00829e-18	8.67666e-19
17489.10000	2.44227e-19	8.85103e-19
17490.80000	-4.99993e-19	8.89056e-19
17492.40000	-3.74770e-19	8.56942e-19
17494.00000	1.80826e-18	8.52336e-19
17495.70000	1.67809e-18	8.78566e-19
17497.30000	9.43777e-20	1.09885e-18
17498.90000	-1.18581e-18	1.87801e-18
17500.50000	-3.18976e-18	2.60892e-18
17502.20000	-1.95142e-18	2.88688e-18
17503.80000	-1.13237e-18	4.09804e-18
17505.40000	1.33843e-18	5.17859e-18
17507.10000	6.91968e-18	4.65973e-18
17508.70000	-5.26180e-19	2.15403e-18
17510.30000	-2.74985e-18	1.09819e-18
17511.90000	3.82819e-19	9.17942e-19
17513.60000	6.62696e-19	8.70307e-19
17515.20000	1.90299e-18	8.38178e-19
17516.80000	5.20301e-19	8.21893e-19
17518.50000	8.20152e-19	8.17213e-19
17520.10000	-8.52178e-19	8.20446e-19
17521.70000	2.71416e-19	8.17699e-19
17523.30000	-8.55769e-19	9.01233e-19
17525.00000	-6.96928e-19	1.19706e-18
17526.60000	-2.78782e-18	2.12700e-18
17528.20000	-5.05875e-19	2.90172e-18
17529.90000	6.91429e-18	3.02841e-18
17531.50000	4.05922e-19	2.32251e-18
17533.10000	-5.55998e-19	1.50263e-18
17534.80000	-2.13358e-19	1.27110e-18
17536.40000	-1.42717e-18	1.33131e-18
17538.00000	-1.37069e-18	1.27073e-18
17539.60000	5.95228e-20	1.25115e-18
17541.30000	5.63278e-19	1.60009e-18
17542.90000	2.78868e-19	1.61538e-18
17544.50000	-1.41263e-18	1.47527e-18
17546.20000	-1.67113e-18	1.13541e-18
17547.80000	8.75519e-19	1.05362e-18
17549.40000	1.68701e-18	1.24053e-18
17551.00000	-1.01947e-18	1.26778e-18
17552.70000	-5.01220e-19	1.05943e-18
17554.30000	-2.06018e-19	8.47604e-19
17555.90000	-6.59430e-19	7.92870e-19
17557.60000	-8.51548e-19	7.83044e-19
17559.20000	-1.19551e-18	7.75223e-19
17560.80000	3.51362e-19	8.47719e-19
17562.40000	-4.24853e-19	8.44713e-19
17564.10000	-2.56914e-21	9.69270e-19
17565.70000	7.07978e-19	1.24247e-18
17567.30000	-7.25225e-19	1.03632e-18
17569.00000	-2.31707e-19	9.52419e-19
17570.60000	1.08541e-18	8.69627e-19
17572.20000	2.71329e-19	8.21267e-19
17573.80000	5.81463e-21	8.07784e-19
17575.50000	3.49470e-19	8.01214e-19
17577.10000	-4.03962e-19	7.98786e-19
17578.70000	1.47816e-18	8.02986e-19
17580.40000	2.28353e-18	8.04437e-19
17582.00000	1.64128e-18	8.16939e-19
17583.60000	6.69528e-19	8.10137e-19
17585.20000	-1.03016e-18	8.03561e-19
17586.90000	-1.02474e-19	8.43075e-19
17588.50000	-1.20728e-19	9.75694e-19
17590.10000	1.12203e-18	1.05238e-18
17591.80000	2.47229e-19	1.06863e-18
17593.40000	-3.63688e-19	1.11893e-18
17595.00000	2.40709e-19	1.21126e-18
17596.70000	-7.04372e-20	1.13083e-18
17598.30000	-4.26143e-19	9.75184e-19
17599.90000	1.04862e-18	9.65611e-19
17601.50000	-4.33976e-19	9.44155e-19
17603.20000	5.68859e-19	9.74317e-19
17604.80000	-1.12828e-18	9.52455e-19
17606.40000	-1.29805e-19	8.69031e-19
17608.10000	-4.41446e-19	8.49339e-19
17609.70000	-8.09090e-19	1.14614e-18
17611.30000	-6.27430e-19	1.49621e-18
17612.90000	2.06823e-18	1.61647e-18
17614.60000	2.71674e-18	1.52571e-18
17616.20000	6.52592e-18	1.32623e-18
17617.80000	1.31352e-17	1.07935e-18
17619.50000	1.61802e-17	9.43404e-19
17621.10000	1.18780e-17	1.14761e-18
17622.70000	4.92609e-18	1.56866e-18
17624.30000	6.43686e-19	1.62230e-18
17626.00000	-2.88877e-19	1.52584e-18
17627.60000	9.93425e-19	1.49453e-18
17629.20000	-1.19319e-19	1.44217e-18
17630.90000	3.92572e-20	1.13043e-18
17632.50000	6.94579e-19	8.41295e-19
17634.10000	-3.23913e-19	7.89207e-19
17635.70000	1.06495e-18	8.09688e-19
17637.40000	1.66746e-18	8.26221e-19
17639.00000	4.42237e-19	8.43664e-19
17640.60000	-1.13725e-18	8.65515e-19
17642.30000	-1.69994e-19	9.13007e-19
17643.90000	1.38922e-18	1.00478e-18
17645.50000	-3.82131e-18	1.26414e-18
17647.20000	3.17871e-18	2.55328e-18
17648.80000	-1.07426e-17	4.66357e-18
17650.40000	4.04891e-17	7.93173e-18
17652.00000	7.90589e-17	1.36103e-17
17653.70000	3.90658e-17	1.44653e-17
17655.30000	4.27473e-17	1.01697e-17
17656.90000	-9.59228e-18	3.77338e-18
17658.60000	2.79575e-18	2.85717e-18
17660.20000	1.23251e-18	2.47512e-18
17661.80000	-1.76527e-18	2.61794e-18
17663.40000	3.18545e-19	3.11387e-18
17665.10000	-3.67166e-18	2.76551e-18
17666.70000	4.11800e-18	2.40029e-18
17668.30000	-2.82624e-18	2.93869e-18
17670.00000	-2.84509e-17	6.58994e-18
17671.60000	-1.21936e-17	8.63130e-18
17673.20000	-1.72745e-17	7.51780e-18
17674.80000	3.51424e-18	3.42856e-18
17676.50000	2.69680e-18	1.44896e-18
17678.10000	-2.85300e-18	1.06171e-18
17679.70000	8.06005e-19	9.60883e-19
17681.40000	6.29993e-19	1.19503e-18
17683.00000	3.44276e-18	1.78917e-18
17684.60000	-1.25320e-19	2.15666e-18
17686.20000	3.17503e-19	2.28818e-18
17687.90000	-2.06252e-18	2.21839e-18
17689.50000	-3.62446e-18	2.02057e-18
17691.10000	2.14037e-19	1.72157e-18
17692.80000	1.45547e-18	1.41897e-18
17694.40000	1.99779e-18	1.71750e-18
17696.00000	-3.56354e-18	3.26986e-18
17697.60000	5.35198e-18	4.65387e-18
17699.30000	8.22292e-19	4.68496e-18
17700.90000	9.16874e-20	3.36794e-18
17702.50000	-2.53371e-18	1.77230e-18
17704.20000	-8.66399e-19	1.07993e-18
17705.80000	-8.48710e-19	8.96462e-19
17707.40000	1.00133e-19	8.50891e-19
17709.10000	7.52808e-19	8.77456e-19
17710.70000	8.76205e-19	9.16504e-19
17712.30000	2.23586e-18	9.22935e-19
17713.90000	1.09350e-18	8.87243e-19
17715.60000	-1.17896e-18	8.91081e-19
17717.20000	3.36477e-19	8.34715e-19
17718.80000	1.34941e-18	8.41058e-19
17720.50000	4.88355e-19	8.92643e-19
17722.10000	-6.52836e-19	1.07222e-18
17723.70000	3.11962e-19	1.19379e-18
17725.30000	-5.68458e-19	1.12150e-18
17727.00000	8.62891e-19	9.40424e-19
17728.60000	1.38853e-18	1.07374e-18
17730.20000	7.65427e-20	1.74974e-18
17731.90000	2.23337e-18	2.17161e-18
17733.50000	3.64065e-18	2.45696e-18
17735.10000	1.78628e-18	2.24175e-18
17736.70000	-2.29076e-18	1.86286e-18
17738.40000	-1.14564e-18	1.15286e-18
17740.00000	2.03600e-19	8.68123e-19
17741.60000	2.39838e-19	8.19442e-19
17743.30000	-2.99198e-19	7.93940e-19
17744.90000	-1.27298e-18	7.95836e-19
17746.50000	-5.54572e-19	7.92998e-19
17748.10000	1.00809e-19	7.91761e-19
17749.80000	8.37792e-19	7.96691e-19
17751.40000	4.65013e-19	8.02091e-19
17753.00000	5.72616e-19	7.95515e-19
17754.70000	1.11201e-18	8.10784e-19
17756.30000	-2.10625e-19	8.12905e-19
17757.90000	-1.01226e-18	8.18490e-19
17759.50000	-2.18721e-18	8.16452e-19
17761.20000	-8.05639e-19	7.94738e-19
17762.80000	1.16902e-18	7.98136e-19
17764.40000	2.71213e-19	8.38151e-19
17766.10000	2.56468e-18	9.41301e-19
17767.70000	-2.94852e-19	1.05300e-18
17769.30000	6.80697e-20	1.23520e-18
17771.00000	5.74633e-19	9.56645e-19
17772.60000	9.25262e-19	8.56313e-20
17774.20000	3.83264e-19	1.92288e-19
17775.80000	-3.98167e-19	3.22445e-19
