#a1689_z1_1.Y.1007.fc.1d.esc.slc.txt
#Applied Total SLC: 1.117341732163054
#Wavelength in (A) | Flux (erg/sec/cm2/A)| Flux Error
9750.00000	-3.83886e-18	1.90860e-18
9751.09000	-2.26388e-18	1.67917e-18
9752.17000	-1.05256e-18	1.56489e-18
9753.26000	8.71618e-19	1.56892e-18
9754.34000	-5.55627e-19	1.52984e-18
9755.43000	4.06264e-19	1.47669e-18
9756.52000	4.52351e-19	1.45250e-18
9757.60000	1.20262e-18	1.39133e-18
9758.69000	-4.24342e-19	1.43058e-18
9759.77000	4.90160e-19	1.49436e-18
9760.86000	9.88970e-21	1.74844e-18
9761.95000	1.32473e-18	1.54013e-18
9763.03000	1.41597e-18	1.42201e-18
9764.12000	1.16913e-18	1.39658e-18
9765.20000	5.33701e-19	1.28499e-18
9766.29000	-9.25077e-19	1.27138e-18
9767.38000	1.65171e-19	1.28571e-18
9768.46000	2.83736e-18	1.37254e-18
9769.55000	-8.07723e-20	1.42910e-18
9770.63000	1.05324e-18	1.42009e-18
9771.72000	1.56394e-18	1.40617e-18
9772.81000	-2.73085e-19	1.54245e-18
9773.89000	-1.81126e-18	1.47071e-18
9774.98000	2.37552e-18	1.43759e-18
9776.06000	-4.82620e-19	1.38315e-18
9777.15000	-2.76153e-18	1.41704e-18
9778.24000	-3.80450e-19	1.38249e-18
9779.32000	-1.24069e-18	1.39803e-18
9780.41000	-4.98393e-19	1.40090e-18
9781.49000	1.56441e-18	1.38106e-18
9782.58000	-1.17866e-18	1.34799e-18
9783.67000	1.47766e-18	1.32170e-18
9784.75000	6.27213e-20	1.35350e-18
9785.84000	2.60696e-19	1.45158e-18
9786.92000	1.95674e-20	1.42334e-18
9788.01000	1.45207e-18	1.45000e-18
9789.09000	7.17118e-19	1.53270e-18
9790.18000	2.02392e-19	1.80165e-18
9791.27000	-6.86129e-19	2.86739e-18
9792.35000	-9.03699e-18	5.29798e-18
9793.44000	2.07993e-18	7.03979e-18
9794.52000	-9.23286e-19	6.51787e-18
9795.61000	-3.03819e-18	3.07133e-18
9796.70000	-2.07621e-18	1.67027e-18
9797.78000	-2.51945e-19	1.61352e-18
9798.87000	7.55178e-19	1.70534e-18
9799.96000	-2.55487e-18	1.95087e-18
9801.04000	-1.37141e-18	3.15933e-18
9802.13000	-2.59960e-18	3.91302e-18
9803.21000	-1.95258e-18	3.55920e-18
9804.30000	-1.98038e-19	2.03536e-18
9805.38000	1.34228e-18	1.44409e-18
9806.47000	7.68574e-19	1.38136e-18
9807.56000	-2.00254e-18	1.38052e-18
9808.64000	6.74524e-19	1.52946e-18
9809.73000	-1.18702e-18	1.73296e-18
9810.81000	-1.50715e-19	1.76761e-18
9811.90000	1.79269e-18	1.68087e-18
9812.99000	-1.50582e-18	1.93510e-18
9814.07000	1.01545e-18	2.37457e-18
9815.16000	-1.37940e-18	2.34097e-18
9816.24000	7.82189e-19	1.82384e-18
9817.33000	8.58695e-20	1.48419e-18
9818.42000	1.17181e-18	1.56716e-18
9819.50000	-1.25226e-18	1.86818e-18
9820.59000	-1.50620e-19	1.99066e-18
9821.67000	-1.38890e-18	2.02375e-18
9822.76000	-7.17635e-19	1.84122e-18
9823.85000	-1.47368e-18	1.75597e-18
9824.93000	1.23132e-19	1.74622e-18
9826.02000	-1.46020e-18	1.37797e-18
9827.10000	2.39713e-20	1.35151e-18
9828.19000	4.88296e-19	1.40128e-18
9829.28000	2.35685e-18	1.52066e-18
9830.36000	-5.45084e-19	1.68484e-18
9831.45000	-1.77884e-18	1.64757e-18
9832.53000	-6.54104e-19	1.49586e-18
9833.62000	6.23836e-19	1.39805e-18
9834.71000	-1.94537e-18	1.33582e-18
9835.79000	4.40216e-19	1.33490e-18
9836.88000	1.20325e-18	1.32333e-18
9837.96000	3.29783e-19	1.36176e-18
9839.05000	-1.90170e-18	1.37458e-18
9840.14000	-7.56996e-19	1.31979e-18
9841.22000	1.16054e-18	1.35267e-18
9842.31000	-1.34665e-18	1.26684e-18
9843.39000	-3.08459e-18	1.25298e-18
9844.48000	-4.78048e-19	1.23778e-18
9845.57000	-2.25216e-18	1.22710e-18
9846.65000	-3.60037e-19	1.28066e-18
9847.74000	6.58721e-20	1.32083e-18
9848.82000	-1.18697e-19	1.53227e-18
9849.91000	3.69711e-18	2.58419e-18
9851.00000	2.26615e-18	3.23630e-18
9852.08000	-4.09301e-18	2.95429e-18
9853.17000	1.58644e-18	1.77072e-18
9854.25000	1.47259e-20	1.30057e-18
9855.34000	-7.05836e-19	1.23426e-18
9856.42000	-1.54680e-18	1.23219e-18
9857.51000	1.75192e-18	1.23794e-18
9858.60000	1.30760e-18	1.23791e-18
9859.68000	1.14847e-18	1.27552e-18
9860.77000	-2.58983e-19	1.19325e-18
9861.85000	7.89077e-19	1.32536e-18
9862.94000	6.78995e-19	1.59635e-18
9864.03000	1.69191e-18	1.56353e-18
9865.11000	-8.38060e-20	1.27234e-18
9866.20000	-5.21261e-20	1.24284e-18
9867.29000	-7.20283e-19	1.26659e-18
9868.37000	-5.28704e-19	1.23939e-18
9869.46000	-1.09891e-18	1.22483e-18
9870.54000	6.44758e-19	1.30664e-18
9871.63000	-2.27902e-18	1.40557e-18
9872.71000	-1.72131e-18	2.82062e-18
9873.80000	2.02706e-18	4.95822e-18
9874.89000	3.71844e-19	5.73187e-18
9875.97000	3.75037e-19	4.41591e-18
9877.06000	6.87443e-20	1.86453e-18
9878.14000	-9.90950e-19	1.30214e-18
9879.23000	-1.11125e-18	1.25127e-18
9880.32000	-2.31651e-18	1.22173e-18
9881.40000	8.89223e-19	1.19928e-18
9882.49000	2.24998e-18	1.23325e-18
9883.57000	1.04125e-18	1.39394e-18
9884.66000	-1.57457e-18	1.18596e-18
9885.75000	3.33190e-20	1.21626e-18
9886.83000	-1.38725e-18	1.29904e-18
9887.92000	-1.08453e-19	1.43700e-18
9889.00000	-7.33237e-19	1.40206e-18
9890.09000	-4.51263e-19	1.31826e-18
9891.18000	-8.00256e-20	1.17341e-18
9892.26000	1.34043e-18	1.12828e-18
9893.35000	-2.37742e-19	1.25322e-18
9894.43000	-1.87577e-19	1.28707e-18
9895.52000	-1.74746e-18	1.84154e-18
9896.61000	-7.56265e-19	3.35075e-18
9897.69000	-1.56457e-18	3.54716e-18
9898.78000	-1.64649e-19	2.61397e-18
9899.86000	-1.94777e-18	1.47976e-18
9900.95000	1.05615e-18	1.19416e-18
9902.04000	2.92409e-19	1.31485e-18
9903.12000	8.84096e-19	1.46399e-18
9904.21000	1.20677e-18	1.24137e-18
9905.29000	1.99940e-18	1.19629e-18
9906.38000	1.39677e-19	1.11754e-18
9907.47000	-4.50682e-19	1.11020e-18
9908.55000	2.44738e-19	1.12019e-18
9909.64000	5.24890e-19	1.11757e-18
9910.72000	-4.90978e-20	1.13620e-18
9911.81000	8.68960e-19	1.18073e-18
9912.90000	3.79667e-19	1.18523e-18
9913.98000	-1.69624e-19	1.28324e-18
9915.07000	1.99585e-18	1.84973e-18
9916.15000	-6.45873e-18	4.14627e-18
9917.24000	4.39030e-18	5.21856e-18
9918.33000	2.89650e-18	4.53436e-18
9919.41000	1.49444e-18	2.15448e-18
9920.50000	4.37617e-19	1.27807e-18
9921.58000	-1.61587e-18	1.17909e-18
9922.67000	9.97597e-20	1.15648e-18
9923.75000	-8.76167e-20	1.12810e-18
9924.84000	-9.62505e-19	1.11107e-18
9925.93000	-2.48959e-19	1.13181e-18
9927.01000	-2.50060e-19	1.13672e-18
9928.10000	9.45512e-19	1.13538e-18
9929.19000	3.51955e-19	1.12846e-18
9930.27000	1.54779e-18	1.07176e-18
9931.36000	-7.41150e-19	1.05096e-18
9932.44000	-1.41714e-18	1.08798e-18
9933.53000	3.63310e-19	1.09488e-18
9934.62000	1.24549e-18	1.09444e-18
9935.70000	1.17057e-18	1.09159e-18
9936.79000	-1.99377e-19	1.12809e-18
9937.87000	-1.18198e-18	1.16652e-18
9938.96000	-8.17477e-19	1.22913e-18
9940.04000	5.30400e-19	1.18037e-18
9941.13000	1.49474e-18	1.18153e-18
9942.22000	-4.33562e-19	1.54362e-18
9943.30000	-1.78789e-18	2.84250e-18
9944.39000	1.91191e-18	3.59869e-18
9945.47000	1.68292e-18	3.35690e-18
9946.56000	2.99236e-19	3.11646e-18
9947.65000	3.35931e-18	3.91563e-18
9948.73000	2.26156e-18	4.78343e-18
9949.82000	3.70455e-18	4.46377e-18
9950.90000	2.38730e-18	3.24670e-18
9951.99000	8.89986e-19	2.23373e-18
9953.08000	-2.47489e-18	1.55641e-18
9954.16000	-1.53045e-18	1.19677e-18
9955.25000	-7.37852e-20	1.09831e-18
9956.33000	-1.29288e-18	1.23233e-18
9957.42000	-1.19847e-18	2.00859e-18
9958.51000	2.34524e-18	5.10504e-18
9959.59000	3.09867e-18	5.84271e-18
9960.68000	5.71316e-19	3.17400e-18
9961.76000	-1.57509e-18	1.89658e-18
9962.85000	-1.06506e-18	2.54534e-18
9963.94000	2.55986e-18	3.92387e-18
9965.02000	-5.11717e-19	4.00700e-18
9966.11000	-2.67044e-18	2.71820e-18
9967.19000	1.78341e-18	1.38238e-18
9968.28000	1.44832e-18	1.14696e-18
9969.37000	7.18688e-19	1.12145e-18
9970.45000	-8.07457e-19	1.09331e-18
9971.54000	5.24621e-20	1.10091e-18
9972.62000	9.03023e-19	1.46191e-18
9973.71000	1.04881e-18	2.00035e-18
9974.80000	4.42510e-19	2.44472e-18
9975.88000	-2.64050e-18	2.31767e-18
9976.97000	4.22445e-19	1.66848e-18
9978.05000	6.26543e-19	1.31106e-18
9979.14000	1.49253e-18	1.23687e-18
9980.23000	1.04935e-18	1.36424e-18
9981.31000	4.87777e-19	1.40362e-18
9982.40000	-1.18589e-18	1.32921e-18
9983.48000	2.84264e-19	1.18442e-18
9984.57000	-7.83244e-19	1.05856e-18
9985.66000	-5.58348e-19	9.84504e-19
9986.74000	-6.09288e-19	9.95438e-19
9987.83000	3.37095e-19	1.02768e-18
9988.91000	1.27186e-18	1.01686e-18
9990.00000	1.14540e-18	1.02355e-18
9991.08000	6.91208e-19	1.02576e-18
9992.17000	-1.02678e-18	1.13274e-18
9993.26000	1.31910e-18	1.20981e-18
9994.34000	1.97524e-18	1.03088e-18
9995.43000	7.95656e-19	1.02220e-18
9996.52000	-6.55891e-19	1.13208e-18
9997.60000	-1.00698e-18	1.15579e-18
9998.69000	4.64097e-19	1.01932e-18
9999.77000	-5.32335e-19	1.04827e-18
10000.90000	3.30450e-19	1.35623e-18
10001.90000	1.24828e-18	2.00936e-18
10003.00000	-8.09079e-19	2.14270e-18
10004.10000	1.86836e-18	1.80793e-18
10005.20000	1.38593e-18	1.31582e-18
10006.30000	1.36341e-18	1.07669e-18
10007.40000	-5.26385e-19	1.01100e-18
10008.50000	1.10227e-18	1.04380e-18
10009.50000	3.18854e-19	1.01640e-18
10010.60000	-1.94725e-18	1.04508e-18
10011.70000	1.17175e-18	1.17847e-18
10012.80000	5.86478e-19	1.82253e-18
10013.90000	-1.95260e-18	3.57925e-18
10015.00000	-2.85522e-18	5.72247e-18
10016.10000	3.17392e-18	5.88196e-18
10017.10000	-6.26856e-19	4.04037e-18
10018.20000	7.17679e-19	2.05222e-18
10019.30000	-2.26349e-18	1.23960e-18
10020.40000	1.29640e-18	1.14672e-18
10021.50000	7.14743e-19	1.14501e-18
10022.60000	1.93835e-19	1.29850e-18
10023.70000	3.29798e-19	1.43309e-18
10024.80000	3.24466e-19	1.44825e-18
10025.80000	9.83640e-19	1.54535e-18
10026.90000	-6.46072e-20	2.73744e-18
10028.00000	2.12140e-18	3.44495e-18
10029.10000	-1.43733e-18	3.09941e-18
10030.20000	3.85966e-19	1.59964e-18
10031.30000	1.29854e-18	1.11790e-18
10032.40000	8.53499e-19	1.08242e-18
10033.40000	9.84474e-19	1.07438e-18
10034.50000	3.97473e-19	1.10742e-18
10035.60000	-9.00091e-19	1.11769e-18
10036.70000	-1.31254e-18	1.08619e-18
10037.80000	-3.26100e-18	1.16052e-18
10038.90000	7.68775e-19	1.21111e-18
10040.00000	-5.43087e-19	1.20477e-18
10041.00000	-1.15694e-18	1.17925e-18
10042.10000	8.16002e-19	1.13640e-18
10043.20000	-3.28874e-19	1.03804e-18
10044.30000	-7.76721e-19	1.33692e-18
10045.40000	-2.80296e-19	2.05953e-18
10046.50000	-7.84439e-20	2.25686e-18
10047.60000	-3.53810e-19	1.80047e-18
10048.60000	6.27901e-19	1.15005e-18
10049.70000	4.42824e-19	1.01520e-18
10050.80000	-1.60401e-19	9.84160e-19
10051.90000	8.71908e-19	1.08436e-18
10053.00000	9.71589e-19	1.05581e-18
10054.10000	-3.73779e-19	9.41043e-19
10055.20000	1.27109e-18	9.94240e-19
10056.20000	5.85097e-20	9.76785e-19
10057.30000	-9.95584e-19	9.69902e-19
10058.40000	-1.32860e-21	9.71149e-19
10059.50000	1.96697e-19	1.05609e-18
10060.60000	1.62211e-18	1.34763e-18
10061.70000	-4.19603e-19	1.99384e-18
10062.80000	-3.16704e-18	2.73357e-18
10063.80000	1.05439e-20	2.69632e-18
10064.90000	-1.32713e-18	2.00127e-18
10066.00000	6.52170e-19	1.22885e-18
10067.10000	6.49944e-19	1.12284e-18
10068.20000	2.67269e-19	1.25208e-18
10069.30000	-9.60736e-19	1.48465e-18
10070.40000	-5.13326e-19	1.53456e-18
10071.40000	4.88810e-19	1.52547e-18
10072.50000	9.10891e-19	1.71169e-18
10073.60000	-7.92674e-19	1.85045e-18
10074.70000	-1.22232e-18	1.63721e-18
10075.80000	-1.09975e-18	1.18630e-18
10076.90000	3.95941e-19	9.74815e-19
10078.00000	2.36379e-18	9.95778e-19
10079.00000	1.17519e-18	1.03246e-18
10080.10000	1.13164e-18	1.02775e-18
10081.20000	-4.26943e-19	1.02988e-18
10082.30000	-3.80983e-19	1.16182e-18
10083.40000	9.04636e-19	2.30620e-18
10084.50000	-6.36491e-19	4.38899e-18
10085.60000	-1.68513e-18	4.55568e-18
10086.70000	2.71278e-18	2.95175e-18
10087.70000	-4.09523e-19	1.30183e-18
10088.80000	-1.35835e-18	1.00556e-18
10089.90000	6.24635e-19	9.66895e-19
10091.00000	-7.43110e-19	9.98612e-19
10092.10000	-2.58280e-19	9.65213e-19
10093.20000	-1.23327e-18	9.89498e-19
10094.30000	-3.63405e-19	9.68219e-19
10095.30000	1.45525e-18	9.38129e-19
10096.40000	1.30592e-18	9.78366e-19
10097.50000	-2.34259e-19	1.05778e-18
10098.60000	5.87078e-19	1.11096e-18
10099.70000	6.74105e-19	1.18276e-18
10100.80000	1.04549e-18	1.17233e-18
10101.90000	-1.58399e-18	1.09389e-18
10102.90000	-2.35294e-19	1.04076e-18
10104.00000	7.35878e-19	1.22749e-18
10105.10000	-1.78825e-18	2.37509e-18
10106.20000	1.24244e-19	2.98250e-18
10107.30000	1.88510e-18	2.67050e-18
10108.40000	2.08160e-19	1.34525e-18
10109.50000	-3.26641e-19	9.61552e-19
10110.50000	6.95280e-19	9.55988e-19
10111.60000	-8.10290e-19	1.07526e-18
10112.70000	-9.96879e-19	1.01855e-18
10113.80000	-9.35301e-19	1.01893e-18
10114.90000	6.37839e-19	9.93726e-19
10116.00000	-1.22477e-19	9.40553e-19
10117.10000	-9.94344e-19	9.44957e-19
10118.10000	-8.71041e-19	9.21532e-19
10119.20000	3.38820e-20	9.46436e-19
10120.30000	-3.28697e-19	9.54234e-19
10121.40000	-1.12830e-19	9.75208e-19
10122.50000	-5.15322e-19	9.66529e-19
10123.60000	-3.53909e-19	1.10680e-18
10124.70000	2.99781e-19	1.80036e-18
10125.70000	-1.28459e-19	4.21503e-18
10126.80000	-4.46486e-18	4.79829e-18
10127.90000	-1.54905e-18	3.71479e-18
10129.00000	7.21012e-19	1.51808e-18
10130.10000	-5.30242e-19	1.22058e-18
10131.20000	-1.40386e-18	1.12100e-18
10132.30000	-2.20883e-20	9.96962e-19
10133.30000	1.05673e-19	1.08313e-18
10134.40000	-8.81323e-19	1.20556e-18
10135.50000	-8.30910e-19	1.24913e-18
10136.60000	-8.70893e-19	1.18205e-18
10137.70000	-7.40382e-19	1.08326e-18
10138.80000	3.41787e-19	1.02697e-18
10139.90000	1.03651e-18	1.00182e-18
10140.90000	-1.47410e-19	9.86678e-19
10142.00000	-1.12381e-18	9.70222e-19
10143.10000	-3.48988e-19	9.60418e-19
10144.20000	1.44494e-18	1.07145e-18
10145.30000	8.33683e-19	1.35845e-18
10146.40000	1.30462e-18	1.48452e-18
10147.50000	-9.99554e-19	1.53652e-18
10148.60000	5.93462e-19	1.36434e-18
10149.60000	5.47741e-19	1.34442e-18
10150.70000	-2.11088e-18	1.46757e-18
10151.80000	1.28112e-18	1.42681e-18
10152.90000	-7.59310e-19	1.36441e-18
10154.00000	-7.38015e-19	1.75813e-18
10155.10000	-4.65068e-18	2.75874e-18
10156.20000	-8.52204e-19	2.80402e-18
10157.20000	9.51839e-21	1.93900e-18
10158.30000	-8.03388e-19	1.24942e-18
10159.40000	7.49418e-19	1.36649e-18
10160.50000	1.38759e-19	1.89948e-18
10161.60000	-1.64188e-18	2.03962e-18
10162.70000	-5.90331e-19	1.48892e-18
10163.80000	9.53693e-19	1.09248e-18
10164.80000	-1.97666e-18	1.12772e-18
10165.90000	-7.53445e-19	1.45900e-18
10167.00000	9.10931e-19	1.52098e-18
10168.10000	-8.50592e-19	1.41525e-18
10169.20000	-2.93726e-19	1.25813e-18
10170.30000	-1.30306e-18	1.17391e-18
10171.40000	-4.58930e-19	1.23543e-18
10172.40000	4.49251e-19	1.89761e-18
10173.50000	-3.17030e-18	4.26047e-18
10174.60000	-2.11645e-18	5.31994e-18
10175.70000	-4.87475e-18	4.49803e-18
10176.80000	-1.30221e-18	1.92300e-18
10177.90000	-1.24609e-18	1.05753e-18
10179.00000	-7.79081e-19	9.49489e-19
10180.00000	-1.02456e-18	9.31085e-19
10181.10000	-2.53491e-19	9.78910e-19
10182.20000	4.95960e-18	9.00452e-19
10183.30000	4.46728e-20	2.08874e-18
10184.40000	-1.20609e-18	2.09293e-18
10185.50000	-1.52615e-19	1.46825e-18
10186.60000	-4.66586e-19	1.12405e-18
10187.60000	-5.77695e-19	1.07728e-18
10188.70000	2.08114e-19	1.08596e-18
10189.80000	-3.98237e-20	1.20727e-18
10190.90000	-1.08735e-18	2.38051e-18
10192.00000	-1.54175e-18	4.04541e-18
10193.10000	-4.37701e-19	4.05147e-18
10194.20000	3.51544e-19	2.11566e-18
10195.20000	-1.48276e-18	1.11673e-18
10196.30000	6.75793e-19	1.27462e-18
10197.40000	5.85699e-19	1.16862e-18
10198.50000	-5.37710e-19	1.10754e-18
10199.60000	6.21565e-19	1.02924e-18
10200.70000	7.67387e-19	1.02774e-18
10201.80000	9.30733e-19	1.05058e-18
10202.80000	2.14878e-19	1.07576e-18
10203.90000	1.79883e-19	1.49688e-18
10205.00000	2.95420e-18	2.54279e-18
10206.10000	5.26765e-19	2.61392e-18
10207.20000	-1.63158e-18	1.89549e-18
10208.30000	1.74987e-19	1.16497e-18
10209.40000	7.28394e-19	1.25216e-18
10210.50000	-6.34546e-19	1.99329e-18
10211.50000	1.71979e-18	2.60918e-18
10212.60000	-8.89558e-19	4.05386e-18
10213.70000	4.74251e-19	4.60070e-18
10214.80000	-8.37778e-19	3.92238e-18
10215.90000	-1.65468e-18	1.66055e-18
10217.00000	-1.42254e-18	1.04225e-18
10218.10000	-9.61519e-19	9.22804e-19
10219.10000	4.35400e-19	9.24559e-19
10220.20000	1.51261e-18	9.09601e-19
10221.30000	8.85946e-19	9.54205e-19
10222.40000	-5.08720e-19	1.06291e-18
10223.50000	-1.66504e-18	1.10287e-18
10224.60000	-1.44771e-19	1.06466e-18
10225.70000	2.26642e-19	1.08511e-18
10226.70000	-1.71131e-18	1.77331e-18
10227.80000	-1.30906e-18	3.07252e-18
10228.90000	-1.50372e-19	3.17226e-18
10230.00000	1.72266e-18	2.19874e-18
10231.10000	-3.47027e-19	1.50132e-18
10232.20000	8.73395e-19	2.23840e-18
10233.30000	2.27641e-19	2.85330e-18
10234.30000	-3.19299e-18	2.51139e-18
10235.40000	9.83968e-19	1.40588e-18
10236.50000	-6.13933e-19	1.06879e-18
10237.60000	-1.31627e-18	1.06879e-18
10238.70000	-1.32358e-19	1.03994e-18
10239.80000	8.20438e-19	9.16935e-19
10240.90000	-8.88053e-19	1.01349e-18
10241.90000	-9.12932e-19	1.04300e-18
10243.00000	1.39612e-18	9.72672e-19
10244.10000	1.92492e-19	9.40881e-19
10245.20000	-1.30046e-20	9.24143e-19
10246.30000	-2.81081e-19	9.17334e-19
10247.40000	6.96007e-19	9.07642e-19
10248.50000	2.60947e-19	8.95803e-19
10249.50000	5.96679e-19	9.07855e-19
10250.60000	8.91767e-19	9.05439e-19
10251.70000	-4.39200e-20	8.77988e-19
10252.80000	-1.28090e-19	8.66292e-19
10253.90000	-8.57737e-19	9.16089e-19
10255.00000	7.59749e-19	9.57639e-19
10256.10000	6.86700e-19	9.32580e-19
10257.10000	1.17315e-19	9.66179e-19
10258.20000	5.00774e-19	9.93458e-19
10259.30000	5.20349e-19	9.62985e-19
10260.40000	6.98539e-19	9.45485e-19
10261.50000	1.06987e-18	1.04211e-18
10262.60000	1.21754e-18	8.82499e-19
10263.70000	7.69046e-19	9.01570e-19
10264.80000	-7.13537e-19	9.25864e-19
10265.80000	-1.36275e-18	9.53187e-19
10266.90000	-1.08642e-18	9.40778e-19
10268.00000	-4.48364e-19	9.87177e-19
10269.10000	-1.40893e-19	1.02242e-18
10270.20000	2.83013e-19	1.03295e-18
10271.30000	8.98579e-19	1.06236e-18
10272.40000	7.83525e-19	1.46868e-18
10273.40000	6.95153e-19	1.91891e-18
10274.50000	8.40927e-19	1.93439e-18
10275.60000	-9.07858e-20	1.30075e-18
10276.70000	-4.54068e-19	1.00675e-18
10277.80000	-7.23274e-19	9.65351e-19
10278.90000	-1.75188e-19	9.37709e-19
10280.00000	-6.02409e-20	9.38402e-19
10281.00000	1.22809e-18	9.51947e-19
10282.10000	1.13829e-19	1.03112e-18
10283.20000	-8.99208e-19	1.08408e-18
10284.30000	-6.25781e-19	1.01202e-18
10285.40000	-1.10249e-18	1.25547e-18
10286.50000	-2.83079e-18	2.30769e-18
10287.60000	-4.04627e-18	4.12764e-18
10288.60000	-7.36658e-18	7.35875e-18
10289.70000	-4.30883e-19	7.53674e-18
10290.80000	-1.91121e-18	4.61707e-18
10291.90000	-2.27792e-19	1.51358e-18
10293.00000	-5.74537e-19	1.13611e-18
10294.10000	-3.43482e-19	1.39208e-18
10295.20000	1.10252e-18	1.59346e-18
10296.20000	8.43732e-19	1.74455e-18
10297.30000	-1.88202e-18	2.92061e-18
10298.40000	-4.64607e-18	4.22294e-18
10299.50000	-1.70715e-18	3.88206e-18
10300.60000	1.28571e-18	1.98628e-18
10301.70000	-7.98360e-19	1.06258e-18
10302.80000	2.87259e-19	9.54514e-19
10303.80000	5.50719e-19	9.46765e-19
10304.90000	-4.42524e-19	1.01069e-18
10306.00000	9.96838e-19	1.05021e-18
10307.10000	4.88781e-19	1.18465e-18
10308.20000	3.75674e-19	1.19575e-18
10309.30000	2.43379e-19	1.15284e-18
10310.40000	-1.96207e-20	1.46010e-18
10311.40000	2.75999e-19	2.21167e-18
10312.50000	-1.42509e-18	2.37804e-18
10313.60000	-2.01126e-19	1.87431e-18
10314.70000	2.48919e-19	1.10610e-18
10315.80000	-1.37725e-19	9.21313e-19
10316.90000	6.10304e-20	9.23113e-19
10318.00000	1.95274e-18	9.57395e-19
10319.00000	-1.18472e-18	9.51949e-19
10320.10000	-1.05104e-18	9.07886e-19
10321.20000	2.64308e-19	9.38279e-19
10322.30000	4.23973e-19	9.42420e-19
10323.40000	6.01802e-19	9.89642e-19
10324.50000	6.05368e-19	9.62649e-19
10325.60000	2.57014e-19	9.65636e-19
10326.70000	-1.50314e-19	9.66906e-19
10327.70000	-1.15881e-18	1.02934e-18
10328.80000	1.55426e-19	1.22898e-18
10329.90000	-1.34508e-18	1.42670e-18
10331.00000	-5.79143e-19	1.32224e-18
10332.10000	1.02541e-18	1.09801e-18
10333.20000	5.60640e-19	9.28072e-19
10334.30000	1.48364e-19	8.91725e-19
10335.30000	-1.06965e-18	8.49980e-19
10336.40000	-3.46941e-19	8.76606e-19
10337.50000	1.24167e-18	8.65381e-19
10338.60000	-5.74111e-19	8.63401e-19
10339.70000	-8.73672e-19	8.96783e-19
10340.80000	-7.47906e-19	1.01418e-18
10341.90000	-3.78070e-20	1.36636e-18
10342.90000	7.08823e-19	1.47023e-18
10344.00000	-5.11380e-20	1.33827e-18
10345.10000	7.50080e-19	1.09182e-18
10346.20000	3.60639e-19	1.00302e-18
10347.30000	4.98007e-19	1.07008e-18
10348.40000	-1.14398e-18	1.87330e-18
10349.50000	-5.86083e-18	3.36117e-18
10350.50000	-1.30949e-18	3.43122e-18
10351.60000	1.57798e-18	2.18735e-18
10352.70000	-3.14524e-19	1.16868e-18
10353.80000	-1.37465e-20	1.00065e-18
10354.90000	6.50171e-19	1.21944e-18
10356.00000	2.01870e-19	1.58060e-18
10357.10000	8.54629e-19	1.67268e-18
10358.10000	4.97857e-20	1.39318e-18
10359.20000	-1.29031e-18	1.01980e-18
10360.30000	-1.75461e-18	8.98614e-19
10361.40000	-5.35524e-19	8.96061e-19
10362.50000	8.45962e-19	8.85515e-19
10363.60000	-9.49189e-20	8.74823e-19
10364.70000	-8.15096e-19	9.37958e-19
10365.70000	-1.31634e-18	8.98722e-19
10366.80000	1.57074e-19	9.23406e-19
10367.90000	2.61265e-19	9.84050e-19
10369.00000	-2.29547e-19	9.28015e-19
10370.10000	3.97015e-20	9.35779e-19
10371.20000	1.30561e-18	9.50222e-19
10372.30000	1.35398e-18	1.00777e-18
10373.30000	-2.56119e-19	1.52810e-18
10374.40000	2.31260e-18	4.48627e-18
10375.50000	1.33682e-18	6.20262e-18
10376.60000	2.60455e-18	6.09228e-18
10377.70000	-1.68990e-18	2.11173e-18
10378.80000	-6.48614e-19	1.10289e-18
10379.90000	-1.46187e-19	9.70563e-19
10380.90000	-8.44577e-19	9.53008e-19
10382.00000	6.33077e-19	9.24281e-19
10383.10000	1.45073e-18	9.35832e-19
10384.20000	-3.41000e-19	9.28739e-19
10385.30000	-2.94972e-19	9.04048e-19
10386.40000	-8.73719e-20	9.09238e-19
10387.50000	-5.55710e-19	9.32374e-19
10388.60000	4.81746e-19	1.00291e-18
10389.60000	8.90367e-19	1.01957e-18
10390.70000	4.81850e-20	9.57065e-19
10391.80000	7.30830e-19	9.39583e-19
10392.90000	-6.26630e-20	9.40376e-19
10394.00000	-8.71466e-19	9.57855e-19
10395.10000	-3.06468e-20	9.63061e-19
10396.20000	1.33834e-18	9.71245e-19
10397.20000	2.14029e-18	1.41270e-18
10398.30000	-1.89134e-19	3.15658e-18
10399.40000	1.37572e-18	3.71268e-18
10400.50000	-1.85798e-18	2.98222e-18
10401.60000	-1.49956e-18	1.31559e-18
10402.70000	-1.08547e-18	9.69516e-19
10403.80000	2.69569e-19	9.71443e-19
10404.80000	-7.55919e-19	9.69307e-19
10405.90000	-1.59712e-19	9.77980e-19
10407.00000	-4.05821e-19	1.01185e-18
10408.10000	9.02146e-19	1.19754e-18
10409.20000	1.93952e-18	1.45003e-18
10410.30000	1.50732e-19	1.25650e-18
10411.40000	-1.55573e-19	1.31754e-18
10412.40000	-2.09794e-18	1.35355e-18
10413.50000	-1.68544e-18	1.13826e-18
10414.60000	6.78403e-19	1.01176e-18
10415.70000	1.64005e-18	9.83889e-19
10416.80000	9.56853e-19	1.08690e-18
10417.90000	-4.26446e-19	1.27719e-18
10419.00000	1.92936e-18	1.98600e-18
10420.00000	-6.31068e-18	5.05247e-18
10421.10000	-1.04225e-17	6.29119e-18
10422.20000	1.94374e-18	5.24714e-18
10423.30000	1.62884e-18	2.10357e-18
10424.40000	-1.06783e-18	1.34039e-18
10425.50000	-6.13690e-19	1.34325e-18
10426.60000	2.48521e-19	1.31217e-18
10427.60000	1.97101e-18	1.06621e-18
10428.70000	1.08783e-18	1.05966e-18
10429.80000	-3.65048e-19	1.21803e-18
10430.90000	3.83642e-19	1.48593e-18
10432.00000	1.24922e-19	1.31165e-18
10433.10000	-2.02261e-19	1.13970e-18
10434.20000	-6.11642e-19	1.00334e-18
10435.20000	-6.52129e-19	9.09668e-19
10436.30000	-1.54131e-18	8.96105e-19
10437.40000	-1.31135e-18	8.86679e-19
10438.50000	-4.27897e-19	9.13617e-19
10439.60000	-1.32326e-19	9.10799e-19
10440.70000	4.24083e-19	9.03534e-19
10441.80000	2.97581e-21	9.03400e-19
10442.80000	-4.19188e-19	8.80126e-19
10443.90000	3.79408e-19	8.91099e-19
10445.00000	-4.29717e-20	9.91266e-19
10446.10000	2.49110e-19	9.54094e-19
10447.20000	1.00739e-18	9.48616e-19
10448.30000	-2.48428e-19	9.72605e-19
10449.40000	5.32175e-19	9.67925e-19
10450.50000	8.60991e-19	1.02011e-18
10451.50000	-6.91322e-21	1.69811e-18
10452.60000	-2.05570e-18	3.11446e-18
10453.70000	-6.20825e-19	3.22017e-18
10454.80000	-1.03394e-18	2.13242e-18
10455.90000	-7.00253e-20	1.08788e-18
10457.00000	5.35515e-19	9.30019e-19
10458.10000	2.25036e-19	9.37190e-19
10459.10000	9.40086e-19	9.20176e-19
10460.20000	1.31424e-18	9.12907e-19
10461.30000	3.76683e-19	9.81090e-19
10462.40000	-3.41213e-19	1.13820e-18
10463.50000	-1.67020e-18	1.18539e-18
10464.60000	-4.45352e-20	1.10882e-18
10465.70000	-1.32649e-19	9.67050e-19
10466.70000	-3.89958e-20	9.89556e-19
10467.80000	4.91459e-19	9.58632e-19
10468.90000	9.99515e-19	1.18359e-18
10470.00000	8.14306e-19	2.38250e-18
10471.10000	2.34993e-18	4.79905e-18
10472.20000	1.38422e-18	5.04114e-18
10473.30000	-1.43975e-18	3.28101e-18
10474.30000	1.00959e-18	1.47541e-18
10475.40000	-5.87390e-19	1.02403e-18
10476.50000	3.42174e-20	1.00530e-18
10477.60000	-8.91854e-20	9.36225e-19
10478.70000	5.57898e-19	9.17429e-19
10479.80000	-3.01416e-19	9.05064e-19
10480.90000	-1.24730e-19	9.06554e-19
10481.90000	3.19987e-19	9.11194e-19
10483.00000	-8.78035e-20	9.19925e-19
10484.10000	-5.83119e-19	9.39068e-19
10485.20000	2.08023e-19	9.07987e-19
10486.30000	8.54953e-19	8.86137e-19
10487.40000	8.63676e-19	9.26930e-19
10488.50000	1.47424e-18	1.11715e-18
10489.50000	-4.00906e-19	1.22843e-18
10490.60000	-7.65408e-19	1.22336e-18
10491.70000	7.11756e-20	1.06173e-18
10492.80000	-3.52491e-19	9.60708e-19
10493.90000	-1.97666e-18	9.35713e-19
10495.00000	-7.70453e-19	9.30819e-19
10496.10000	2.27438e-19	9.49622e-19
10497.10000	-4.65568e-20	9.64969e-19
10498.20000	9.88909e-19	9.74745e-19
10499.30000	1.66053e-18	9.75394e-19
10500.40000	8.19872e-19	1.04812e-18
10501.50000	-2.72390e-19	1.08842e-18
10502.60000	1.01666e-18	1.03185e-18
10503.70000	8.67266e-20	9.23244e-19
10504.70000	5.15178e-19	9.43089e-19
10505.80000	-1.08373e-18	1.00476e-18
10506.90000	-4.07188e-19	1.06393e-18
10508.00000	-4.27360e-19	1.07260e-18
10509.10000	9.96185e-19	1.00778e-18
10510.20000	2.27568e-19	1.44683e-18
10511.30000	-1.81785e-19	2.45546e-18
10512.40000	3.60649e-19	2.73358e-18
10513.40000	-3.07555e-18	1.92296e-18
10514.50000	8.01362e-21	1.23397e-18
10515.60000	-5.85895e-19	1.11906e-18
10516.70000	-2.34742e-19	1.39215e-18
10517.80000	-7.05092e-20	1.23200e-18
10518.90000	-6.99008e-20	1.16521e-18
10520.00000	6.03811e-19	1.00664e-18
10521.00000	-4.01685e-19	9.48178e-19
10522.10000	-7.02892e-19	9.21042e-19
10523.20000	-1.32052e-18	9.14218e-19
10524.30000	-3.67559e-19	1.00572e-18
10525.40000	9.86507e-20	1.35239e-18
10526.50000	-2.24887e-18	2.85871e-18
10527.60000	-4.25198e-18	3.49803e-18
10528.60000	-2.58287e-18	2.95481e-18
10529.70000	-6.41140e-19	1.57276e-18
10530.80000	-1.63725e-18	1.04995e-18
10531.90000	4.18815e-19	9.05519e-19
10533.00000	6.56029e-19	8.76978e-19
10534.10000	9.79096e-19	8.58902e-19
10535.20000	-2.46623e-20	8.89442e-19
10536.20000	-4.19833e-19	9.17035e-19
10537.30000	-7.68420e-19	9.17072e-19
10538.40000	-8.37640e-19	9.27839e-19
10539.50000	7.54497e-19	9.35606e-19
10540.60000	4.57548e-19	9.49064e-19
10541.70000	4.55683e-19	9.23611e-19
10542.80000	8.51527e-19	9.43146e-19
10543.80000	-6.24175e-19	9.53860e-19
10544.90000	-7.78567e-19	8.85912e-19
10546.00000	-2.28358e-19	8.85896e-19
10547.10000	6.81058e-20	8.77295e-19
10548.20000	-1.52426e-19	8.91243e-19
10549.30000	-5.91749e-19	9.14222e-19
10550.40000	1.03896e-18	9.12303e-19
10551.40000	1.35450e-18	8.89162e-19
10552.50000	2.89450e-19	9.10896e-19
10553.60000	6.53342e-19	1.01627e-18
10554.70000	-8.78254e-19	1.08221e-18
10555.80000	-2.65840e-19	1.06542e-18
10556.90000	1.00960e-18	9.85432e-19
10558.00000	2.49081e-19	9.27284e-19
10559.00000	1.11312e-18	9.44120e-19
10560.10000	1.39611e-18	9.02786e-19
10561.20000	4.08889e-19	8.87132e-19
10562.30000	8.41584e-19	8.61123e-19
10563.40000	5.49996e-19	8.53105e-19
10564.50000	-7.56542e-19	8.72729e-19
10565.60000	-5.01076e-19	8.88248e-19
10566.60000	3.48534e-19	8.59335e-19
10567.70000	6.15047e-19	8.87549e-19
10568.80000	-7.53215e-19	8.95209e-19
10569.90000	-2.53335e-19	9.52640e-19
10571.00000	1.39487e-18	9.03223e-19
10572.10000	3.50624e-19	9.11537e-19
10573.20000	1.49272e-19	1.05419e-18
10574.30000	-4.44712e-19	1.52293e-18
10575.30000	-1.54957e-18	1.73132e-18
10576.40000	6.76334e-20	1.55022e-18
10577.50000	1.67874e-18	1.04884e-18
10578.60000	-3.23352e-19	8.81386e-19
10579.70000	-1.26236e-19	9.12600e-19
10580.80000	6.08323e-19	9.29580e-19
10581.90000	2.05556e-19	8.67743e-19
10582.90000	-3.71077e-19	8.84602e-19
10584.00000	2.79895e-19	8.51952e-19
10585.10000	3.39719e-19	8.76950e-19
10586.20000	4.24478e-19	1.04579e-18
10587.30000	-1.08015e-18	1.76788e-18
10588.40000	1.00539e-18	2.43364e-18
10589.50000	-1.71921e-18	2.35254e-18
10590.50000	-1.00096e-18	1.57497e-18
10591.60000	1.60242e-20	1.15220e-18
10592.70000	-3.52090e-19	1.00035e-18
10593.80000	3.18108e-19	9.28069e-19
10594.90000	5.92485e-19	8.93489e-19
10596.00000	-6.63571e-19	9.14753e-19
10597.10000	4.02483e-22	9.82222e-19
10598.10000	-8.84386e-20	9.69516e-19
10599.20000	-8.43552e-19	9.72199e-19
10600.30000	-2.55751e-19	1.01978e-18
10601.40000	5.82718e-19	1.11377e-18
10602.50000	6.38245e-19	9.84787e-19
10603.60000	2.19292e-19	9.58176e-19
10604.70000	3.23518e-19	9.08845e-19
10605.70000	2.56087e-19	8.76171e-19
10606.80000	-4.09034e-19	8.75329e-19
10607.90000	-3.86975e-19	9.16294e-19
10609.00000	-3.66316e-19	9.59533e-19
10610.10000	-8.18239e-20	8.85082e-19
10611.20000	-9.94736e-21	8.58226e-19
10612.30000	-4.47565e-19	8.66772e-19
10613.30000	-3.69892e-19	9.07985e-19
10614.40000	-8.75280e-19	8.71914e-19
10615.50000	1.74515e-20	8.94326e-19
10616.60000	2.71184e-19	8.94517e-19
10617.70000	5.37390e-20	8.94600e-19
10618.80000	3.61536e-19	8.57073e-19
10619.90000	-3.40883e-19	8.53782e-19
10620.90000	8.94057e-19	8.64467e-19
10622.00000	-8.42125e-19	8.67867e-19
10623.10000	-1.39705e-18	8.77372e-19
10624.20000	-1.15826e-18	9.12832e-19
10625.30000	-1.90046e-19	9.23454e-19
10626.40000	4.42343e-19	8.98687e-19
10627.50000	1.06675e-19	8.88075e-19
10628.50000	-7.64741e-19	9.03668e-19
10629.60000	-2.36302e-19	9.08355e-19
10630.70000	6.30752e-19	8.82535e-19
10631.80000	-7.91821e-20	8.63422e-19
10632.90000	-9.17340e-19	8.59273e-19
10634.00000	-1.62497e-18	8.36202e-19
10635.10000	-8.37126e-19	8.32078e-19
10636.20000	-4.48665e-19	8.01003e-19
10637.20000	-5.50592e-21	8.17770e-19
10638.30000	6.28051e-19	8.45325e-19
10639.40000	-3.02610e-19	8.30632e-19
10640.50000	8.08494e-19	8.69962e-19
10641.60000	5.36974e-19	9.70146e-19
10642.70000	4.30351e-19	1.17664e-18
10643.80000	-2.67696e-19	1.27418e-18
10644.80000	-3.00119e-19	1.15207e-18
10645.90000	-1.08193e-18	9.18681e-19
10647.00000	-1.23853e-18	8.48984e-19
10648.10000	-3.18372e-19	8.51817e-19
10649.20000	-4.22069e-19	8.29423e-19
10650.30000	-1.44715e-19	8.20439e-19
10651.40000	-1.55750e-19	8.40969e-19
10652.40000	-8.23429e-19	9.19049e-19
10653.50000	-5.38686e-19	1.18044e-18
10654.60000	-1.08603e-18	1.52643e-18
10655.70000	-6.49034e-19	1.47230e-18
10656.80000	2.89007e-19	1.15515e-18
10657.90000	5.11226e-19	9.08267e-19
10659.00000	1.43338e-19	8.42343e-19
10660.00000	9.48378e-19	8.34011e-19
10661.10000	2.32348e-19	8.52473e-19
10662.20000	2.61710e-19	8.35956e-19
10663.30000	1.21406e-18	8.39239e-19
10664.40000	-6.47926e-19	8.34703e-19
10665.50000	-5.08214e-19	8.32611e-19
10666.60000	-5.20744e-19	8.38718e-19
10667.60000	2.60354e-19	8.92138e-19
10668.70000	-3.85370e-20	9.47090e-19
10669.80000	-9.71911e-19	9.34202e-19
10670.90000	-8.15159e-20	8.60599e-19
10672.00000	-1.23762e-20	8.17867e-19
10673.10000	-4.27208e-19	8.29978e-19
10674.20000	-1.86775e-18	8.54524e-19
10675.20000	-1.16616e-18	8.82621e-19
10676.30000	1.69730e-19	9.13946e-19
10677.40000	-2.57079e-19	9.17519e-19
10678.50000	3.36614e-19	9.28091e-19
10679.60000	7.43410e-19	8.78998e-19
10680.70000	1.23019e-18	8.43214e-19
10681.80000	-1.09423e-19	8.70089e-19
10682.80000	-6.57904e-19	9.13828e-19
10683.90000	3.32828e-19	1.01732e-18
10685.00000	1.24572e-18	1.17682e-18
10686.10000	7.71891e-19	1.36968e-18
10687.20000	-1.37058e-18	1.51032e-18
10688.30000	-1.25390e-18	1.57382e-18
10689.40000	-4.73762e-19	1.65932e-18
10690.50000	-1.78666e-19	1.80946e-18
10691.50000	1.42435e-19	1.73958e-18
10692.60000	-9.59554e-19	1.45913e-18
10693.70000	1.93226e-19	1.43245e-18
10694.80000	6.46026e-19	1.39433e-18
10695.90000	-1.66115e-19	1.26619e-18
10697.00000	1.04755e-18	1.05020e-18
10698.10000	6.05304e-19	1.28931e-18
10699.10000	-2.37806e-18	2.17418e-18
10700.20000	-2.74676e-19	2.37955e-18
10701.30000	-3.52448e-19	1.90986e-18
10702.40000	3.19042e-19	1.35585e-18
10703.50000	-3.82138e-19	1.29986e-18
10704.60000	-3.03288e-20	1.42996e-18
10705.70000	1.37518e-18	1.70862e-18
10706.70000	-7.41801e-19	1.75294e-18
10707.80000	-1.84960e-19	1.36812e-18
10708.90000	5.19134e-19	1.03526e-18
10710.00000	-2.29000e-20	9.28213e-19
10711.10000	8.49598e-19	1.12482e-18
10712.20000	2.70180e-18	2.27348e-18
10713.30000	5.73757e-19	3.36806e-18
10714.30000	9.34102e-19	3.22217e-18
10715.40000	9.53915e-19	1.89829e-18
10716.50000	6.48350e-19	1.32530e-18
10717.60000	-2.33279e-19	1.33851e-18
10718.70000	5.62496e-19	1.27671e-18
10719.80000	6.55566e-20	1.11492e-18
10720.90000	-6.12964e-19	1.05625e-18
10721.90000	-6.12066e-19	1.70756e-18
10723.00000	-2.33387e-18	2.30779e-18
10724.10000	-2.34322e-19	2.19577e-18
10725.20000	-3.73056e-19	1.45276e-18
10726.30000	-9.91253e-20	1.20034e-18
10727.40000	-1.60796e-19	1.18120e-18
10728.50000	1.12803e-18	1.12313e-18
10729.50000	4.24393e-19	1.71333e-18
10730.60000	2.08828e-18	4.43241e-18
10731.70000	-2.20354e-18	5.21945e-18
10732.80000	1.89424e-20	3.83037e-18
10733.90000	5.57926e-19	1.69515e-18
10735.00000	-2.94529e-19	1.06718e-18
10736.10000	7.71881e-19	9.21038e-19
10737.10000	1.00686e-18	9.17130e-19
10738.20000	-2.44987e-19	1.05229e-18
10739.30000	1.47233e-18	1.10748e-18
10740.40000	3.18531e-20	1.06034e-18
10741.50000	-8.10714e-20	9.40315e-19
10742.60000	3.12094e-19	9.20496e-19
10743.70000	9.27653e-19	1.10265e-18
10744.70000	-1.38280e-18	2.13789e-18
10745.80000	7.70886e-19	2.97163e-18
10746.90000	1.21666e-18	2.73973e-18
10748.00000	-7.29864e-19	1.51564e-18
10749.10000	-5.85131e-19	1.14684e-18
10750.20000	-2.19941e-19	1.15827e-18
10751.30000	1.76080e-18	1.31454e-18
10752.40000	2.52506e-18	2.96786e-18
10753.40000	-9.65423e-19	5.03993e-18
10754.50000	1.03937e-18	4.90741e-18
10755.60000	2.84052e-18	2.55732e-18
10756.70000	-1.15015e-19	1.16648e-18
10757.80000	-1.75091e-19	9.15779e-19
10758.90000	6.18597e-19	9.02155e-19
10760.00000	-1.06666e-18	8.93890e-19
10761.00000	-1.16419e-18	9.00461e-19
10762.10000	-4.13238e-19	8.77410e-19
10763.20000	-3.11000e-19	9.39585e-19
10764.30000	-1.17802e-18	1.06591e-18
10765.40000	-1.02420e-18	1.12569e-18
10766.50000	6.93957e-20	1.06286e-18
10767.60000	-5.80258e-19	9.43308e-19
10768.60000	-1.21891e-18	8.91773e-19
10769.70000	-1.93278e-18	8.63884e-19
10770.80000	-1.41406e-18	8.79557e-19
10771.90000	-9.42814e-19	9.64472e-19
10773.00000	-1.57541e-18	1.42648e-18
10774.10000	-1.08106e-18	2.76732e-18
10775.20000	1.55616e-18	3.16343e-18
10776.20000	9.37542e-19	2.39963e-18
10777.30000	1.29250e-18	1.18585e-18
10778.40000	-4.43286e-19	8.76313e-19
10779.50000	-7.19850e-19	8.48599e-19
10780.60000	-6.32551e-20	8.66183e-19
10781.70000	2.44426e-19	8.74634e-19
10782.80000	-3.66059e-19	8.82999e-19
10783.80000	5.26909e-19	8.95688e-19
10784.90000	7.27414e-19	9.08765e-19
10786.00000	-3.57036e-19	8.59911e-19
10787.10000	-3.81014e-19	8.35527e-19
10788.20000	-6.92838e-19	8.39255e-19
10789.30000	-8.65760e-19	8.65902e-19
10790.40000	-4.90093e-19	8.37477e-19
10791.40000	-5.21744e-19	8.34424e-19
10792.50000	-8.45237e-19	8.56792e-19
10793.60000	-3.85056e-19	9.27705e-19
10794.70000	-8.64037e-19	1.03999e-18
10795.80000	-6.97926e-19	1.18185e-18
10796.90000	-1.14732e-18	1.16402e-18
10798.00000	-4.82292e-20	1.05382e-18
10799.00000	8.02206e-19	9.35809e-19
10800.10000	2.47347e-19	8.85767e-19
10801.20000	8.05017e-21	8.67871e-19
10802.30000	-5.12586e-21	9.18381e-19
10803.40000	4.30286e-19	1.01471e-18
10804.50000	-7.12997e-19	1.05049e-18
10805.60000	-6.03453e-19	9.91075e-19
10806.60000	-2.06672e-19	9.21648e-19
10807.70000	-8.27941e-20	8.66360e-19
10808.80000	6.45593e-19	9.23014e-19
10809.90000	9.05808e-19	1.03816e-18
10811.00000	-2.91379e-19	1.14049e-18
10812.10000	4.14627e-19	9.50313e-19
10813.20000	-7.22403e-19	8.96894e-19
10814.30000	-9.52137e-19	8.69293e-19
10815.30000	-4.33149e-19	8.89786e-19
10816.40000	3.75044e-19	8.94822e-19
10817.50000	1.06311e-18	8.74355e-19
10818.60000	-4.12357e-19	9.06829e-19
10819.70000	-6.56321e-19	9.09046e-19
10820.80000	-6.73803e-20	8.60934e-19
10821.90000	-8.90453e-20	8.43527e-19
10822.90000	-1.08956e-19	8.39652e-19
10824.00000	-1.73616e-18	8.67005e-19
10825.10000	9.17761e-20	8.96014e-19
10826.20000	4.28326e-19	9.26729e-19
10827.30000	-1.80619e-19	1.03091e-18
10828.40000	-2.32476e-19	1.03378e-18
10829.50000	-1.27453e-18	1.13049e-18
10830.50000	5.15383e-19	1.82466e-18
10831.60000	-1.09946e-18	3.13062e-18
10832.70000	-5.81180e-19	5.79145e-18
10833.80000	-1.01053e-18	8.43110e-18
10834.90000	-6.43829e-18	7.93344e-18
10836.00000	-1.81108e-18	3.98842e-18
10837.10000	3.68579e-20	1.50577e-18
10838.10000	-6.06904e-20	1.07778e-18
10839.20000	1.29922e-18	1.31223e-18
10840.30000	8.38308e-19	1.60901e-18
10841.40000	-3.58721e-20	1.63803e-18
10842.50000	1.12115e-18	2.04458e-18
10843.60000	2.35005e-18	3.95252e-18
10844.70000	1.09121e-18	4.82981e-18
10845.70000	1.70010e-18	3.86091e-18
10846.80000	-1.76170e-18	1.64826e-18
10847.90000	5.55403e-19	9.59991e-19
10849.00000	-5.06996e-19	8.53155e-19
10850.10000	3.15344e-19	8.74557e-19
10851.20000	-1.26910e-18	1.06895e-18
10852.30000	-3.59983e-19	1.25050e-18
10853.30000	1.53737e-18	1.11959e-18
10854.40000	2.08222e-18	1.22347e-18
10855.50000	-3.38495e-19	1.17253e-18
10856.60000	-4.34165e-19	1.07295e-18
10857.70000	-4.38549e-19	1.56512e-18
10858.80000	9.49601e-19	2.54979e-18
10859.90000	-1.66078e-18	2.75692e-18
10860.90000	-2.08894e-18	2.14679e-18
10862.00000	-8.82826e-19	1.27679e-18
10863.10000	-6.15258e-20	1.10258e-18
10864.20000	-8.15378e-19	8.85207e-19
10865.30000	-6.66036e-19	9.29347e-19
10866.40000	-1.16389e-18	9.40325e-19
10867.50000	8.44719e-19	8.63302e-19
10868.50000	-2.55516e-19	8.33273e-19
10869.60000	1.14207e-18	8.44197e-19
10870.70000	-3.20921e-19	8.21254e-19
10871.80000	7.08596e-19	8.38247e-19
10872.90000	1.62207e-19	9.37806e-19
10874.00000	1.17116e-18	1.01227e-18
10875.10000	3.40933e-19	1.01478e-18
10876.20000	-1.08917e-18	1.07425e-18
10877.20000	-1.32919e-18	1.32171e-18
10878.30000	-1.82453e-19	1.56997e-18
10879.40000	-5.16048e-19	1.63951e-18
10880.50000	-9.21229e-19	1.42304e-18
10881.60000	7.51173e-19	1.07154e-18
10882.70000	8.65105e-19	8.51831e-19
10883.80000	-9.04167e-19	8.44692e-19
10884.80000	3.89864e-19	8.91184e-19
10885.90000	2.17749e-19	9.75173e-19
10887.00000	1.29708e-18	1.03893e-18
10888.10000	4.25863e-20	9.84441e-19
10889.20000	-1.17758e-19	8.99934e-19
10890.30000	7.99173e-19	8.18828e-19
10891.40000	-1.66658e-19	9.06094e-19
10892.40000	-1.54277e-18	1.09026e-18
10893.50000	-4.83986e-19	9.76604e-19
10894.60000	2.23719e-19	8.29932e-19
10895.70000	5.24632e-19	9.20881e-19
10896.80000	-1.37964e-18	1.79549e-18
10897.90000	-1.89678e-18	3.61058e-18
10899.00000	3.05225e-18	3.86237e-18
10900.00000	1.52173e-18	2.65946e-18
10901.10000	1.20396e-18	1.25409e-18
10902.20000	7.25014e-19	9.93853e-19
10903.30000	4.96274e-19	9.81793e-19
10904.40000	4.27483e-19	9.65177e-19
10905.50000	-2.51282e-19	9.20739e-19
10906.60000	-6.10594e-19	8.36814e-19
10907.60000	-1.00135e-18	8.19128e-19
10908.70000	-2.39961e-19	8.22233e-19
10909.80000	2.60423e-19	8.51290e-19
10910.90000	7.23454e-19	8.85102e-19
10912.00000	3.00127e-19	8.43484e-19
10913.10000	-4.02274e-19	8.24695e-19
10914.20000	-3.07980e-19	8.20498e-19
10915.20000	-3.84320e-19	8.02544e-19
10916.30000	5.97781e-19	8.01916e-19
10917.40000	-1.46866e-18	8.09216e-19
10918.50000	-6.71287e-19	8.28649e-19
10919.60000	-3.93852e-19	8.17801e-19
10920.70000	5.17301e-19	8.51681e-19
10921.80000	2.07417e-19	8.78136e-19
10922.80000	-7.89910e-19	9.68505e-19
10923.90000	-4.43390e-19	1.74165e-18
10925.00000	-1.97410e-18	5.10340e-18
10926.10000	2.67335e-18	6.98298e-18
10927.20000	-1.34664e-18	6.46174e-18
10928.30000	1.08490e-18	3.02697e-18
10929.40000	-6.08129e-19	1.30947e-18
10930.40000	2.08581e-18	9.82937e-19
10931.50000	1.36687e-18	9.32054e-19
10932.60000	1.22283e-19	9.18195e-19
10933.70000	-6.44454e-19	8.80897e-19
10934.80000	-5.63690e-19	8.56721e-19
10935.90000	5.14096e-19	8.57674e-19
10937.00000	-1.94967e-19	8.34909e-19
10938.10000	6.76658e-19	8.05467e-19
10939.10000	9.04569e-19	7.90153e-19
10940.20000	-2.18931e-20	7.93558e-19
10941.30000	1.29911e-18	7.91614e-19
10942.40000	1.39834e-18	8.08181e-19
10943.50000	6.64905e-20	7.79782e-19
10944.60000	2.63246e-20	7.70114e-19
10945.70000	-1.92043e-19	7.72933e-19
10946.70000	1.85654e-19	7.93659e-19
10947.80000	-5.48729e-19	8.37515e-19
10948.90000	-1.05147e-18	1.22441e-18
10950.00000	5.83578e-19	3.09290e-18
10951.10000	-5.66084e-18	4.76344e-18
10952.20000	-4.58363e-18	4.36740e-18
10953.30000	-1.42423e-19	1.93817e-18
10954.30000	7.98214e-19	1.06006e-18
10955.40000	7.53322e-19	8.72894e-19
10956.50000	2.16349e-20	8.05130e-19
10957.60000	1.92382e-20	7.66626e-19
10958.70000	5.59175e-20	7.70926e-19
10959.80000	-5.25688e-19	7.82095e-19
10960.90000	1.02931e-18	7.99864e-19
10961.90000	7.34545e-19	8.20289e-19
10963.00000	4.89307e-19	8.13189e-19
10964.10000	-3.39391e-19	8.16579e-19
10965.20000	-3.65717e-19	8.68332e-19
10966.30000	-1.93652e-19	9.00296e-19
10967.40000	3.00478e-20	9.32602e-19
10968.50000	-2.02771e-18	9.79506e-19
10969.50000	-7.10589e-19	1.09819e-18
10970.60000	-1.38130e-18	1.12141e-18
10971.70000	1.48125e-19	1.12810e-18
10972.80000	-1.57642e-18	1.65859e-18
10973.90000	-4.45292e-18	4.77195e-18
10975.00000	-3.17127e-18	7.41566e-18
10976.10000	7.36181e-19	6.63760e-18
10977.10000	1.01389e-18	3.29958e-18
10978.20000	6.67587e-19	1.42785e-18
10979.30000	-1.89306e-18	1.03604e-18
10980.40000	-2.38697e-19	9.51231e-19
10981.50000	4.10464e-19	8.71218e-19
10982.60000	-9.57447e-20	8.24504e-19
10983.70000	-8.08896e-19	8.61555e-19
10984.70000	2.48287e-19	1.08499e-18
10985.80000	5.17028e-19	1.27645e-18
10986.90000	-1.56506e-20	1.19758e-18
10988.00000	-4.71240e-19	9.11579e-19
10989.10000	6.63621e-19	8.05526e-19
10990.20000	-5.69573e-19	8.04590e-19
10991.30000	-6.85590e-19	7.91612e-19
10992.30000	-3.46807e-20	7.95329e-19
10993.40000	7.14266e-19	7.96912e-19
10994.50000	-3.49855e-19	7.70281e-19
10995.60000	1.10303e-18	7.77061e-19
10996.70000	-8.59730e-19	7.70502e-19
10997.80000	1.11744e-18	7.73177e-19
10998.90000	2.73742e-20	7.72937e-19
11000.00000	6.72722e-19	8.15532e-19
11001.00000	-9.35983e-19	8.12095e-19
11002.10000	-1.59934e-19	8.57817e-19
11003.20000	3.71894e-19	8.78654e-19
11004.30000	-1.21715e-18	9.05731e-19
11005.40000	-4.21860e-19	8.63063e-19
11006.50000	2.34364e-19	1.00162e-18
11007.60000	1.17112e-18	2.06090e-18
11008.60000	1.86228e-18	3.73454e-18
11009.70000	2.96983e-18	3.78501e-18
11010.80000	1.80618e-18	2.38365e-18
11011.90000	-5.58417e-19	1.13551e-18
11013.00000	-9.01253e-19	8.89652e-19
11014.10000	-4.34550e-19	8.12125e-19
11015.20000	-2.50897e-20	8.07589e-19
11016.20000	-1.06145e-19	7.96737e-19
11017.30000	-5.70466e-19	7.93182e-19
11018.40000	-4.61021e-19	7.87010e-19
11019.50000	6.98163e-19	7.90640e-19
11020.60000	1.69071e-18	7.71460e-19
11021.70000	1.17152e-18	8.22806e-19
11022.80000	6.44345e-20	8.20882e-19
11023.80000	-1.15561e-18	8.42790e-19
11024.90000	1.29079e-18	8.69385e-19
11026.00000	2.69274e-19	9.18505e-19
11027.10000	-9.84514e-19	1.42939e-18
11028.20000	1.40676e-18	4.28606e-18
11029.30000	2.24064e-18	5.72273e-18
11030.40000	-1.97710e-18	5.63935e-18
11031.40000	-4.55527e-18	3.30244e-18
11032.50000	-5.40569e-19	1.34327e-18
11033.60000	-1.31249e-19	9.07988e-19
11034.70000	-9.85483e-20	8.24971e-19
11035.80000	1.42340e-20	8.06716e-19
11036.90000	-9.52562e-19	1.00004e-18
11038.00000	-1.93188e-20	1.12591e-18
11039.00000	-4.77037e-19	8.75056e-19
11040.10000	-1.30044e-18	8.70625e-19
11041.20000	4.78831e-21	8.94131e-19
11042.30000	1.71988e-18	8.86427e-19
11043.40000	2.17982e-19	8.64833e-19
11044.50000	-7.54894e-19	8.35389e-19
11045.60000	-5.07519e-19	8.13246e-19
11046.60000	3.06311e-19	8.05583e-19
11047.70000	-1.74301e-19	7.96591e-19
11048.80000	8.24898e-19	8.11643e-19
11049.90000	-8.51144e-19	8.12517e-19
11051.00000	6.29946e-20	7.76799e-19
11052.10000	-4.09812e-19	8.24617e-19
11053.20000	6.59032e-20	1.10050e-18
11054.20000	-2.57243e-19	1.22408e-18
11055.30000	8.91878e-19	1.13669e-18
11056.40000	-3.05555e-19	9.09629e-19
11057.50000	-5.38243e-19	8.25000e-19
11058.60000	1.81932e-19	8.08058e-19
11059.70000	3.57336e-19	8.03613e-19
11060.80000	3.82916e-19	7.77958e-19
11061.90000	-3.64184e-19	8.20651e-19
11062.90000	-7.34713e-19	8.93771e-19
11064.00000	6.85301e-19	9.63524e-19
11065.10000	-6.64663e-20	9.06790e-19
11066.20000	2.79367e-19	8.50383e-19
11067.30000	2.08494e-19	8.06374e-19
11068.40000	-6.28612e-19	8.53187e-19
11069.50000	3.87020e-19	9.65534e-19
11070.50000	2.82165e-19	1.49604e-18
11071.60000	2.64857e-18	2.59872e-18
11072.70000	-2.11375e-18	2.79113e-18
11073.80000	1.12768e-18	2.03927e-18
11074.90000	8.04588e-19	1.04796e-18
11076.00000	1.35264e-19	8.13408e-19
11077.10000	-4.63606e-19	7.83322e-19
11078.10000	-4.82420e-19	7.55820e-19
11079.20000	3.36091e-19	7.42637e-19
11080.30000	7.22606e-19	7.46311e-19
11081.40000	5.10122e-19	7.96076e-19
11082.50000	-1.14205e-18	1.08211e-18
11083.60000	-2.30038e-19	1.29574e-18
11084.70000	5.44341e-19	1.18413e-18
11085.70000	2.74153e-19	9.80217e-19
11086.80000	1.06952e-19	9.58800e-19
11087.90000	-1.45444e-18	1.73071e-18
11089.00000	-5.64728e-19	3.60851e-18
11090.10000	-5.65262e-19	4.46408e-18
11091.20000	1.17149e-18	3.33199e-18
11092.30000	-8.22577e-19	1.53102e-18
11093.30000	-2.15265e-19	9.19953e-19
11094.40000	-2.21679e-19	8.07082e-19
11095.50000	-3.24305e-19	8.19970e-19
11096.60000	4.12260e-19	7.69122e-19
11097.70000	1.94156e-19	7.39101e-19
11098.80000	1.39270e-19	7.54957e-19
11099.90000	1.44819e-18	7.72508e-19
11100.90000	-8.30978e-20	7.64408e-19
11102.00000	-2.04398e-19	7.78475e-19
11103.10000	9.02287e-20	7.71950e-19
11104.20000	2.63026e-19	7.87516e-19
11105.30000	1.08549e-18	8.13912e-19
11106.40000	-5.40274e-19	8.29549e-19
11107.50000	2.28443e-19	8.87945e-19
11108.50000	-2.66135e-19	8.79630e-19
11109.60000	2.51689e-19	8.42838e-19
11110.70000	4.98080e-19	7.99623e-19
11111.80000	2.71964e-19	7.78708e-19
11112.90000	1.78093e-19	7.71689e-19
11114.00000	5.63593e-19	7.63204e-19
11115.10000	1.73758e-18	6.95668e-19
11116.20000	-5.33554e-19	7.66428e-19
11117.20000	-8.66791e-19	8.56318e-19
11118.30000	-1.60419e-18	9.83800e-19
11119.40000	-2.47232e-19	7.79131e-19
11120.50000	-5.26309e-19	7.67771e-19
11121.60000	8.93990e-19	8.21545e-19
11122.70000	-1.71264e-19	1.01216e-18
11123.80000	-2.47614e-19	1.02626e-18
11124.80000	-6.68113e-19	9.47957e-19
11125.90000	-4.10420e-19	8.29509e-19
11127.00000	5.36777e-19	8.08311e-19
11128.10000	-8.21619e-19	8.53265e-19
11129.20000	-2.26106e-19	8.85004e-19
11130.30000	1.90429e-19	8.70439e-19
11131.40000	-3.29389e-19	8.67114e-19
11132.40000	4.27907e-19	8.49961e-19
11133.50000	-1.61270e-19	8.33891e-19
11134.60000	-3.66543e-19	8.55190e-19
11135.70000	-8.60171e-20	8.49815e-19
11136.80000	4.69624e-19	8.26989e-19
11137.90000	8.80789e-19	9.03142e-19
11139.00000	-7.70267e-19	1.26819e-18
11140.00000	-8.71013e-19	2.03884e-18
11141.10000	-3.27346e-19	2.23404e-18
11142.20000	3.43996e-19	1.70357e-18
11143.30000	-6.23377e-19	1.01591e-18
11144.40000	-7.81321e-19	8.20057e-19
11145.50000	1.51551e-19	8.22366e-19
11146.60000	-1.03240e-19	8.10426e-19
11147.60000	2.66451e-19	8.31463e-19
11148.70000	3.13360e-19	8.49085e-19
11149.80000	-1.61356e-19	8.69558e-19
11150.90000	1.02079e-18	8.27507e-19
11152.00000	-5.45552e-19	8.48320e-19
11153.10000	-1.18383e-18	9.91539e-19
11154.20000	-2.95210e-19	1.67352e-18
11155.20000	-7.22851e-21	2.64514e-18
11156.30000	1.32097e-18	2.83082e-18
11157.40000	3.39215e-19	2.17266e-18
11158.50000	-2.96930e-20	1.21998e-18
11159.60000	-4.88086e-19	8.99628e-19
11160.70000	-3.99184e-19	8.72896e-19
11161.80000	2.81341e-19	9.65597e-19
11162.80000	1.19800e-18	1.03200e-18
11163.90000	1.32612e-18	1.18743e-18
11165.00000	1.75747e-18	1.24033e-18
11166.10000	1.83252e-18	1.20723e-18
11167.20000	1.41059e-18	1.11179e-18
11168.30000	-3.89790e-19	1.18119e-18
11169.40000	6.63110e-19	1.25898e-18
11170.40000	3.01479e-19	1.25191e-18
11171.50000	8.06634e-19	1.23514e-18
11172.60000	-2.53371e-19	1.14759e-18
11173.70000	-3.48832e-19	1.06015e-18
11174.80000	6.00666e-19	9.53676e-19
11175.90000	4.13011e-19	9.10581e-19
11177.00000	-8.09824e-19	9.10416e-19
11178.10000	6.97512e-20	9.27514e-19
11179.10000	1.00563e-18	9.36816e-19
11180.20000	2.45668e-19	9.96671e-19
11181.30000	-1.77060e-19	1.08273e-18
11182.40000	-8.90848e-20	1.04561e-18
11183.50000	1.41671e-18	1.00839e-18
11184.60000	1.42680e-18	9.42730e-19
11185.70000	1.40339e-18	9.60035e-19
11186.70000	8.86275e-19	9.88445e-19
11187.80000	7.25469e-19	1.02785e-18
11188.90000	-2.70801e-19	1.03961e-18
11190.00000	2.91023e-19	1.05568e-18
11191.10000	3.85459e-19	1.09579e-18
11192.20000	-8.66297e-19	1.08154e-18
11193.30000	1.28266e-18	1.05995e-18
11194.30000	2.04002e-18	1.00332e-18
11195.40000	-7.70615e-19	1.03706e-18
11196.50000	-1.54810e-18	1.01319e-18
11197.60000	-1.58115e-18	1.00157e-18
11198.70000	-3.24202e-19	9.94520e-19
11199.80000	-1.34318e-19	9.86197e-19
11200.90000	-9.56396e-19	9.89654e-19
11201.90000	1.37416e-18	1.06485e-18
11203.00000	1.29548e-19	1.08217e-18
11204.10000	-9.23199e-19	1.04848e-18
11205.20000	-1.11913e-18	1.06250e-18
11206.30000	4.16234e-19	1.11250e-18
11207.40000	8.89491e-19	1.10224e-18
11208.50000	4.11652e-19	1.12141e-18
11209.50000	-1.29576e-21	1.14465e-18
11210.60000	8.95914e-20	1.17380e-18
11211.70000	-8.19308e-19	1.24358e-18
11212.80000	-1.17779e-18	1.40050e-18
11213.90000	-1.64425e-18	1.80559e-18
11215.00000	-1.69707e-19	2.10349e-18
11216.10000	-1.36208e-18	1.84298e-18
11217.10000	-2.13789e-19	1.36972e-18
11218.20000	1.65110e-19	1.25271e-18
11219.30000	1.29714e-18	1.28897e-18
11220.40000	-3.43813e-19	1.32146e-18
11221.50000	-6.18920e-20	1.26769e-18
11222.60000	-1.18349e-18	1.37763e-18
11223.70000	-9.65745e-19	1.36694e-18
11224.70000	2.93309e-19	1.41230e-18
11225.80000	-1.06880e-18	1.89696e-18
11226.90000	-1.37043e-18	2.83144e-18
11228.00000	-1.01069e-18	2.95435e-18
11229.10000	1.04055e-18	2.50567e-18
11230.20000	2.36002e-18	1.80978e-18
11231.30000	2.85672e-18	1.37627e-18
11232.30000	-1.24255e-18	1.29008e-18
11233.40000	-1.67184e-18	1.34108e-18
11234.50000	-1.16854e-18	1.38605e-18
11235.60000	-2.26323e-18	1.56843e-18
11236.70000	-1.55355e-18	1.62259e-18
11237.80000	-5.25696e-19	1.62894e-18
11238.90000	-6.41530e-19	1.71054e-18
11240.00000	8.40346e-19	1.54842e-18
