#a1689_z1_1.H.1037.fc.1d.esc.slc.txt
#Applied Total SLC: 1.0648143230818765
#Wavelength in (A) | Flux (erg/sec/cm2/A)| Flux Error
14535.80000	-1.52000e-18	3.32557e-18
14537.50000	-1.55969e-18	1.35523e-18
14539.10000	-1.70767e-19	6.06336e-19
14540.70000	-2.39428e-18	6.05281e-20
14542.40000	-6.13108e-19	1.24707e-18
14544.00000	7.80470e-19	1.49175e-18
14545.60000	7.89026e-19	1.47617e-18
14547.20000	4.00531e-19	1.43504e-18
14548.90000	-2.86171e-18	1.49104e-18
14550.50000	-2.84012e-18	1.56763e-18
14552.10000	-1.66761e-18	1.62532e-18
14553.80000	-2.38426e-18	1.55757e-18
14555.40000	-2.17439e-18	1.48878e-18
14557.00000	-1.23801e-18	1.35461e-18
14558.60000	2.41399e-18	1.28241e-18
14560.30000	-8.80549e-19	1.61192e-18
14561.90000	-2.68907e-18	2.82214e-18
14563.50000	1.08149e-18	3.75942e-18
14565.20000	-1.62762e-18	3.60297e-18
14566.80000	1.87984e-18	2.43698e-18
14568.40000	2.75003e-18	1.50802e-18
14570.00000	7.92967e-19	9.82909e-19
14571.70000	4.29757e-20	9.00792e-19
14573.30000	5.67092e-19	9.26130e-19
14574.90000	9.25818e-19	9.09731e-19
14576.60000	2.34788e-18	8.30403e-19
14578.20000	9.83327e-19	7.59871e-19
14579.80000	4.93110e-19	7.18213e-19
14581.40000	2.85691e-19	6.80125e-19
14583.10000	3.27381e-19	6.61461e-19
14584.70000	-2.51489e-20	6.48623e-19
14586.30000	3.32912e-19	6.43715e-19
14588.00000	-1.59533e-19	6.47173e-19
14589.60000	-3.14245e-19	6.47912e-19
14591.20000	1.06874e-19	6.57621e-19
14592.90000	-3.54885e-19	6.72614e-19
14594.50000	-5.76690e-19	6.87148e-19
14596.10000	1.35934e-19	6.91559e-19
14597.70000	1.16961e-18	7.43159e-19
14599.40000	1.28335e-19	9.81073e-19
14601.00000	-1.72441e-18	1.69825e-18
14602.60000	-5.08758e-18	3.93018e-18
14604.30000	-4.81429e-18	5.34966e-18
14605.90000	-5.31438e-18	4.96233e-18
14607.50000	-2.53397e-18	3.32380e-18
14609.10000	-2.55750e-18	2.05131e-18
14610.80000	-1.64012e-18	1.32790e-18
14612.40000	3.60941e-19	1.04710e-18
14614.00000	-1.11908e-18	9.51488e-19
14615.70000	1.81579e-18	9.29355e-19
14617.30000	2.08563e-18	8.75430e-19
14618.90000	6.44502e-19	7.69493e-19
14620.50000	-1.19292e-18	6.49116e-19
14622.20000	1.14131e-18	5.86423e-19
14623.80000	1.21039e-18	6.32013e-19
14625.40000	8.26426e-19	7.27667e-19
14627.10000	3.25958e-19	7.45730e-19
14628.70000	-5.41163e-19	7.75936e-19
14630.30000	2.82907e-19	8.12839e-19
14631.90000	6.12459e-20	8.18726e-19
14633.60000	-1.24010e-18	7.89091e-19
14635.20000	-1.18320e-18	7.88964e-19
14636.80000	-9.06042e-19	7.40730e-19
14638.50000	-5.36822e-19	6.42845e-19
14640.10000	-6.39255e-19	5.29699e-19
14641.70000	1.45679e-18	4.89612e-19
14643.30000	1.61162e-19	5.25754e-19
14645.00000	-9.47659e-21	5.54852e-19
14646.60000	-2.14592e-19	5.85852e-19
14648.20000	3.63442e-19	6.15875e-19
14649.90000	6.76961e-19	6.86265e-19
14651.50000	-3.03123e-19	7.99314e-19
14653.10000	-2.58860e-19	9.98329e-19
14654.80000	-1.30005e-18	1.05117e-18
14656.40000	-1.26483e-18	8.76255e-19
14658.00000	-1.81552e-18	7.71810e-19
14659.60000	6.26429e-19	7.60909e-19
14661.30000	-2.69807e-19	1.03734e-18
14662.90000	2.81417e-18	2.13505e-18
14664.50000	-4.24515e-19	3.10227e-18
14666.20000	-3.91359e-18	3.43336e-18
14667.80000	4.63923e-19	2.06009e-18
14669.40000	5.15658e-19	1.17492e-18
14671.00000	1.07509e-18	6.89140e-19
14672.70000	1.46090e-18	5.52956e-19
14674.30000	9.83218e-20	5.07913e-19
14675.90000	-5.75936e-19	4.97972e-19
14677.60000	-4.47272e-19	5.02855e-19
14679.20000	-7.66164e-19	5.23362e-19
14680.80000	7.18814e-19	5.44605e-19
14682.40000	3.47087e-19	5.12051e-19
14684.10000	-4.51428e-19	4.43538e-19
14685.70000	7.83728e-19	3.98423e-19
14687.30000	-2.44880e-19	3.87543e-19
14689.00000	1.63697e-20	4.04653e-19
14690.60000	6.55980e-19	4.42719e-19
14692.20000	-3.68024e-19	5.70817e-19
14693.80000	2.27206e-18	9.43838e-19
14695.50000	5.34498e-18	2.18761e-18
14697.10000	2.58013e-18	3.77944e-18
14698.70000	1.79052e-18	3.99612e-18
14700.40000	-2.53283e-19	3.22132e-18
14702.00000	-3.24397e-18	2.17236e-18
14703.60000	3.67818e-18	1.41964e-18
14705.20000	1.64163e-18	9.61766e-19
14706.90000	-1.35225e-19	8.86840e-19
14708.50000	-1.22544e-18	6.77884e-19
14710.10000	-1.75129e-19	6.73646e-19
14711.80000	-6.06461e-19	7.26380e-19
14713.40000	4.30023e-19	7.07724e-19
14715.00000	4.27533e-19	6.26668e-19
14716.70000	1.81696e-19	5.25210e-19
14718.30000	3.03437e-19	4.83226e-19
14719.90000	-7.06724e-19	4.60057e-19
14721.50000	-5.62451e-19	4.55156e-19
14723.20000	7.18437e-20	4.55493e-19
14724.80000	4.64115e-19	4.44870e-19
14726.40000	4.23684e-19	4.14255e-19
14728.10000	5.43561e-19	3.82892e-19
14729.70000	-7.44923e-19	3.54311e-19
14731.30000	-6.74465e-19	3.83576e-19
14732.90000	1.06082e-18	4.44427e-19
14734.60000	1.52017e-18	4.81932e-19
14736.20000	-7.13394e-20	6.28881e-19
14737.80000	-9.24668e-19	1.17346e-18
14739.50000	1.22884e-18	1.54215e-18
14741.10000	-4.98486e-19	1.44377e-18
14742.70000	-1.06779e-18	9.61095e-19
14744.30000	-5.36219e-20	5.75174e-19
14746.00000	1.72374e-19	3.56515e-19
14747.60000	2.34870e-19	2.98091e-19
14749.20000	-3.78207e-20	2.92034e-19
14750.90000	2.71034e-19	3.34705e-19
14752.50000	3.93119e-19	5.48596e-19
14754.10000	9.58864e-20	1.03499e-18
14755.70000	2.23234e-18	1.18014e-18
14757.40000	4.60293e-20	1.02578e-18
14759.00000	7.61558e-20	7.13838e-19
14760.60000	2.61754e-19	5.07506e-19
14762.30000	-5.37535e-19	3.93744e-19
14763.90000	-5.76651e-19	3.53975e-19
14765.50000	-2.32123e-19	3.57111e-19
14767.10000	4.11068e-20	4.39522e-19
14768.80000	-2.57194e-19	7.35563e-19
14770.40000	-1.29339e-18	1.47787e-18
14772.00000	5.35905e-19	1.75003e-18
14773.70000	1.19925e-18	1.56614e-18
14775.30000	3.85673e-19	1.05529e-18
14776.90000	5.75469e-19	6.93703e-19
14778.60000	5.11424e-20	6.34514e-19
14780.20000	1.40452e-18	1.00474e-18
14781.80000	2.40275e-18	1.98799e-18
14783.40000	-2.91124e-18	2.37907e-18
14785.10000	-2.45838e-18	2.13896e-18
14786.70000	7.98076e-19	1.18635e-18
14788.30000	1.85838e-19	7.19711e-19
14790.00000	1.57242e-19	5.80331e-19
14791.60000	1.02130e-18	6.48039e-19
14793.20000	7.48642e-19	6.86370e-19
14794.80000	5.06079e-20	7.21217e-19
14796.50000	3.61970e-19	1.13910e-18
14798.10000	9.17875e-19	2.04895e-18
14799.70000	1.01545e-18	2.46710e-18
14801.40000	-1.38447e-19	2.32300e-18
14803.00000	6.68665e-20	2.06229e-18
14804.60000	7.69285e-19	1.98446e-18
14806.20000	-1.77655e-18	1.83949e-18
14807.90000	4.28964e-19	1.39622e-18
14809.50000	-3.46865e-20	7.01359e-19
14811.10000	7.08766e-19	4.31881e-19
14812.80000	5.58086e-19	3.53326e-19
14814.40000	3.19677e-19	3.35766e-19
14816.00000	1.89149e-19	3.29442e-19
14817.60000	-5.05451e-19	3.33091e-19
14819.30000	-2.16574e-19	3.31442e-19
14820.90000	3.86327e-19	3.23054e-19
14822.50000	-1.69004e-19	3.11567e-19
14824.20000	2.40200e-19	3.16456e-19
14825.80000	-3.06015e-20	3.51272e-19
14827.40000	-3.58775e-19	4.93885e-19
14829.00000	1.33651e-19	8.29187e-19
14830.70000	-4.22349e-19	1.88208e-18
14832.30000	-1.85550e-18	2.59561e-18
14833.90000	-2.88773e-18	2.54007e-18
14835.60000	-1.98958e-18	1.73494e-18
14837.20000	5.51955e-19	9.25566e-19
14838.80000	6.90378e-19	4.13030e-19
14840.50000	7.91364e-20	3.10040e-19
14842.10000	4.24437e-19	3.14623e-19
14843.70000	-1.00170e-19	3.21746e-19
14845.30000	2.67392e-19	3.18271e-19
14847.00000	2.35850e-19	3.16849e-19
14848.60000	7.05773e-19	3.19663e-19
14850.20000	3.20513e-19	3.17132e-19
14851.90000	4.16736e-19	3.06164e-19
14853.50000	2.93492e-19	2.92053e-19
14855.10000	4.96695e-19	3.30579e-19
14856.70000	2.02309e-19	3.53163e-19
14858.40000	1.26283e-19	4.51535e-19
14860.00000	1.85181e-19	6.04855e-19
14861.60000	3.70139e-19	1.13587e-18
14863.30000	7.25530e-19	2.19222e-18
14864.90000	-1.44048e-18	1.99857e-18
14866.50000	-2.79269e-19	1.52095e-18
14868.10000	-1.65603e-18	9.07222e-19
14869.80000	7.30926e-20	4.63220e-19
14871.40000	-3.90523e-19	3.32840e-19
14873.00000	2.58928e-19	3.25103e-19
14874.70000	4.64010e-20	3.38681e-19
14876.30000	-7.85833e-20	4.50166e-19
14877.90000	-7.01798e-20	3.50294e-19
14879.50000	2.15741e-19	3.53672e-19
14881.20000	-1.29496e-19	4.48262e-19
14882.80000	-1.94519e-19	7.68121e-19
14884.40000	-1.73229e-18	1.57097e-18
14886.10000	-2.80985e-18	2.82507e-18
14887.70000	-2.41323e-18	3.08817e-18
14889.30000	-2.12862e-18	3.75669e-18
14891.00000	5.81767e-19	1.56915e-18
14892.60000	-9.80236e-19	6.67322e-19
14894.20000	-2.38542e-19	3.47407e-19
14895.80000	2.79297e-19	3.02328e-19
14897.50000	-1.11688e-20	3.20431e-19
14899.10000	2.10814e-19	2.88653e-19
14900.70000	4.24669e-20	2.75284e-19
14902.40000	9.06575e-19	3.00424e-19
14904.00000	-3.64014e-19	3.65836e-19
14905.60000	2.31757e-19	5.57486e-19
14907.20000	1.16318e-18	9.20017e-19
14908.90000	6.66089e-19	1.10257e-18
14910.50000	1.58319e-18	1.02415e-18
14912.10000	3.41018e-19	7.27437e-19
14913.80000	2.12114e-19	4.61043e-19
14915.40000	1.18839e-20	3.36794e-19
14917.00000	2.98092e-19	3.12907e-19
14918.60000	-4.08648e-19	3.02312e-19
14920.30000	-1.58014e-19	2.92121e-19
14921.90000	4.48563e-19	2.83407e-19
14923.50000	-2.39119e-19	3.27253e-19
14925.20000	6.42853e-19	3.21248e-19
14926.80000	5.46761e-19	4.03561e-19
14928.40000	4.04534e-19	7.37546e-19
14930.00000	-1.32760e-18	1.46091e-18
14931.70000	-1.01948e-19	1.72940e-18
14933.30000	1.17297e-19	1.50957e-18
14934.90000	7.30034e-21	1.03011e-18
14936.60000	3.48030e-19	5.78430e-19
14938.20000	-6.81254e-20	3.80883e-19
14939.80000	5.46816e-19	3.68460e-19
14941.40000	1.67536e-19	3.61033e-19
14943.10000	1.54691e-19	3.32593e-19
14944.70000	1.08619e-19	3.06903e-19
14946.30000	-1.71108e-20	2.92676e-19
14948.00000	1.77621e-19	2.83744e-19
14949.60000	-1.07021e-19	2.82988e-19
14951.20000	1.72251e-21	2.92095e-19
14952.90000	6.87469e-19	3.10634e-19
14954.50000	4.94384e-19	3.22976e-19
14956.10000	4.94815e-19	3.25557e-19
14957.70000	2.91304e-19	3.25042e-19
14959.40000	5.02582e-19	3.36973e-19
14961.00000	2.46249e-19	3.51022e-19
14962.60000	5.76724e-19	3.82294e-19
14964.30000	1.73280e-19	5.32932e-19
14965.90000	2.01273e-19	3.63754e-19
14967.50000	2.53023e-19	3.27166e-19
14969.10000	-1.14707e-19	3.04458e-19
14970.80000	4.04478e-19	2.90297e-19
14972.40000	2.82033e-19	2.87922e-19
14974.00000	2.32385e-19	2.91283e-19
14975.70000	-2.03069e-19	3.01601e-19
14977.30000	-1.86421e-19	3.05070e-19
14978.90000	-8.83073e-20	3.02849e-19
14980.50000	4.91901e-20	3.03408e-19
14982.20000	4.23931e-19	3.04240e-19
14983.80000	-3.90301e-19	3.05958e-19
14985.40000	-1.31926e-19	3.08788e-19
14987.10000	1.70913e-19	3.13534e-19
14988.70000	4.48836e-19	3.28980e-19
14990.30000	1.31321e-19	3.44373e-19
14991.90000	4.12108e-21	3.73057e-19
14993.60000	4.75940e-19	3.87598e-19
14995.20000	-2.98497e-19	3.78175e-19
14996.80000	-1.32989e-19	3.51324e-19
14998.50000	-1.49726e-20	3.34253e-19
15000.10000	2.92100e-19	3.27338e-19
15001.70000	-4.05629e-19	3.33936e-19
15003.30000	1.13261e-19	3.79898e-19
15005.00000	-2.59553e-19	4.83624e-19
15006.60000	5.85683e-20	5.39381e-19
15008.20000	4.21251e-20	5.07157e-19
15009.90000	-5.13344e-19	4.15701e-19
15011.50000	-1.57040e-19	3.54122e-19
15013.10000	-4.92676e-19	3.22533e-19
15014.80000	-1.66606e-19	3.15713e-19
15016.40000	1.27531e-19	3.09806e-19
15018.00000	-3.39188e-19	3.06624e-19
15019.60000	-8.67898e-19	3.08709e-19
15021.30000	-4.53383e-19	3.43690e-19
15022.90000	-2.03632e-19	4.53037e-19
15024.50000	-2.63872e-20	5.84038e-19
15026.20000	9.56664e-19	6.35084e-19
15027.80000	1.54145e-18	5.66012e-19
15029.40000	4.48675e-19	4.28951e-19
15031.00000	7.73384e-20	3.45765e-19
15032.70000	-1.42858e-19	3.13366e-19
15034.30000	-2.53378e-19	3.16817e-19
15035.90000	-4.17436e-19	3.29319e-19
15037.60000	3.68294e-19	3.34311e-19
15039.20000	8.42468e-20	3.31364e-19
15040.80000	4.54522e-19	3.60330e-19
15042.40000	1.06446e-19	3.77876e-19
15044.10000	-1.11032e-19	3.41783e-19
15045.70000	3.24160e-19	3.66230e-19
15047.30000	2.78888e-19	4.44505e-19
15049.00000	6.41973e-19	6.63074e-19
15050.60000	1.53734e-19	1.25368e-18
15052.20000	1.96848e-18	2.24140e-18
15053.80000	1.86813e-18	3.66662e-18
15055.50000	-4.46444e-18	4.11602e-18
15057.10000	-4.48871e-18	3.36338e-18
15058.70000	-3.63537e-18	1.95224e-18
15060.40000	-2.78367e-19	9.80295e-19
15062.00000	6.89092e-19	7.82109e-19
15063.60000	1.58441e-18	9.71041e-19
15065.20000	9.91889e-19	1.39745e-18
15066.90000	-9.21730e-19	1.86848e-18
15068.50000	7.09396e-19	2.34507e-18
15070.10000	8.30240e-19	2.16632e-18
15071.80000	1.15056e-18	1.38724e-18
15073.40000	4.77057e-19	7.02856e-19
15075.00000	7.06732e-19	4.51680e-19
15076.70000	2.54537e-19	3.81728e-19
15078.30000	1.82029e-20	4.21722e-19
15079.90000	2.98989e-19	5.03586e-19
15081.50000	-1.50098e-19	5.47148e-19
15083.20000	-4.41094e-19	6.08565e-19
15084.80000	-1.14412e-20	8.22706e-19
15086.40000	-8.92730e-19	1.22062e-18
15088.10000	-1.80995e-19	1.43750e-18
15089.70000	-1.18990e-18	1.27041e-18
15091.30000	-1.17948e-18	8.50833e-19
15092.90000	5.95879e-19	5.20612e-19
15094.60000	5.92553e-19	3.79300e-19
15096.20000	-6.13955e-20	3.58520e-19
15097.80000	2.91024e-19	3.73075e-19
15099.50000	-1.32361e-19	3.73760e-19
15101.10000	1.46494e-20	3.62430e-19
15102.70000	1.81751e-19	3.60674e-19
15104.30000	-6.54686e-20	4.04442e-19
15106.00000	4.30261e-19	4.55476e-19
15107.60000	3.85077e-19	4.79202e-19
15109.20000	2.25664e-19	5.03738e-19
15110.90000	7.07316e-19	5.86491e-19
15112.50000	1.41070e-18	6.68425e-19
15114.10000	5.43168e-19	6.99543e-19
15115.70000	4.24890e-19	6.72185e-19
15117.40000	6.78639e-19	5.02593e-19
15119.00000	4.56128e-19	3.69535e-19
15120.60000	2.66856e-19	3.10518e-19
15122.30000	2.09049e-19	2.95315e-19
15123.90000	5.57474e-19	3.00690e-19
15125.50000	1.63996e-19	3.04631e-19
15127.10000	1.47159e-19	3.11959e-19
15128.80000	2.41120e-19	3.30696e-19
15130.40000	-7.35476e-20	3.80247e-19
15132.00000	2.13048e-20	3.69903e-19
15133.70000	1.31318e-19	3.97249e-19
15135.30000	-7.56049e-19	3.90928e-19
15136.90000	1.77995e-19	3.82674e-19
15138.60000	2.78257e-19	4.02508e-19
15140.20000	1.77174e-19	3.78519e-19
15141.80000	2.30257e-19	4.94288e-19
15143.40000	-3.23685e-19	4.62031e-19
15145.10000	-5.12244e-19	3.87475e-19
15146.70000	-3.97976e-19	4.03351e-19
15148.30000	7.64053e-20	4.43037e-19
15150.00000	-2.15864e-19	4.51022e-19
15151.60000	4.75751e-19	4.46072e-19
15153.20000	-3.42313e-19	3.89330e-19
15154.80000	4.53817e-19	3.32482e-19
15156.50000	5.51547e-20	2.98537e-19
15158.10000	-1.01133e-19	2.96702e-19
15159.70000	-1.99163e-20	3.15770e-19
15161.40000	1.10027e-19	2.85307e-19
15163.00000	2.34335e-20	2.87209e-19
15164.60000	4.79197e-19	3.39529e-19
15166.20000	-6.65915e-19	2.95653e-19
15167.90000	-2.79806e-19	2.99093e-19
15169.50000	-3.62498e-19	3.01446e-19
15171.10000	1.02180e-20	2.93759e-19
15172.80000	1.81713e-19	2.92103e-19
15174.40000	6.52274e-19	2.90572e-19
15176.00000	5.18951e-20	3.04255e-19
15177.60000	-3.12713e-19	3.14205e-19
15179.30000	-3.36770e-19	3.61997e-19
15180.90000	6.83084e-19	3.71581e-19
15182.50000	1.55866e-18	5.11453e-19
15184.20000	2.86909e-18	9.92132e-19
15185.80000	1.82293e-18	1.75592e-18
15187.40000	7.40868e-19	1.89731e-18
15189.00000	-1.30523e-18	1.46117e-18
15190.70000	5.67571e-19	7.99325e-19
15192.30000	-9.00175e-19	3.87351e-19
15193.90000	4.22225e-19	2.88276e-19
15195.60000	6.47786e-19	3.16438e-19
15197.20000	9.06343e-19	3.94759e-19
15198.80000	8.44971e-19	2.81538e-19
15200.50000	1.30640e-19	2.51902e-19
15202.10000	-3.12206e-20	2.52134e-19
15203.70000	3.64294e-19	2.52739e-19
15205.30000	6.12663e-20	2.65226e-19
15207.00000	-1.87622e-19	3.00245e-19
15208.60000	-1.04115e-19	2.62974e-19
15210.20000	1.88333e-19	2.61691e-19
15211.90000	-5.04772e-19	2.58398e-19
15213.50000	-4.91625e-19	2.57029e-19
15215.10000	2.19982e-20	2.57320e-19
15216.70000	2.63535e-19	2.53608e-19
15218.40000	3.74637e-19	2.55490e-19
15220.00000	4.15659e-19	2.59637e-19
15221.60000	1.28480e-19	2.64865e-19
15223.30000	3.61149e-19	2.93035e-19
15224.90000	1.90449e-19	2.64015e-19
15226.50000	4.77983e-21	2.59804e-19
15228.10000	-2.34056e-19	2.65960e-19
15229.80000	7.44422e-19	2.83609e-19
15231.40000	-3.47581e-21	2.85074e-19
15233.00000	-1.90723e-19	3.08606e-19
15234.70000	-2.02532e-19	3.83058e-19
15236.30000	1.87986e-19	6.79999e-19
15237.90000	-1.88313e-18	1.64518e-18
15239.50000	4.14304e-18	3.02258e-18
15241.20000	6.19891e-18	3.38632e-18
15242.80000	2.47110e-18	2.64754e-18
15244.40000	-2.29331e-19	1.36742e-18
15246.10000	-3.09003e-19	5.19440e-19
15247.70000	-2.52295e-19	3.17923e-19
15249.30000	6.63933e-20	2.69639e-19
15251.00000	1.54892e-19	2.55302e-19
15252.60000	3.54515e-19	2.44334e-19
15254.20000	2.43015e-19	2.42838e-19
15255.80000	-8.28403e-21	2.41039e-19
15257.50000	-3.85933e-20	2.42276e-19
15259.10000	-1.02674e-21	2.34257e-19
15260.70000	-2.08050e-19	2.38265e-19
15262.40000	3.15393e-19	2.54693e-19
15264.00000	-2.28805e-19	2.90190e-19
15265.60000	-3.58946e-19	3.26182e-19
15267.20000	-1.53605e-19	3.47051e-19
15268.90000	3.37620e-19	3.58812e-19
15270.50000	-5.62900e-19	3.46393e-19
15272.10000	-6.84178e-21	3.10316e-19
15273.80000	-1.15629e-19	2.69207e-19
15275.40000	-1.00141e-20	2.47694e-19
15277.00000	2.05176e-20	2.42681e-19
15278.60000	2.45576e-19	2.55799e-19
15280.30000	-1.89373e-20	2.90144e-19
15281.90000	1.56102e-19	3.76928e-19
15283.50000	-8.42847e-19	6.03328e-19
15285.20000	-2.35469e-20	1.32411e-18
15286.80000	-1.42928e-18	2.04509e-18
15288.40000	2.54701e-18	2.05351e-18
15290.00000	-3.22971e-18	1.43313e-18
15291.70000	3.71213e-19	7.12375e-19
15293.30000	-1.14001e-19	3.52370e-19
15294.90000	7.49886e-19	2.74014e-19
15296.60000	1.94002e-19	2.54914e-19
15298.20000	-2.87194e-19	2.45312e-19
15299.80000	1.46264e-19	2.54517e-19
15301.40000	-1.00255e-19	2.67754e-19
15303.10000	-8.59860e-20	2.49731e-19
15304.70000	1.70370e-19	2.75279e-19
15306.30000	2.26005e-19	3.05255e-19
15308.00000	-3.04294e-19	3.66524e-19
15309.60000	2.65882e-19	4.43646e-19
15311.20000	-1.58505e-20	4.10572e-19
15312.90000	-2.38840e-19	3.95961e-19
15314.50000	-3.45669e-19	3.48367e-19
15316.10000	-2.53563e-19	2.77399e-19
15317.70000	1.70418e-19	2.49558e-19
15319.40000	4.55193e-20	2.46366e-19
15321.00000	-5.47532e-19	2.49136e-19
15322.60000	3.17489e-19	2.57125e-19
15324.30000	8.47130e-20	2.80661e-19
15325.90000	2.55393e-19	3.48660e-19
15327.50000	2.13292e-20	6.08883e-19
15329.10000	1.33003e-18	1.46687e-18
15330.80000	1.47269e-18	2.97885e-18
15332.40000	-2.75832e-18	3.47131e-18
15334.00000	-4.50956e-19	2.88062e-18
15335.70000	3.34836e-18	1.52507e-18
15337.30000	-1.10948e-18	5.62878e-19
15338.90000	3.15200e-19	3.18709e-19
15340.50000	4.85249e-19	2.77564e-19
15342.20000	1.58568e-19	2.59189e-19
15343.80000	2.37135e-19	2.61833e-19
15345.40000	2.52298e-20	3.20367e-19
15347.10000	-1.25185e-18	4.86523e-19
15348.70000	-3.24706e-19	5.62430e-19
15350.30000	1.93096e-19	5.06943e-19
15351.90000	2.76097e-19	3.53246e-19
15353.60000	-5.04267e-20	2.73144e-19
15355.20000	-6.40890e-20	3.47091e-19
15356.80000	-4.41108e-20	2.67468e-19
15358.50000	3.00488e-19	2.48471e-19
15360.10000	4.24217e-19	2.32516e-19
15361.70000	-6.21064e-20	2.25199e-19
15363.30000	-4.09547e-20	2.65591e-19
15365.00000	-2.36947e-19	2.25951e-19
15366.60000	4.75835e-22	2.22544e-19
15368.20000	5.20858e-19	2.28278e-19
15369.90000	-2.99578e-19	2.54641e-19
15371.50000	5.71714e-20	3.23240e-19
15373.10000	3.24693e-19	4.03241e-19
15374.80000	-1.38886e-19	4.90532e-19
15376.40000	3.39159e-20	5.77098e-19
15378.00000	3.61705e-19	4.91334e-19
15379.60000	7.35244e-20	4.14160e-19
15381.30000	5.88493e-19	3.14742e-19
15382.90000	3.57118e-19	2.62845e-19
15384.50000	2.53027e-19	2.91011e-19
15386.20000	4.64699e-19	3.92708e-19
15387.80000	-5.35995e-20	4.64212e-19
15389.40000	1.85105e-19	4.62499e-19
15391.00000	-2.12351e-19	5.74874e-19
15392.70000	1.30292e-19	1.15284e-18
15394.30000	-1.16376e-18	1.82115e-18
15395.90000	-2.33319e-18	1.85040e-18
15397.60000	-1.30266e-18	1.29001e-18
15399.20000	-4.30794e-19	5.89614e-19
15400.80000	-1.41982e-19	2.96969e-19
15402.40000	1.47913e-19	2.90684e-19
15404.10000	1.05074e-19	3.53502e-19
15405.70000	-6.39254e-20	3.97982e-19
15407.30000	1.41400e-19	3.91014e-19
15409.00000	1.69708e-19	3.69565e-19
15410.60000	2.51035e-19	3.60301e-19
15412.20000	-2.16656e-19	3.51135e-19
15413.80000	4.27108e-19	3.02487e-19
15415.50000	6.21862e-19	2.54268e-19
15417.10000	6.07844e-19	2.39656e-19
15418.70000	5.09303e-20	2.45653e-19
15420.40000	2.34559e-19	2.58688e-19
15422.00000	-1.90266e-19	2.91744e-19
15423.60000	3.84550e-19	3.13416e-19
15425.20000	8.67017e-20	3.57797e-19
15426.90000	4.04875e-19	5.05268e-19
15428.50000	-3.16762e-19	1.07037e-18
15430.10000	-7.43071e-19	2.19452e-18
15431.80000	5.34448e-18	2.84334e-18
15433.40000	2.33819e-18	2.58794e-18
15435.00000	9.15315e-19	1.53663e-18
15436.70000	9.42464e-19	7.70426e-19
15438.30000	1.04184e-19	5.11176e-19
15439.90000	-1.39464e-21	4.27338e-19
15441.50000	7.71134e-20	3.10143e-19
15443.20000	2.55832e-19	2.49403e-19
15444.80000	2.56710e-19	2.30307e-19
15446.40000	4.99723e-19	2.42038e-19
15448.10000	3.09778e-19	2.74851e-19
15449.70000	2.88354e-19	2.14727e-19
15451.30000	1.82369e-19	2.16746e-19
15452.90000	1.79178e-20	2.17291e-19
15454.60000	-4.40580e-20	2.22892e-19
15456.20000	-4.34597e-20	2.27898e-19
15457.80000	2.34536e-19	2.59646e-19
15459.50000	-2.40992e-19	4.05098e-19
15461.10000	-8.49613e-20	6.17763e-19
15462.70000	-1.38671e-20	7.33047e-19
15464.30000	-4.29869e-19	5.23228e-19
15466.00000	-1.39337e-19	3.34533e-19
15467.60000	-1.53766e-19	3.00863e-19
15469.20000	3.72489e-19	2.98012e-19
15470.90000	2.75228e-19	3.14385e-19
15472.50000	-4.65541e-19	4.39594e-19
15474.10000	-1.51438e-19	5.22168e-19
15475.70000	-1.69270e-19	4.70159e-19
15477.40000	4.63493e-20	3.25738e-19
15479.00000	-8.46886e-20	2.40464e-19
15480.60000	1.93844e-19	2.17027e-19
15482.30000	7.08313e-20	2.07960e-19
15483.90000	6.68926e-20	2.22222e-19
15485.50000	4.53744e-19	3.14577e-19
15487.10000	1.89150e-20	4.63610e-19
15488.80000	7.71118e-20	5.06614e-19
15490.40000	2.23957e-19	4.17012e-19
15492.00000	5.36518e-19	2.84962e-19
15493.70000	-1.83726e-19	2.31154e-19
15495.30000	-3.47069e-20	2.41351e-19
15496.90000	1.57800e-21	3.43260e-19
15498.60000	-3.56912e-19	6.95156e-19
15500.20000	1.29274e-18	1.02980e-18
15501.80000	-1.47234e-19	1.02126e-18
15503.40000	-4.94625e-19	6.31650e-19
15505.10000	-2.09355e-19	4.41203e-19
15506.70000	1.54289e-18	6.67252e-19
15508.30000	2.62164e-18	1.23268e-18
15510.00000	-3.57949e-19	1.39637e-18
15511.60000	-8.07382e-19	1.10342e-18
15513.20000	5.98041e-19	6.09922e-19
15514.80000	1.29953e-19	5.27044e-19
15516.50000	4.81957e-19	7.34907e-19
15518.10000	-1.99073e-19	7.92344e-19
15519.70000	-1.18698e-18	6.16635e-19
15521.40000	-1.26935e-19	3.42734e-19
15523.00000	9.81369e-20	2.27331e-19
15524.60000	-8.61194e-20	2.12016e-19
15526.20000	2.67295e-19	2.49381e-19
15527.90000	-2.76530e-19	2.56558e-19
15529.50000	9.40799e-20	2.17482e-19
15531.10000	-4.43677e-19	2.22790e-19
15532.80000	9.58463e-20	2.36947e-19
15534.40000	3.03806e-20	2.83769e-19
15536.00000	-8.89349e-19	4.94705e-19
15537.60000	-2.78623e-18	1.16551e-18
15539.30000	-2.07262e-18	1.84390e-18
15540.90000	-1.48788e-18	1.95573e-18
15542.50000	4.00203e-19	1.64111e-18
15544.20000	-1.99780e-18	1.82981e-18
15545.80000	-2.19036e-18	1.87614e-18
15547.40000	-7.64663e-19	1.41615e-18
15549.10000	5.03569e-19	7.76063e-19
15550.70000	-8.61783e-20	3.49382e-19
15552.30000	-5.23027e-19	2.39811e-19
15553.90000	-6.61363e-20	2.24376e-19
15555.60000	1.98052e-19	2.13517e-19
15557.20000	2.94471e-19	2.15117e-19
15558.80000	-1.64219e-19	2.44203e-19
15560.50000	-1.30274e-19	2.84999e-19
15562.10000	-8.86168e-20	3.05383e-19
15563.70000	5.59153e-19	3.03934e-19
15565.30000	1.52501e-20	3.94851e-19
15567.00000	3.99048e-19	6.03576e-19
15568.60000	1.92796e-18	1.04872e-18
15570.20000	1.35310e-18	1.33043e-18
15571.90000	7.83662e-19	1.00691e-18
15573.50000	4.42314e-19	4.97984e-19
15575.10000	5.03622e-19	3.08246e-19
15576.70000	3.21839e-20	2.60643e-19
15578.40000	2.07861e-19	2.80129e-19
15580.00000	1.85391e-19	3.73756e-19
15581.60000	4.27252e-19	3.27180e-19
15583.30000	-1.53423e-20	2.77759e-19
15584.90000	-4.79583e-19	2.33606e-19
15586.50000	-1.74811e-19	2.18557e-19
15588.10000	-5.52114e-20	2.20715e-19
15589.80000	-9.27043e-20	2.29131e-19
15591.40000	-2.94198e-19	2.74915e-19
15593.00000	3.68010e-19	4.94926e-19
15594.70000	1.27354e-18	1.17370e-18
15596.30000	-1.66514e-19	1.92485e-18
15597.90000	3.95347e-18	2.11459e-18
15599.50000	3.46211e-18	1.59215e-18
15601.20000	1.22334e-18	6.93561e-19
15602.80000	-1.70971e-19	3.03911e-19
15604.40000	1.86075e-19	2.30270e-19
15606.10000	1.58516e-19	2.14608e-19
15607.70000	-2.96471e-19	2.13628e-19
15609.30000	2.21266e-19	2.34092e-19
15611.00000	-2.29143e-20	3.06266e-19
15612.60000	-5.76090e-19	3.83961e-19
15614.20000	3.00798e-19	3.72995e-19
15615.80000	4.05661e-19	2.95284e-19
15617.50000	-3.78311e-20	2.38667e-19
15619.10000	-3.47006e-19	2.40624e-19
15620.70000	3.78980e-19	2.55435e-19
15622.40000	4.96595e-20	2.34475e-19
15624.00000	2.07725e-19	2.19962e-19
15625.60000	3.52038e-19	2.43908e-19
15627.20000	5.40624e-19	3.98439e-19
15628.90000	7.58771e-19	9.51567e-19
15630.50000	2.93266e-19	1.64541e-18
15632.10000	-4.34709e-19	1.63857e-18
15633.80000	-6.58899e-19	1.26478e-18
15635.40000	7.07757e-19	4.56223e-19
15637.00000	8.70190e-20	2.53535e-19
15638.60000	4.98119e-19	2.63950e-19
15640.30000	-4.93063e-19	3.02387e-19
15641.90000	8.57052e-20	2.78812e-19
15643.50000	1.63443e-19	2.37014e-19
15645.20000	4.67455e-20	2.14752e-19
15646.80000	3.69502e-20	2.22030e-19
15648.40000	1.69909e-19	2.51204e-19
15650.00000	2.13604e-19	3.80113e-19
15651.70000	5.18145e-19	9.04311e-19
15653.30000	7.35743e-19	2.25047e-18
15654.90000	2.04845e-18	3.00482e-18
15656.60000	4.23760e-19	2.64903e-18
15658.20000	-3.51147e-18	1.78749e-18
15659.80000	-1.05913e-18	7.90178e-19
15661.40000	5.39348e-19	3.56048e-19
15663.10000	-1.32997e-19	2.34379e-19
15664.70000	8.61455e-20	2.13593e-19
15666.30000	-2.04007e-19	2.04687e-19
15668.00000	-3.15582e-19	1.99473e-19
15669.60000	-1.33568e-19	1.99687e-19
15671.20000	1.00776e-19	1.98891e-19
15672.90000	-2.24284e-19	2.01331e-19
15674.50000	2.58427e-20	2.07329e-19
15676.10000	-2.30488e-20	2.06905e-19
15677.70000	3.30510e-21	2.04949e-19
15679.40000	1.08702e-20	2.04895e-19
15681.00000	6.91319e-21	2.11152e-19
15682.60000	-1.67701e-19	2.33752e-19
15684.30000	-4.06194e-19	2.41201e-19
15685.90000	2.68560e-19	2.99314e-19
15687.50000	-1.77312e-19	3.12265e-19
15689.10000	2.33766e-19	3.12372e-19
15690.80000	5.86469e-19	2.66829e-19
15692.40000	7.46104e-20	2.34062e-19
15694.00000	5.54999e-20	2.22143e-19
15695.70000	7.26970e-19	2.56662e-19
15697.30000	2.02635e-19	3.30224e-19
15698.90000	-7.51459e-21	5.21352e-19
15700.50000	2.12978e-19	1.09173e-18
15702.20000	9.63455e-19	1.37550e-18
15703.80000	4.19066e-19	1.23653e-18
15705.40000	4.07713e-19	6.58499e-19
15707.10000	-4.01829e-19	3.04192e-19
15708.70000	1.50297e-19	2.33123e-19
15710.30000	4.17605e-19	2.47346e-19
15711.90000	-1.65319e-20	2.48505e-19
15713.60000	8.73350e-20	2.23212e-19
15715.20000	6.02726e-20	2.05406e-19
15716.80000	3.20964e-19	2.18432e-19
15718.50000	1.83832e-19	2.39195e-19
15720.10000	6.06519e-20	2.63881e-19
15721.70000	2.12426e-21	2.88615e-19
15723.30000	-6.46914e-20	3.42604e-19
15725.00000	2.01652e-19	3.54172e-19
15726.60000	-6.29684e-20	3.07170e-19
15728.20000	7.70978e-20	2.45106e-19
15729.90000	-3.87406e-19	2.51675e-19
15731.50000	1.72544e-19	3.43061e-19
15733.10000	2.51089e-20	4.36111e-19
15734.80000	-9.54389e-20	2.75697e-19
15736.40000	2.76024e-19	2.83216e-19
15738.00000	2.57784e-19	2.95722e-19
15739.60000	3.49977e-19	2.81763e-19
15741.30000	3.64651e-19	2.36344e-19
15742.90000	3.42863e-19	2.09402e-19
15744.50000	-8.95075e-20	2.33385e-19
15746.20000	-5.18422e-20	2.58959e-19
15747.80000	-2.09866e-19	2.56126e-19
15749.40000	-2.62497e-21	2.53142e-19
15751.00000	-1.06490e-20	2.69359e-19
15752.70000	3.13588e-19	2.66191e-19
15754.30000	-2.63522e-20	2.35681e-19
15755.90000	-6.06310e-20	2.33075e-19
15757.60000	1.47211e-19	3.68627e-19
15759.20000	5.83426e-19	5.63672e-19
15760.80000	-1.73387e-19	5.92718e-19
15762.40000	6.88221e-19	4.75239e-19
15764.10000	7.90704e-19	3.52311e-19
15765.70000	-2.61152e-19	3.26113e-19
15767.30000	7.70395e-20	2.99965e-19
15769.00000	2.75989e-19	2.48544e-19
15770.60000	-2.16054e-19	2.13556e-19
15772.20000	1.00922e-19	2.18393e-19
15773.80000	-5.80815e-20	2.46384e-19
15775.50000	1.89487e-20	2.54892e-19
15777.10000	6.63759e-20	2.91145e-19
15778.70000	-2.15590e-19	4.50474e-19
15780.40000	3.77198e-19	6.57892e-19
15782.00000	9.52247e-19	7.30158e-19
15783.60000	1.04077e-18	6.22507e-19
15785.20000	5.98917e-19	4.07082e-19
15786.90000	1.68696e-19	2.57953e-19
15788.50000	-9.02408e-20	2.20173e-19
15790.10000	4.34654e-19	2.24397e-19
15791.80000	-8.02836e-21	2.55509e-19
15793.40000	-4.93738e-19	2.73235e-19
15795.00000	-1.53784e-19	2.57510e-19
15796.70000	4.56637e-19	2.25864e-19
15798.30000	2.34735e-19	2.25906e-19
15799.90000	-1.70411e-19	2.70073e-19
15801.50000	3.37433e-19	3.80104e-19
15803.20000	7.16674e-19	4.57489e-19
15804.80000	-4.75152e-20	4.79820e-19
15806.40000	-3.75841e-19	5.27115e-19
15808.10000	6.35834e-19	5.77232e-19
15809.70000	2.28814e-19	5.43294e-19
15811.30000	-2.27494e-19	3.77733e-19
15812.90000	-1.62197e-19	2.63292e-19
15814.60000	-4.01829e-19	2.19656e-19
15816.20000	-1.11048e-19	2.11689e-19
15817.80000	-1.79907e-20	2.07476e-19
15819.50000	1.08842e-19	2.14923e-19
15821.10000	-4.48817e-21	2.26518e-19
15822.70000	-8.50047e-20	2.46737e-19
15824.30000	2.94988e-19	2.69830e-19
15826.00000	2.23302e-19	3.59630e-19
15827.60000	2.25287e-19	7.48492e-19
15829.20000	1.00317e-18	1.68804e-18
15830.90000	8.47584e-19	3.33289e-18
15832.50000	1.71229e-18	4.10804e-18
15834.10000	-2.52399e-18	4.19723e-18
15835.70000	4.75905e-19	2.29072e-18
15837.40000	1.64002e-18	8.49263e-19
15839.00000	2.86618e-19	5.06317e-19
15840.60000	2.97771e-19	6.43538e-19
15842.30000	1.49941e-19	7.72160e-19
15843.90000	2.86707e-19	9.22066e-19
15845.50000	-1.50777e-18	1.46980e-18
15847.20000	-1.09190e-18	2.19771e-18
15848.80000	2.39961e-18	2.19583e-18
15850.40000	8.81789e-19	1.41239e-18
15852.00000	-4.57113e-19	5.63592e-19
15853.70000	-5.12100e-19	3.27030e-19
15855.30000	2.52380e-19	2.80683e-19
15856.90000	-4.38059e-20	2.67570e-19
15858.60000	-1.74905e-19	2.88941e-19
15860.20000	2.62009e-19	3.77568e-19
15861.80000	7.98792e-19	4.67754e-19
15863.40000	3.87619e-19	4.73991e-19
15865.10000	7.59900e-19	5.33834e-19
15866.70000	1.42813e-18	8.62178e-19
15868.30000	1.26605e-18	1.21259e-18
15870.00000	2.30562e-18	1.24526e-18
15871.60000	2.03364e-19	9.24591e-19
15873.20000	5.77457e-19	5.48050e-19
15874.80000	1.01255e-19	3.93579e-19
15876.50000	-1.22844e-19	3.30541e-19
15878.10000	5.82229e-19	2.55530e-19
15879.70000	2.25148e-19	2.24633e-19
15881.40000	3.15205e-19	2.39021e-19
15883.00000	2.60059e-20	2.43559e-19
15884.60000	5.59639e-21	2.37671e-19
15886.20000	-1.07418e-19	2.56128e-19
15887.90000	-8.79767e-20	3.24193e-19
15889.50000	-6.53791e-21	3.90744e-19
15891.10000	4.89743e-19	3.80322e-19
15892.80000	-1.44174e-19	4.03128e-19
15894.40000	-2.61038e-19	5.54062e-19
15896.00000	9.85346e-19	6.93780e-19
15897.60000	4.81214e-19	7.33203e-19
15899.30000	3.70552e-19	6.30951e-19
15900.90000	4.71587e-20	4.53380e-19
15902.50000	-3.71077e-19	2.98721e-19
15904.20000	7.10185e-20	2.30515e-19
15905.80000	3.59593e-21	1.93575e-19
15907.40000	2.74734e-19	1.84893e-19
15909.10000	4.24931e-19	1.97160e-19
15910.70000	2.50901e-19	2.26086e-19
15912.30000	2.43653e-19	2.92872e-19
15913.90000	-1.10388e-19	4.33700e-19
15915.60000	2.69478e-19	5.89432e-19
15917.20000	5.20632e-19	3.98095e-19
15918.80000	4.33580e-20	3.10528e-19
15920.50000	-2.06706e-20	2.23055e-19
15922.10000	2.99074e-19	2.09011e-19
15923.70000	3.53376e-19	2.42148e-19
15925.30000	1.42030e-19	2.59068e-19
15927.00000	-1.79578e-20	2.84612e-19
15928.60000	8.74266e-20	3.11049e-19
15930.20000	-1.01267e-20	3.11046e-19
15931.90000	2.91238e-19	2.96787e-19
15933.50000	3.71030e-19	3.03584e-19
15935.10000	2.65043e-19	3.07146e-19
15936.70000	1.31491e-19	2.61577e-19
15938.40000	-4.18718e-20	2.07068e-19
15940.00000	2.38214e-19	1.92507e-19
15941.60000	1.32901e-19	1.95504e-19
15943.30000	-4.86029e-20	1.98410e-19
15944.90000	-3.18257e-19	2.02263e-19
15946.50000	-2.15797e-19	2.01048e-19
15948.10000	1.99127e-20	1.96109e-19
15949.80000	1.11851e-19	1.86336e-19
15951.40000	2.08475e-19	1.88652e-19
15953.00000	1.05843e-19	1.96189e-19
15954.70000	1.24392e-19	1.99116e-19
15956.30000	1.59259e-19	1.94730e-19
15957.90000	9.54870e-20	1.86845e-19
15959.50000	7.15290e-20	1.89048e-19
15961.20000	1.90215e-19	1.89353e-19
15962.80000	3.11498e-19	1.88684e-19
15964.40000	2.53119e-19	1.95668e-19
15966.10000	2.58208e-19	2.12446e-19
15967.70000	4.61919e-19	2.78472e-19
15969.30000	-4.01340e-19	5.66516e-19
15971.00000	-8.35354e-19	1.43561e-18
15972.60000	2.85319e-19	1.77603e-18
15974.20000	-3.26157e-19	1.60164e-18
15975.80000	-1.85921e-19	6.53281e-19
15977.50000	8.39036e-20	3.24290e-19
15979.10000	1.05870e-19	2.56292e-19
15980.70000	-1.31801e-19	2.09860e-19
15982.40000	-2.13270e-19	2.24182e-19
15984.00000	1.88024e-19	2.53085e-19
15985.60000	2.05840e-19	2.20222e-19
15987.20000	1.53100e-19	1.88818e-19
15988.90000	3.97602e-19	1.86658e-19
15990.50000	2.99308e-19	1.86102e-19
15992.10000	1.25488e-20	1.84189e-19
15993.80000	3.51531e-21	1.85724e-19
15995.40000	1.36588e-19	1.86266e-19
15997.00000	3.34992e-19	1.87334e-19
15998.60000	6.26456e-20	1.89603e-19
16000.30000	2.23343e-19	1.90839e-19
16001.90000	2.06578e-19	2.04543e-19
16003.50000	-9.53494e-20	2.06104e-19
16005.20000	4.71743e-20	1.97238e-19
16006.80000	1.72293e-20	1.95679e-19
16008.40000	1.13234e-21	1.93426e-19
16010.00000	-1.77753e-20	2.00802e-19
16011.70000	-2.28047e-20	2.14318e-19
16013.30000	2.96894e-19	2.34032e-19
16014.90000	2.72400e-20	2.31284e-19
16016.60000	1.12163e-19	2.23936e-19
16018.20000	-1.12069e-19	2.17628e-19
16019.80000	1.92809e-19	2.38531e-19
16021.40000	2.38300e-19	2.27270e-19
16023.10000	-5.63149e-20	2.39922e-19
16024.70000	-3.04470e-19	2.78903e-19
16026.30000	3.00685e-20	4.72581e-19
16028.00000	-2.36392e-18	1.36548e-18
16029.60000	-8.89953e-19	3.09287e-18
16031.20000	-1.57492e-18	3.39758e-18
16032.90000	1.03844e-18	2.40956e-18
16034.50000	1.50881e-19	8.46338e-19
16036.10000	-3.84418e-19	3.45117e-19
16037.70000	1.45727e-19	2.75601e-19
16039.40000	5.78338e-21	2.99183e-19
16041.00000	-2.01168e-19	3.50226e-19
16042.60000	4.01474e-19	3.67256e-19
16044.30000	-1.33907e-19	3.20672e-19
16045.90000	2.05601e-19	2.43395e-19
16047.50000	6.71975e-20	2.04744e-19
16049.10000	9.70835e-20	2.05658e-19
16050.80000	4.02585e-19	2.01141e-19
16052.40000	1.72255e-19	2.06428e-19
16054.00000	2.12364e-19	2.30841e-19
16055.70000	1.87244e-19	2.88891e-19
16057.30000	-3.04851e-19	3.31938e-19
16058.90000	2.05324e-20	3.41777e-19
16060.50000	-9.90665e-20	3.03110e-19
16062.20000	8.29223e-20	2.61845e-19
16063.80000	-1.71848e-19	2.32741e-19
16065.40000	-8.53209e-20	2.46757e-19
16067.10000	-1.37435e-19	2.59965e-19
16068.70000	1.95852e-19	2.54588e-19
16070.30000	6.41398e-19	2.55802e-19
16071.90000	1.56128e-19	2.94183e-19
16073.60000	1.66631e-19	3.24259e-19
16075.20000	-5.17174e-19	4.01616e-19
16076.80000	9.09331e-19	9.17976e-19
16078.50000	1.56819e-18	1.90724e-18
16080.10000	1.09688e-18	2.09351e-18
16081.70000	-7.40315e-19	1.52373e-18
16083.30000	-9.67094e-19	5.49674e-19
16085.00000	1.32077e-19	2.70784e-19
16086.60000	1.19659e-19	2.63871e-19
16088.20000	2.58089e-19	2.37249e-19
16089.90000	-2.57748e-19	2.22059e-19
16091.50000	-1.86521e-19	2.32729e-19
16093.10000	-2.60899e-20	2.40765e-19
16094.80000	3.69164e-19	2.58562e-19
16096.40000	1.70311e-19	2.84632e-19
16098.00000	2.73725e-19	2.83874e-19
16099.60000	-5.88357e-20	2.49416e-19
16101.30000	3.48196e-19	2.18775e-19
16102.90000	1.55727e-19	2.17741e-19
16104.50000	-4.10066e-19	2.12840e-19
16106.20000	1.56679e-20	2.02335e-19
16107.80000	1.65959e-19	2.02637e-19
16109.40000	2.93973e-19	2.13816e-19
16111.00000	5.28639e-19	2.31461e-19
16112.70000	1.80901e-19	2.02801e-19
16114.30000	8.88139e-20	2.13706e-19
16115.90000	8.99143e-20	2.78520e-19
16117.60000	-5.24284e-20	3.76220e-19
16119.20000	-5.05942e-20	3.99657e-19
16120.80000	-3.29940e-19	3.61417e-19
16122.40000	-3.07343e-19	3.19688e-19
16124.10000	6.22391e-19	4.75427e-19
16125.70000	1.83817e-18	1.44373e-18
16127.30000	2.96656e-18	3.08311e-18
16129.00000	2.57860e-18	3.38699e-18
16130.60000	-4.09895e-18	2.65733e-18
16132.20000	-2.20044e-18	8.53753e-19
16133.80000	1.35071e-19	3.52799e-19
16135.50000	3.29496e-19	2.83481e-19
16137.10000	-4.09877e-19	3.56275e-19
16138.70000	2.58466e-19	2.58965e-19
16140.40000	-1.34732e-19	2.14400e-19
16142.00000	2.39281e-19	2.12831e-19
16143.60000	-1.63974e-19	2.08320e-19
16145.20000	-1.13853e-19	2.04028e-19
16146.90000	4.37776e-20	1.99573e-19
16148.50000	2.56864e-19	2.06101e-19
16150.10000	2.11030e-19	2.06609e-19
16151.80000	-3.77814e-20	2.14891e-19
16153.40000	-3.20535e-19	2.16345e-19
16155.00000	1.09102e-19	2.21923e-19
16156.70000	1.58820e-19	3.01644e-19
16158.30000	4.82795e-19	4.64528e-19
16159.90000	4.18191e-19	5.00580e-19
16161.50000	3.26854e-19	3.90564e-19
16163.20000	5.30718e-19	2.40193e-19
16164.80000	3.69656e-19	2.05461e-19
16166.40000	-1.47251e-19	2.20630e-19
16168.10000	-3.15560e-19	2.27896e-19
16169.70000	1.53030e-19	2.40425e-19
16171.30000	4.84344e-19	2.61251e-19
16172.90000	2.95151e-19	2.62168e-19
16174.60000	-2.75142e-19	2.35600e-19
16176.20000	-2.02569e-19	2.45760e-19
16177.80000	-2.51438e-19	2.14990e-19
16179.50000	-2.95602e-20	2.10069e-19
16181.10000	1.05027e-19	2.04615e-19
16182.70000	-2.24273e-19	2.07060e-19
16184.30000	1.78531e-19	2.03442e-19
16186.00000	-3.74034e-20	2.15917e-19
16187.60000	-3.14162e-19	2.41381e-19
16189.20000	1.31291e-19	2.72936e-19
16190.90000	-7.79982e-19	4.50732e-19
16192.50000	-1.27054e-18	1.24101e-18
16194.10000	-5.96077e-19	1.81976e-18
16195.70000	-9.13192e-19	1.69628e-18
16197.40000	-3.59645e-19	8.50811e-19
16199.00000	-4.94110e-20	3.36488e-19
16200.60000	-1.70913e-19	2.32861e-19
16202.30000	-5.03629e-20	2.15591e-19
16203.90000	1.68896e-19	2.12883e-19
16205.50000	-1.45224e-19	2.32132e-19
16207.20000	-1.78272e-19	2.90011e-19
16208.80000	2.86146e-19	3.35419e-19
16210.40000	-1.44526e-19	3.47059e-19
16212.00000	2.17419e-19	3.01739e-19
16213.70000	2.23344e-19	2.47623e-19
16215.30000	2.77157e-19	2.11170e-19
16216.90000	5.96580e-21	2.13281e-19
16218.60000	-3.16238e-19	2.79530e-19
16220.20000	-2.58058e-19	3.90496e-19
16221.80000	-1.69824e-19	4.42134e-19
16223.40000	-3.92109e-19	4.50916e-19
16225.10000	1.01255e-19	3.54793e-19
16226.70000	5.20434e-19	3.56613e-19
16228.30000	1.41204e-19	4.35152e-19
16230.00000	-2.34404e-20	5.00995e-19
16231.60000	-7.34538e-20	7.76489e-19
16233.20000	-4.57863e-18	2.42909e-18
16234.80000	-9.39646e-19	2.75459e-18
16236.50000	8.25357e-20	2.54383e-18
16238.10000	2.54026e-18	1.33080e-18
16239.70000	-8.85139e-19	4.89039e-19
16241.40000	-1.15988e-19	3.05504e-19
16243.00000	1.76966e-20	3.11016e-19
16244.60000	-1.03888e-19	4.13376e-19
16246.20000	-3.42757e-19	4.34776e-19
16247.90000	3.22511e-20	3.54885e-19
16249.50000	2.15176e-19	2.72046e-19
16251.10000	1.42138e-19	3.12973e-19
16252.80000	-9.61512e-21	3.56966e-19
16254.40000	-3.73017e-19	3.30070e-19
16256.00000	-1.73338e-19	2.59189e-19
16257.60000	-4.35972e-20	2.58863e-19
16259.30000	3.45833e-19	2.59178e-19
16260.90000	1.91705e-19	2.42665e-19
16262.50000	1.07937e-19	2.26919e-19
16264.20000	2.22818e-19	2.26884e-19
16265.80000	-1.53106e-19	2.32121e-19
16267.40000	2.99660e-19	2.88306e-19
16269.10000	1.79690e-19	4.36525e-19
16270.70000	-1.33307e-19	4.88019e-19
16272.30000	-1.36615e-19	3.55421e-19
16273.90000	1.17636e-19	2.33408e-19
16275.60000	3.43809e-19	2.19842e-19
16277.20000	2.37147e-19	3.04053e-19
16278.80000	-5.97988e-19	3.92146e-19
16280.50000	6.71158e-20	3.49807e-19
16282.10000	5.29976e-19	2.69364e-19
16283.70000	7.87302e-20	2.08013e-19
16285.30000	1.73996e-19	1.96630e-19
16287.00000	4.12414e-19	1.93164e-19
16288.60000	3.92794e-19	1.94264e-19
16290.20000	4.10995e-19	1.95886e-19
16291.90000	4.11091e-19	1.95638e-19
16293.50000	2.19020e-19	1.95269e-19
16295.10000	3.07770e-20	1.89934e-19
16296.70000	5.19350e-20	1.88562e-19
16298.40000	1.01020e-19	2.22941e-19
16300.00000	2.91691e-19	4.12095e-19
16301.60000	5.98004e-19	6.14073e-19
16303.30000	-4.84873e-19	6.03021e-19
16304.90000	-3.57511e-19	5.05996e-19
16306.50000	4.04437e-19	4.79307e-19
16308.10000	3.12723e-19	4.89868e-19
16309.80000	2.67564e-19	3.87126e-19
16311.40000	-6.29100e-20	2.90828e-19
16313.00000	3.21071e-19	3.80235e-19
16314.70000	1.24445e-18	8.97126e-19
16316.30000	-1.76669e-19	1.40220e-18
16317.90000	8.41787e-19	1.36074e-18
16319.50000	1.73442e-18	7.39945e-19
16321.20000	4.61107e-19	3.12887e-19
16322.80000	2.25659e-19	2.14243e-19
16324.40000	1.90238e-19	1.97984e-19
16326.10000	1.62629e-19	1.92276e-19
16327.70000	-7.15259e-20	1.90155e-19
16329.30000	-1.01488e-19	2.02671e-19
16331.00000	-1.17864e-19	1.95831e-19
16332.60000	7.05556e-20	1.87318e-19
16334.20000	-4.12944e-20	1.90510e-19
16335.80000	3.10782e-19	2.05666e-19
16337.50000	5.16925e-19	2.86118e-19
16339.10000	-3.89715e-19	5.59806e-19
16340.70000	-1.26445e-18	9.18054e-19
16342.40000	-1.15895e-19	9.39725e-19
16344.00000	7.31010e-19	6.45140e-19
16345.60000	-1.20126e-20	4.17491e-19
16347.20000	3.25584e-19	5.07792e-19
16348.90000	-9.52967e-19	1.28346e-18
16350.50000	-1.21087e-18	2.13281e-18
16352.10000	2.20089e-18	1.86966e-18
16353.80000	3.21466e-19	1.15977e-18
16355.40000	-5.23896e-19	5.18181e-19
16357.00000	4.88819e-19	4.45524e-19
16358.60000	-3.62671e-19	6.38347e-19
16360.30000	2.95738e-20	7.47214e-19
16361.90000	-5.40138e-20	6.96901e-19
16363.50000	-1.82352e-21	5.49004e-19
16365.20000	5.12935e-19	4.61885e-19
16366.80000	1.46793e-19	3.73486e-19
16368.40000	4.59345e-19	3.10159e-19
16370.00000	5.15445e-19	3.05130e-19
16371.70000	2.17037e-19	2.91241e-19
16373.30000	-6.23387e-20	2.68679e-19
16374.90000	2.20297e-19	2.46038e-19
16376.60000	5.48198e-19	2.23832e-19
16378.20000	5.54699e-19	1.97199e-19
16379.80000	3.21490e-19	1.99445e-19
16381.40000	4.13023e-19	2.07034e-19
16383.10000	-2.77591e-19	2.21994e-19
16384.70000	-1.18589e-19	3.42026e-19
16386.30000	1.70770e-19	9.35711e-19
16388.00000	7.90088e-19	1.43206e-18
16389.60000	3.97639e-19	1.33909e-18
16391.20000	-6.94899e-20	6.53001e-19
16392.90000	1.61392e-19	3.07513e-19
16394.50000	-1.67931e-19	2.61486e-19
16396.10000	3.15740e-19	2.78543e-19
16397.70000	9.29130e-20	2.79738e-19
16399.40000	1.85378e-19	2.42934e-19
16401.00000	-8.30711e-21	2.04834e-19
16402.60000	-1.28435e-20	1.91258e-19
16404.30000	-1.60187e-20	1.88919e-19
16405.90000	3.73716e-19	2.07302e-19
16407.50000	2.73128e-19	2.58988e-19
16409.10000	6.42106e-19	2.93052e-19
16410.80000	8.43167e-19	3.86094e-19
16412.40000	6.70740e-19	6.41815e-19
16414.00000	3.53580e-19	9.97725e-19
16415.70000	-1.45143e-19	9.71628e-19
16417.30000	-4.41946e-19	5.32325e-19
16418.90000	3.30112e-20	2.45807e-19
16420.50000	-4.88934e-19	1.92998e-19
16422.20000	-1.21015e-19	1.86722e-19
16423.80000	1.85930e-19	1.84556e-19
16425.40000	2.00929e-19	1.84748e-19
16427.10000	3.22121e-20	1.87017e-19
16428.70000	7.04718e-21	1.95433e-19
16430.30000	4.16093e-21	1.99368e-19
16431.90000	3.17206e-19	2.07526e-19
16433.60000	3.88964e-19	2.08678e-19
16435.20000	2.25451e-19	2.19754e-19
16436.80000	6.35756e-20	2.94415e-19
16438.50000	4.04721e-19	5.46283e-19
16440.10000	1.84977e-18	1.36058e-18
16441.70000	1.02604e-18	1.95244e-18
16443.30000	1.50321e-18	1.81878e-18
16445.00000	1.10457e-19	1.16302e-18
16446.60000	-3.34255e-19	9.92256e-19
16448.20000	1.06121e-18	1.07265e-18
16449.90000	1.20913e-18	6.65426e-19
16451.50000	3.78013e-19	3.26934e-19
16453.10000	8.30980e-20	2.77098e-19
16454.80000	1.16631e-19	2.75223e-19
16456.40000	2.99071e-19	2.78102e-19
16458.00000	8.41818e-21	2.76452e-19
16459.60000	2.44862e-19	2.65517e-19
16461.30000	1.46866e-19	2.37757e-19
16462.90000	-3.26597e-19	2.05729e-19
16464.50000	-2.55735e-20	1.87891e-19
16466.20000	-1.20741e-19	1.87008e-19
16467.80000	1.22592e-19	1.87886e-19
16469.40000	-1.18177e-19	1.94059e-19
16471.00000	7.96546e-20	2.22287e-19
16472.70000	4.54671e-19	4.75252e-19
16474.30000	-7.90351e-19	9.32783e-19
16475.90000	-1.75153e-18	1.38357e-18
16477.60000	-2.64763e-18	1.76023e-18
16479.20000	-7.36730e-19	1.67939e-18
16480.80000	-7.65201e-19	1.47975e-18
16482.40000	-8.72216e-22	4.70081e-19
16484.10000	-2.61395e-19	2.66105e-19
16485.70000	2.56473e-20	2.19269e-19
16487.30000	2.45879e-19	1.97496e-19
16489.00000	-4.74142e-20	1.93447e-19
16490.60000	1.70923e-19	1.91773e-19
16492.20000	1.35032e-19	1.91819e-19
16493.80000	-1.06131e-19	1.95816e-19
16495.50000	4.62630e-19	2.04820e-19
16497.10000	5.15282e-20	2.32545e-19
16498.70000	-4.69508e-19	4.78670e-19
16500.40000	-2.73467e-18	1.49415e-18
16502.00000	-5.58489e-18	2.37073e-18
16503.60000	-5.76233e-19	2.02752e-18
16505.20000	-8.65261e-19	8.39008e-19
16506.90000	-4.91255e-22	3.21336e-19
16508.50000	-2.75975e-19	2.21966e-19
16510.10000	-2.21422e-20	2.00213e-19
16511.80000	-7.97057e-20	1.92150e-19
16513.40000	-3.73080e-19	1.87424e-19
16515.00000	-1.78417e-19	1.84619e-19
16516.70000	2.99781e-19	1.85216e-19
16518.30000	2.80839e-19	1.88203e-19
16519.90000	2.02698e-19	1.89566e-19
16521.50000	-3.15611e-20	2.14083e-19
16523.20000	-1.82743e-20	1.92730e-19
16524.80000	-2.78854e-20	1.94300e-19
16526.40000	3.55008e-19	2.54458e-19
16528.10000	6.12444e-19	3.09691e-19
16529.70000	-6.67596e-20	3.44066e-19
16531.30000	-2.12126e-19	3.17009e-19
16532.90000	-6.49593e-20	2.65187e-19
16534.60000	1.43588e-19	2.08565e-19
16536.20000	-9.18230e-20	2.18100e-19
16537.80000	1.23435e-19	2.92265e-19
16539.50000	-1.67026e-19	3.00721e-19
16541.10000	-6.02677e-19	2.97475e-19
16542.70000	5.85163e-19	2.75181e-19
16544.30000	2.09099e-19	2.59284e-19
16546.00000	4.14747e-20	2.15616e-19
16547.60000	-3.45886e-19	1.90635e-19
16549.20000	-1.62254e-19	2.17392e-19
16550.90000	5.81265e-19	5.00657e-19
16552.50000	-2.21781e-19	1.14705e-18
16554.10000	-4.07847e-19	1.26880e-18
16555.70000	-9.54728e-20	9.20210e-19
16557.40000	8.43000e-19	4.18055e-19
16559.00000	-2.68058e-19	2.99417e-19
16560.60000	-6.16703e-19	2.66545e-19
16562.30000	-1.44698e-20	2.02286e-19
16563.90000	3.54937e-19	1.73620e-19
16565.50000	5.00246e-20	1.69982e-19
16567.20000	9.68172e-20	1.69833e-19
16568.80000	-2.69025e-19	1.69094e-19
16570.40000	1.30742e-19	1.70794e-19
16572.00000	7.62811e-20	1.84577e-19
16573.70000	-7.36862e-21	1.66018e-19
16575.30000	6.41667e-20	1.67029e-19
16576.90000	4.64023e-20	1.66658e-19
16578.60000	-6.80807e-20	1.65664e-19
16580.20000	-3.44462e-19	1.67912e-19
16581.80000	1.00905e-20	1.84914e-19
16583.40000	8.22900e-19	3.30230e-19
16585.10000	5.36915e-19	5.61045e-19
16586.70000	5.43645e-19	6.04800e-19
16588.30000	5.40780e-19	5.49446e-19
16590.00000	-6.71024e-21	2.45905e-19
16591.60000	3.31222e-20	1.77215e-19
16593.20000	4.74874e-20	1.70681e-19
16594.80000	1.53743e-19	1.76026e-19
16596.50000	-2.21735e-20	1.77836e-19
16598.10000	2.34746e-19	1.72374e-19
16599.70000	-1.16178e-20	1.69371e-19
16601.40000	2.36502e-19	1.76125e-19
16603.00000	-3.52349e-21	1.81676e-19
16604.60000	-3.17235e-19	1.86294e-19
16606.20000	2.16237e-19	2.21219e-19
16607.90000	-3.00549e-20	4.35667e-19
16609.50000	7.69877e-19	6.52422e-19
16611.10000	-2.72541e-19	7.44413e-19
16612.80000	-5.97587e-20	6.04167e-19
16614.40000	1.54002e-19	3.64208e-19
16616.00000	-8.04223e-20	2.01688e-19
16617.60000	3.80224e-20	1.73482e-19
16619.30000	-8.44209e-20	1.71139e-19
16620.90000	-7.92521e-20	1.67525e-19
16622.50000	1.99746e-19	1.65633e-19
16624.20000	5.39692e-21	1.65105e-19
16625.80000	1.05757e-19	1.64941e-19
16627.40000	1.57170e-19	1.67116e-19
16629.10000	3.14210e-19	1.70299e-19
16630.70000	4.90131e-19	1.69762e-19
16632.30000	4.76893e-19	1.72715e-19
16633.90000	1.65206e-19	1.77809e-19
16635.60000	1.61674e-20	1.91152e-19
16637.20000	5.53647e-20	1.99277e-19
16638.80000	1.88965e-19	1.95715e-19
16640.50000	-1.14901e-19	1.81624e-19
16642.10000	5.74788e-20	1.69024e-19
16643.70000	2.30162e-19	1.67068e-19
16645.30000	2.84181e-19	1.77146e-19
16647.00000	-1.31891e-19	1.71396e-19
16648.60000	-2.22767e-19	1.72385e-19
16650.20000	2.38987e-19	1.78349e-19
16651.90000	1.81205e-19	1.99460e-19
16653.50000	1.13166e-19	2.29647e-19
16655.10000	3.36067e-19	2.34586e-19
16656.70000	3.69484e-21	2.32030e-19
16658.40000	2.85413e-19	2.58729e-19
16660.00000	-1.56802e-20	2.93032e-19
16661.60000	5.12930e-19	2.66593e-19
16663.30000	2.40748e-19	2.24570e-19
16664.90000	-7.61277e-20	2.18454e-19
16666.50000	3.23239e-20	2.25058e-19
16668.10000	-6.87430e-20	2.07233e-19
16669.80000	6.27030e-20	1.84401e-19
16671.40000	2.13296e-20	1.99679e-19
16673.00000	2.91329e-20	1.99494e-19
16674.70000	8.90265e-20	1.72414e-19
16676.30000	-7.69509e-20	1.74936e-19
16677.90000	3.77984e-19	1.75878e-19
16679.50000	4.89286e-19	1.84757e-19
16681.20000	2.38489e-19	1.94258e-19
16682.80000	5.67821e-20	2.12150e-19
16684.40000	-1.02745e-19	2.65323e-19
16686.10000	-1.04753e-18	4.90328e-19
16687.70000	-2.15408e-18	1.08957e-18
16689.30000	1.67125e-18	1.79031e-18
16691.00000	-1.15326e-19	3.55331e-18
16692.60000	-6.12925e-19	4.17858e-18
16694.20000	1.03053e-18	2.68278e-18
16695.80000	9.08240e-19	9.78305e-19
16697.50000	-8.48300e-19	4.16779e-19
16699.10000	4.81879e-19	3.56124e-19
16700.70000	8.46775e-19	5.44226e-19
16702.40000	4.32118e-19	6.73890e-19
16704.00000	6.45087e-20	7.07300e-19
16705.60000	9.11407e-19	8.98379e-19
16707.20000	1.56725e-18	1.70721e-18
16708.90000	1.20622e-18	2.02629e-18
16710.50000	2.19642e-18	1.79977e-18
16712.10000	1.18884e-19	6.79708e-19
16713.80000	-3.54541e-19	3.27081e-19
16715.40000	-3.27529e-19	2.79317e-19
16717.00000	-7.42392e-20	3.36689e-19
16718.60000	1.07147e-19	3.60068e-19
16720.30000	1.17234e-19	3.37393e-19
16721.90000	9.25918e-20	3.63966e-19
16723.50000	4.27312e-19	4.62467e-19
16725.20000	1.25590e-20	4.39084e-19
16726.80000	-6.50738e-20	3.93918e-19
16728.40000	4.87404e-19	4.40194e-19
16730.00000	9.09023e-19	8.01996e-19
16731.70000	-1.83252e-18	1.15261e-18
16733.30000	-8.41358e-19	1.16733e-18
16734.90000	7.62165e-19	8.27244e-19
16736.60000	-3.69694e-20	3.73640e-19
16738.20000	1.49222e-19	2.18721e-19
16739.80000	-1.42040e-19	1.85188e-19
16741.40000	-2.51507e-19	1.80289e-19
16743.10000	-3.60220e-22	1.78445e-19
16744.70000	1.21719e-19	1.77850e-19
16746.30000	-9.35987e-21	1.79410e-19
16748.00000	-3.18099e-20	1.86856e-19
16749.60000	-1.19686e-19	2.06676e-19
16751.20000	-5.08684e-19	2.91082e-19
16752.90000	-3.34468e-19	5.25363e-19
16754.50000	-1.89460e-19	5.44937e-19
16756.10000	-1.50680e-19	5.04375e-19
16757.70000	2.30728e-19	4.00502e-19
16759.40000	-3.00664e-20	4.11672e-19
16761.00000	2.28640e-19	5.03666e-19
16762.60000	4.99451e-19	5.69656e-19
16764.30000	1.91274e-20	5.77262e-19
16765.90000	-6.61869e-19	5.02324e-19
16767.50000	-3.75063e-19	3.26770e-19
16769.10000	9.81847e-20	2.02581e-19
16770.80000	9.51858e-20	1.74756e-19
16772.40000	1.08719e-19	1.75799e-19
16774.00000	9.70945e-20	1.89506e-19
16775.70000	-6.10029e-19	2.35335e-19
16777.30000	1.67184e-19	1.91606e-19
16778.90000	1.87281e-19	1.80864e-19
16780.50000	1.41814e-19	1.95694e-19
16782.20000	-1.06790e-20	1.86876e-19
16783.80000	-9.10654e-20	1.67854e-19
16785.40000	3.23155e-19	1.68744e-19
16787.10000	3.11291e-19	1.87058e-19
16788.70000	1.62458e-19	1.93082e-19
16790.30000	1.02214e-19	1.81968e-19
16791.90000	-1.80758e-19	1.96887e-19
16793.60000	-3.91168e-20	2.15284e-19
16795.20000	2.02064e-19	2.11536e-19
16796.80000	2.54913e-19	2.26228e-19
16798.50000	-1.31704e-20	2.78271e-19
16800.10000	1.28876e-19	2.97014e-19
16801.70000	2.52449e-19	2.81146e-19
16803.30000	-4.05909e-19	2.89363e-19
16805.00000	3.39115e-19	3.03374e-19
16806.60000	-5.21682e-20	2.67126e-19
16808.20000	7.30002e-20	1.98646e-19
16809.90000	-4.81634e-20	1.78638e-19
16811.50000	-6.83878e-20	1.77038e-19
16813.10000	9.47731e-20	1.74175e-19
16814.80000	-3.06035e-20	1.92867e-19
16816.40000	-6.44924e-20	1.79522e-19
16818.00000	1.71410e-19	1.75438e-19
16819.60000	2.46778e-19	1.74683e-19
16821.30000	-1.41385e-20	1.78807e-19
16822.90000	-9.91705e-20	1.75466e-19
16824.50000	1.07257e-19	1.74854e-19
16826.20000	7.41161e-20	1.74433e-19
16827.80000	-2.58452e-19	1.75317e-19
16829.40000	-1.94941e-19	1.76132e-19
16831.00000	1.97173e-19	1.79063e-19
16832.70000	1.07884e-19	1.81830e-19
16834.30000	4.94113e-20	1.91098e-19
16835.90000	-2.51808e-20	2.46803e-19
16837.60000	-1.47849e-18	5.53357e-19
16839.20000	-1.05569e-18	1.38069e-18
16840.80000	6.77007e-19	1.54469e-18
16842.40000	-5.54457e-19	1.11854e-18
16844.10000	-1.53148e-18	4.19680e-19
16845.70000	-1.33962e-19	2.56305e-19
16847.30000	3.48200e-19	2.07497e-19
16849.00000	2.69170e-19	1.87273e-19
16850.60000	9.14757e-20	1.97631e-19
16852.20000	1.76547e-19	2.11857e-19
16853.80000	-2.25806e-19	2.07626e-19
16855.50000	-4.65691e-20	1.83897e-19
16857.10000	-9.12240e-20	1.70471e-19
16858.70000	-3.79703e-20	1.70633e-19
16860.40000	2.64973e-19	1.72555e-19
16862.00000	2.85953e-19	2.10143e-19
16863.60000	1.02753e-19	1.76477e-19
16865.20000	2.28406e-19	1.71729e-19
16866.90000	1.52275e-20	1.72827e-19
16868.50000	1.01356e-19	1.93568e-19
16870.10000	1.45196e-19	2.21942e-19
16871.80000	2.83170e-19	2.26106e-19
16873.40000	-1.00482e-20	2.20272e-19
16875.00000	2.40755e-19	2.46440e-19
16876.70000	6.12012e-19	2.63446e-19
16878.30000	9.66099e-20	2.43321e-19
16879.90000	-1.63467e-19	2.08092e-19
16881.50000	1.07290e-19	2.16725e-19
16883.20000	3.37926e-19	2.27460e-19
16884.80000	5.34091e-19	2.18410e-19
16886.40000	2.47592e-19	2.38771e-19
16888.10000	3.06094e-19	3.06689e-19
16889.70000	5.90683e-19	3.54534e-19
16891.30000	7.29996e-20	3.23940e-19
16892.90000	-2.17356e-19	2.55112e-19
16894.60000	5.94047e-20	2.40547e-19
16896.20000	-2.32484e-20	2.91648e-19
16897.80000	-2.54880e-20	3.59593e-19
16899.50000	5.12694e-19	5.45288e-19
16901.10000	2.86399e-18	1.59683e-18
16902.70000	1.20096e-18	3.00459e-18
16904.30000	-5.66834e-19	3.01083e-18
16906.00000	1.58643e-18	1.93647e-18
16907.60000	-3.69893e-19	7.51350e-19
16909.20000	-9.22529e-19	5.14746e-19
16910.90000	3.41694e-19	4.20113e-19
16912.50000	4.27678e-19	3.42083e-19
16914.10000	2.36712e-19	3.19100e-19
16915.70000	-9.60804e-20	2.89111e-19
16917.40000	-8.42641e-20	2.18541e-19
16919.00000	-2.14622e-19	1.89146e-19
16920.60000	4.95884e-19	1.82481e-19
16922.30000	-7.58390e-20	1.80278e-19
16923.90000	-1.46937e-19	1.80803e-19
16925.50000	6.38965e-20	1.85659e-19
16927.20000	1.27829e-19	1.87022e-19
16928.80000	1.33154e-20	1.80685e-19
16930.40000	1.19219e-19	1.77579e-19
16932.00000	2.63581e-19	1.76202e-19
16933.70000	-1.04895e-19	1.73666e-19
16935.30000	-1.33832e-19	2.00716e-19
16936.90000	2.85453e-19	2.12944e-19
16938.60000	1.95142e-20	1.83835e-19
16940.20000	2.27083e-19	2.18467e-19
16941.80000	3.31698e-19	2.11699e-19
16943.40000	-6.81286e-20	2.09698e-19
16945.10000	-9.86015e-20	2.26374e-19
16946.70000	-2.18077e-20	2.24238e-19
16948.30000	2.77912e-19	2.08943e-19
16950.00000	2.42321e-19	2.31632e-19
16951.60000	-7.52189e-19	4.94198e-19
16953.20000	-2.05149e-18	1.45277e-18
16954.80000	8.26100e-19	1.89636e-18
16956.50000	1.32546e-18	1.63914e-18
16958.10000	1.19605e-18	6.61275e-19
16959.70000	4.78211e-19	2.88948e-19
16961.40000	-9.67368e-21	2.09794e-19
16963.00000	-1.92866e-19	1.90342e-19
16964.60000	3.05016e-19	1.80355e-19
16966.20000	2.96631e-20	1.75070e-19
16967.90000	-9.81681e-20	1.73738e-19
16969.50000	4.22395e-19	1.75508e-19
16971.10000	-2.21359e-19	1.77149e-19
16972.80000	-2.25143e-19	1.77343e-19
16974.40000	2.13490e-19	1.79727e-19
16976.00000	-1.87666e-19	1.79903e-19
16977.60000	6.33954e-20	1.79917e-19
16979.30000	-3.83619e-19	1.77938e-19
16980.90000	-6.20779e-21	1.82940e-19
16982.50000	2.48990e-19	1.96516e-19
16984.20000	-8.92140e-20	2.12816e-19
16985.80000	2.02119e-19	2.16303e-19
16987.40000	-1.24770e-19	2.31931e-19
16989.10000	-1.84830e-19	2.54039e-19
16990.70000	2.75613e-19	2.51149e-19
16992.30000	7.88756e-20	2.22755e-19
16993.90000	2.02053e-19	1.97075e-19
16995.60000	2.83000e-20	2.04709e-19
16997.20000	6.98226e-20	2.07296e-19
16998.80000	5.82977e-21	2.07917e-19
17000.50000	3.49472e-20	2.15970e-19
17002.10000	2.72861e-21	3.31993e-19
17003.70000	-6.27497e-19	3.37939e-19
17005.30000	-1.16203e-18	8.53337e-19
17007.00000	1.58433e-18	2.50025e-18
17008.60000	2.88934e-18	3.22997e-18
17010.20000	-1.14821e-18	2.73115e-18
17011.90000	3.17245e-19	1.16051e-18
17013.50000	8.65323e-21	5.94441e-19
17015.10000	3.63527e-19	3.47932e-19
17016.70000	8.49310e-20	2.30180e-19
17018.40000	4.58502e-20	1.97406e-19
17020.00000	-1.21610e-19	1.85239e-19
17021.60000	-1.31763e-19	1.79721e-19
17023.30000	-1.45437e-19	1.77073e-19
17024.90000	3.82065e-19	1.73741e-19
17026.50000	1.09269e-19	1.72654e-19
17028.10000	-8.40408e-20	1.76624e-19
17029.80000	8.53658e-20	1.90624e-19
17031.40000	2.43452e-19	1.94127e-19
17033.00000	-2.71901e-19	1.90715e-19
17034.70000	9.47914e-20	1.86706e-19
17036.30000	-1.70092e-19	1.84842e-19
17037.90000	-6.09165e-20	1.78410e-19
17039.50000	-2.99556e-20	1.76092e-19
17041.20000	2.25911e-20	1.70013e-19
17042.80000	2.08435e-19	1.69447e-19
17044.40000	2.79512e-20	1.70564e-19
17046.10000	2.36162e-19	1.73953e-19
17047.70000	-4.98518e-20	1.92117e-19
17049.30000	7.99776e-20	2.20937e-19
17051.00000	3.76243e-20	2.31073e-19
17052.60000	-2.10462e-19	2.70377e-19
17054.20000	4.34616e-20	3.64471e-19
17055.80000	-3.00468e-19	5.12454e-19
17057.50000	9.73233e-21	5.30960e-19
17059.10000	4.53246e-19	3.74988e-19
17060.70000	2.47090e-19	2.11532e-19
17062.40000	-5.86817e-20	1.74970e-19
17064.00000	-2.62078e-19	1.71778e-19
17065.60000	3.01566e-19	1.75366e-19
17067.20000	-1.29528e-19	1.93662e-19
17068.90000	-4.43088e-19	2.78766e-19
17070.50000	-2.89707e-20	3.30329e-19
17072.10000	4.38800e-19	3.63908e-19
17073.80000	7.73010e-19	3.78782e-19
17075.40000	4.04215e-19	8.00981e-19
17077.00000	1.00332e-18	1.66070e-18
17078.60000	-8.84024e-19	1.80693e-18
17080.30000	7.66477e-19	1.31370e-18
17081.90000	-9.79069e-19	4.74571e-19
17083.50000	-7.77368e-20	2.47494e-19
17085.20000	3.42972e-19	2.10348e-19
17086.80000	-3.72204e-19	2.03332e-19
17088.40000	-1.47033e-19	1.94591e-19
17090.00000	-2.18004e-19	1.80033e-19
17091.70000	3.52594e-20	1.81008e-19
17093.30000	1.14299e-19	2.00862e-19
17094.90000	7.17954e-20	2.02828e-19
17096.60000	-1.31320e-19	2.14619e-19
17098.20000	2.52187e-19	2.50233e-19
17099.80000	6.50597e-19	2.90202e-19
17101.40000	-3.94667e-19	3.03016e-19
17103.10000	7.96022e-20	3.34590e-19
17104.70000	-3.42528e-19	3.29775e-19
17106.30000	-7.29922e-21	3.16520e-19
17108.00000	4.21861e-19	2.98793e-19
17109.60000	-3.76313e-19	3.00619e-19
17111.20000	-3.89936e-19	2.87244e-19
17112.90000	-6.85579e-20	2.71961e-19
17114.50000	2.80091e-19	2.79463e-19
17116.10000	3.30776e-19	2.75083e-19
17117.70000	-2.56568e-19	2.87154e-19
17119.40000	-4.23340e-19	4.58091e-19
17121.00000	-3.56684e-19	1.49694e-18
17122.60000	4.82483e-20	2.55297e-18
17124.30000	-2.69086e-19	2.59981e-18
17125.90000	-8.57465e-20	1.72045e-18
17127.50000	2.28496e-19	7.17461e-19
17129.10000	-2.51632e-19	2.93273e-19
17130.80000	8.20052e-20	2.22505e-19
17132.40000	-7.62668e-21	1.94611e-19
17134.00000	-1.29251e-19	1.82508e-19
17135.70000	-1.36161e-19	1.76457e-19
17137.30000	2.28621e-19	1.74654e-19
17138.90000	2.25773e-19	1.72602e-19
17140.50000	2.91898e-19	1.74252e-19
17142.20000	-1.33322e-19	1.77444e-19
17143.80000	-1.40608e-19	1.81391e-19
17145.40000	-1.08586e-20	1.77683e-19
17147.10000	2.11414e-20	1.71348e-19
17148.70000	-1.19109e-19	1.66419e-19
17150.30000	-1.38391e-19	1.78789e-19
17151.90000	1.55376e-19	1.62369e-19
17153.60000	-1.90907e-19	1.62309e-19
17155.20000	-1.51265e-19	1.63653e-19
17156.80000	2.68623e-20	1.63743e-19
17158.50000	9.10159e-20	1.63468e-19
17160.10000	2.46330e-19	1.68201e-19
17161.70000	-9.03794e-20	1.84663e-19
17163.30000	-2.45319e-19	1.99226e-19
17165.00000	8.38141e-20	2.08955e-19
17166.60000	-1.25135e-19	2.11043e-19
17168.20000	1.01382e-20	2.52224e-19
17169.90000	-2.09355e-19	3.11205e-19
17171.50000	-2.34525e-19	3.56486e-19
17173.10000	-4.55356e-19	4.48421e-19
17174.80000	-1.43409e-19	4.72746e-19
17176.40000	-4.45960e-20	4.37410e-19
17178.00000	3.01006e-19	3.51469e-19
17179.60000	-3.64160e-19	3.05630e-19
17181.30000	-4.94429e-20	2.68697e-19
17182.90000	-1.70908e-19	2.10538e-19
17184.50000	-1.61213e-19	1.88381e-19
17186.20000	-3.02412e-19	2.63634e-19
17187.80000	-1.75501e-20	4.23875e-19
17189.40000	6.53401e-19	4.45887e-19
17191.00000	-1.24533e-19	3.35204e-19
17192.70000	-2.82215e-19	2.37606e-19
17194.30000	1.42437e-19	2.56983e-19
17195.90000	-3.60168e-20	2.97654e-19
17197.60000	4.00077e-19	2.77040e-19
17199.20000	-4.08763e-20	2.08483e-19
17200.80000	3.31752e-19	1.76991e-19
17202.40000	-1.05252e-19	1.77025e-19
17204.10000	4.26716e-20	1.99230e-19
17205.70000	9.56342e-20	2.37934e-19
17207.30000	9.60784e-19	5.67355e-19
17209.00000	1.53866e-18	1.29901e-18
17210.60000	1.52509e-18	1.48250e-18
17212.20000	-3.18115e-19	1.17058e-18
17213.80000	4.64236e-19	6.86980e-19
17215.50000	4.53257e-19	4.90992e-19
17217.10000	-1.47645e-20	3.62044e-19
17218.70000	8.19490e-20	2.73055e-19
17220.40000	-6.36667e-21	3.10529e-19
17222.00000	6.52300e-19	3.41634e-19
17223.60000	5.65214e-19	2.92916e-19
17225.20000	1.21529e-20	2.05886e-19
17226.90000	-1.65224e-19	1.91742e-19
17228.50000	2.17147e-19	2.59683e-19
17230.10000	1.13097e-19	3.12255e-19
17231.80000	-2.38343e-19	3.24449e-19
17233.40000	2.56354e-19	2.79032e-19
17235.00000	-6.55176e-20	2.21851e-19
17236.70000	-1.59384e-19	1.87782e-19
17238.30000	9.30004e-20	1.98304e-19
17239.90000	3.99222e-19	2.86000e-19
17241.50000	1.63940e-19	5.43959e-19
17243.20000	9.56610e-19	6.99266e-19
17244.80000	7.65828e-19	8.83982e-19
17246.40000	3.33613e-19	1.49713e-18
17248.10000	8.17849e-19	2.00626e-18
17249.70000	-3.82869e-19	1.82844e-18
17251.30000	-1.87798e-18	9.89696e-19
17252.90000	-9.97168e-19	4.20250e-19
17254.60000	3.44388e-19	3.36844e-19
17256.20000	7.69131e-19	4.67123e-19
17257.80000	-4.25081e-19	5.12956e-19
17259.50000	-2.61276e-19	3.96550e-19
17261.10000	-3.60745e-19	2.33992e-19
17262.70000	-1.06353e-19	1.78690e-19
17264.30000	-4.87867e-20	1.70523e-19
17266.00000	-2.47603e-20	1.71283e-19
17267.60000	-7.81066e-20	1.71174e-19
17269.20000	1.30579e-19	1.71430e-19
17270.90000	2.09833e-19	1.97594e-19
17272.50000	3.88291e-19	2.90107e-19
17274.10000	-1.13258e-19	4.20510e-19
17275.70000	2.38533e-20	4.34285e-19
17277.40000	2.02622e-19	3.40452e-19
17279.00000	2.54550e-20	3.15302e-19
17280.60000	6.14882e-19	6.11102e-19
17282.30000	1.32717e-18	9.19475e-19
17283.90000	6.35586e-19	8.63553e-19
17285.50000	-8.28262e-20	5.14649e-19
17287.20000	-2.85589e-21	3.26882e-19
17288.80000	-6.60227e-19	2.98573e-19
17290.40000	-3.61444e-19	2.43956e-19
17292.00000	2.77403e-20	1.97246e-19
17293.70000	2.99267e-19	1.90869e-19
17295.30000	-7.51955e-20	1.87552e-19
17296.90000	-1.19371e-19	1.79260e-19
17298.60000	-2.04152e-20	1.91758e-19
17300.20000	6.09910e-20	2.83368e-19
17301.80000	-1.33894e-19	5.93505e-19
17303.40000	7.09605e-19	6.83837e-19
17305.10000	1.60639e-19	5.29527e-19
17306.70000	4.13331e-19	2.71751e-19
17308.30000	3.82355e-19	1.93195e-19
17310.00000	4.30094e-19	1.99097e-19
17311.60000	4.80233e-20	2.49413e-19
17313.20000	-2.07164e-19	2.73074e-19
17314.80000	2.54597e-19	2.66045e-19
17316.50000	2.21001e-19	2.48550e-19
17318.10000	-1.22032e-19	2.67450e-19
17319.70000	-4.78125e-19	2.98347e-19
17321.40000	-2.96292e-19	2.88402e-19
17323.00000	-4.53175e-20	2.83983e-19
17324.60000	1.54884e-20	2.87334e-19
17326.20000	8.58844e-20	3.33462e-19
17327.90000	-9.58795e-19	5.70891e-19
17329.50000	-2.05744e-18	1.24485e-18
17331.10000	-1.38000e-18	1.38837e-18
17332.80000	9.81137e-19	9.98986e-19
17334.40000	-1.54310e-20	4.42609e-19
17336.00000	-1.28324e-20	2.73371e-19
17337.60000	2.06142e-19	2.51189e-19
17339.30000	-2.65205e-19	2.82032e-19
17340.90000	-7.02036e-20	2.97462e-19
17342.50000	2.80554e-19	2.94174e-19
17344.20000	2.58737e-19	2.70157e-19
17345.80000	1.78696e-19	2.49092e-19
17347.40000	4.82696e-20	3.18299e-19
17349.10000	-1.89518e-19	7.83371e-19
17350.70000	3.71538e-19	9.80084e-19
17352.30000	-7.33376e-19	9.12376e-19
17353.90000	-3.61714e-19	5.81770e-19
17355.60000	3.98621e-19	4.61167e-19
17357.20000	-5.92954e-20	6.36206e-19
17358.80000	-1.15389e-18	9.63023e-19
17360.50000	6.02009e-19	9.41387e-19
17362.10000	3.27434e-19	5.22005e-19
17363.70000	-2.30939e-19	2.54249e-19
17365.30000	1.84712e-19	1.94554e-19
17367.00000	-8.63728e-20	1.86706e-19
17368.60000	-1.88012e-19	1.89528e-19
17370.20000	-1.93698e-19	1.95161e-19
17371.90000	1.30559e-19	1.98499e-19
17373.50000	-1.89863e-19	1.93540e-19
17375.10000	-3.98389e-19	1.92666e-19
17376.70000	-4.31084e-19	1.98364e-19
17378.40000	-6.65947e-20	2.37947e-19
17380.00000	1.71809e-19	4.30899e-19
17381.60000	1.75637e-18	9.95171e-19
17383.30000	-1.06982e-20	1.58697e-18
17384.90000	-3.28298e-19	2.24094e-18
17386.50000	1.14359e-18	2.05834e-18
17388.10000	-9.68589e-19	2.18310e-18
17389.80000	-1.01006e-18	7.90701e-19
17391.40000	5.68665e-19	3.20993e-19
17393.00000	1.06752e-19	2.24459e-19
17394.70000	2.44258e-19	1.95876e-19
17396.30000	1.30851e-20	1.87711e-19
17397.90000	-1.48225e-20	1.85460e-19
17399.50000	1.39900e-19	1.85813e-19
17401.20000	1.12280e-19	1.96403e-19
17402.80000	-1.54901e-19	2.34837e-19
17404.40000	1.05100e-19	2.87686e-19
17406.10000	-2.56828e-19	2.98431e-19
17407.70000	-6.27556e-20	2.43529e-19
17409.30000	-4.39486e-20	1.99175e-19
17411.00000	9.68012e-20	1.82621e-19
17412.60000	-2.83756e-20	2.05234e-19
17414.20000	-3.95654e-19	2.76934e-19
17415.80000	3.53670e-19	3.25294e-19
17417.50000	4.71237e-19	3.35976e-19
17419.10000	5.07171e-19	2.97677e-19
17420.70000	9.35561e-20	2.45680e-19
17422.40000	-7.10645e-21	2.51195e-19
17424.00000	1.45636e-20	4.47124e-19
17425.60000	7.71303e-19	1.09345e-18
17427.20000	7.15890e-19	1.27308e-18
17428.90000	5.24644e-19	9.54921e-19
17430.50000	-6.29694e-20	4.73759e-19
17432.10000	4.43208e-19	3.33996e-19
17433.80000	2.15241e-19	2.94364e-19
17435.40000	3.86283e-19	2.30661e-19
17437.00000	1.74787e-19	1.86051e-19
17438.60000	-4.95730e-20	1.77228e-19
17440.30000	-9.79794e-20	1.82640e-19
17441.90000	5.00814e-20	1.95774e-19
17443.50000	2.10998e-19	2.37258e-19
17445.20000	-3.41722e-19	3.01530e-19
17446.80000	-1.57338e-19	6.14182e-19
17448.40000	-6.48374e-20	1.70872e-18
17450.00000	7.83306e-19	1.99181e-18
17451.70000	7.10452e-19	1.48601e-18
17453.30000	2.04254e-19	5.81696e-19
17454.90000	-1.29591e-19	3.22622e-19
17456.60000	-5.10430e-20	2.34516e-19
17458.20000	1.28584e-20	1.97667e-19
17459.80000	-7.46130e-20	1.85772e-19
17461.40000	-9.85635e-20	1.80343e-19
17463.10000	1.08726e-20	1.80952e-19
17464.70000	8.29004e-20	1.88801e-19
17466.30000	1.25136e-19	1.97975e-19
17468.00000	2.86893e-19	2.03601e-19
17469.60000	1.03736e-21	2.04586e-19
17471.20000	1.29705e-19	1.99809e-19
17472.90000	2.64654e-19	1.94432e-19
17474.50000	2.04271e-19	1.93243e-19
17476.10000	-2.82268e-19	2.35112e-19
17477.70000	2.81337e-19	3.19196e-19
17479.40000	1.53042e-19	2.54575e-19
17481.00000	1.42636e-19	2.77250e-19
17482.60000	6.10697e-19	2.82135e-19
17484.30000	1.75761e-19	2.71085e-19
17485.90000	7.79506e-20	2.22801e-19
17487.50000	-6.83004e-20	1.92386e-19
17489.10000	-3.15897e-20	1.94461e-19
17490.80000	-6.71685e-20	1.96077e-19
17492.40000	-5.10220e-20	1.87274e-19
17494.00000	1.22506e-19	1.77344e-19
17495.70000	1.08642e-19	1.83217e-19
17497.30000	-3.32291e-19	2.36145e-19
17498.90000	-8.30252e-19	4.49931e-19
17500.50000	-6.43610e-19	6.54031e-19
17502.20000	-5.49314e-19	7.45550e-19
17503.80000	9.16311e-19	1.00099e-18
17505.40000	1.17387e-18	1.25462e-18
17507.10000	-9.34596e-19	1.12373e-18
17508.70000	3.30555e-19	5.10748e-19
17510.30000	4.09714e-19	2.61634e-19
17511.90000	-2.23034e-19	2.10635e-19
17513.60000	-2.26937e-19	1.97353e-19
17515.20000	5.17932e-20	1.90796e-19
17516.80000	-1.24946e-19	1.89082e-19
17518.50000	2.11735e-19	1.84600e-19
17520.10000	2.61294e-19	1.80715e-19
17521.70000	-1.37016e-19	1.79562e-19
17523.30000	-2.17546e-19	1.89550e-19
17525.00000	-6.10480e-21	2.60657e-19
17526.60000	2.83877e-19	5.32887e-19
17528.20000	5.48652e-20	7.47548e-19
17529.90000	-1.96008e-20	7.97823e-19
17531.50000	2.50762e-19	6.16559e-19
17533.10000	-7.77717e-21	3.63760e-19
17534.80000	-2.20756e-19	2.76586e-19
17536.40000	-5.15791e-21	2.74232e-19
17538.00000	4.14953e-19	2.56924e-19
17539.60000	2.57496e-19	2.45619e-19
17541.30000	4.67304e-20	2.77152e-19
17542.90000	-4.92634e-20	3.59668e-19
17544.50000	2.17819e-19	3.20657e-19
17546.20000	5.34463e-20	2.42694e-19
17547.80000	-3.68819e-19	2.33419e-19
17549.40000	2.48323e-19	2.72088e-19
17551.00000	1.39763e-19	2.78151e-19
17552.70000	-1.05179e-19	2.32656e-19
17554.30000	-2.31260e-20	1.87891e-19
17555.90000	2.43703e-19	1.70109e-19
17557.60000	-8.45370e-20	1.65779e-19
17559.20000	-1.88934e-19	1.68049e-19
17560.80000	1.61045e-20	1.66886e-19
17562.40000	-2.29898e-19	1.70371e-19
17564.10000	-2.10947e-19	1.93280e-19
17565.70000	4.23107e-20	2.17667e-19
17567.30000	-2.51892e-19	2.25960e-19
17569.00000	1.58692e-19	2.10123e-19
17570.60000	2.51966e-19	1.97849e-19
17572.20000	1.80876e-20	1.88623e-19
17573.80000	-3.42806e-20	1.82124e-19
17575.50000	-8.70303e-20	1.73979e-19
17577.10000	1.25126e-19	1.71292e-19
17578.70000	6.92958e-20	1.68068e-19
17580.40000	1.70917e-20	1.65082e-19
17582.00000	-7.82594e-21	1.64434e-19
17583.60000	1.19304e-19	1.66016e-19
17585.20000	-1.46875e-19	1.66620e-19
17586.90000	1.02969e-19	1.71710e-19
17588.50000	2.29931e-19	1.95595e-19
17590.10000	1.47430e-19	2.14332e-19
17591.80000	4.11948e-19	2.19813e-19
17593.40000	-1.70825e-19	2.28520e-19
17595.00000	-5.31355e-19	2.36754e-19
17596.70000	4.35174e-20	2.31877e-19
17598.30000	-5.41440e-20	2.07463e-19
17599.90000	-8.45725e-20	1.87523e-19
17601.50000	-8.83766e-20	1.89777e-19
17603.20000	3.64801e-19	2.02928e-19
17604.80000	1.70237e-19	2.04224e-19
17606.40000	1.31967e-19	1.91020e-19
17608.10000	-2.21145e-19	1.93282e-19
17609.70000	7.64186e-20	2.48556e-19
17611.30000	2.72293e-19	3.25032e-19
17612.90000	4.94914e-19	3.51151e-19
17614.60000	1.54309e-19	3.26753e-19
17616.20000	-2.98582e-19	2.77959e-19
17617.80000	-1.87227e-19	2.26349e-19
17619.50000	-2.02240e-19	1.97025e-19
17621.10000	-3.24069e-19	2.39092e-19
17622.70000	1.06691e-19	3.32470e-19
17624.30000	2.52933e-19	3.90340e-19
17626.00000	3.69813e-20	3.61958e-19
17627.60000	-3.57005e-19	3.64707e-19
17629.20000	-2.19752e-19	3.44383e-19
17630.90000	-3.13335e-20	2.51112e-19
17632.50000	-1.04747e-19	1.96693e-19
17634.10000	-1.37207e-19	1.84202e-19
17635.70000	-2.95713e-21	1.72974e-19
17637.40000	-6.92647e-20	1.69259e-19
17639.00000	-8.07972e-20	1.84643e-19
17640.60000	-7.00758e-20	1.89689e-19
17642.30000	1.06961e-20	1.99899e-19
17643.90000	8.63224e-20	2.16852e-19
17645.50000	6.35914e-20	2.79414e-19
17647.20000	-3.14620e-19	5.71519e-19
17648.80000	-6.18702e-19	1.13693e-18
17650.40000	-1.94103e-18	1.86754e-18
17652.00000	-1.21045e-18	3.20624e-18
17653.70000	-1.19688e-18	3.59837e-18
17655.30000	-5.17398e-19	2.58451e-18
17656.90000	3.70866e-19	1.03674e-18
17658.60000	-1.00375e-19	6.52494e-19
17660.20000	8.36896e-19	6.49540e-19
17661.80000	6.66494e-19	6.83733e-19
17663.40000	4.13911e-19	7.18654e-19
17665.10000	1.55370e-18	6.84149e-19
17666.70000	5.26861e-19	5.93284e-19
17668.30000	2.63573e-19	6.87584e-19
17670.00000	7.02158e-19	1.56657e-18
17671.60000	-1.62765e-18	2.05229e-18
17673.20000	3.61827e-19	1.71173e-18
17674.80000	3.10963e-20	7.37632e-19
17676.50000	-2.50564e-19	3.32730e-19
17678.10000	-2.78968e-19	2.28637e-19
17679.70000	8.30512e-20	2.12472e-19
17681.40000	2.24847e-19	2.69966e-19
17683.00000	5.56046e-20	4.27396e-19
17684.60000	4.53803e-19	5.18934e-19
17686.20000	7.76180e-19	5.51089e-19
17687.90000	4.86781e-19	5.33107e-19
17689.50000	2.45572e-19	4.82230e-19
17691.10000	-3.06629e-20	4.04823e-19
17692.80000	3.27414e-19	3.36189e-19
17694.40000	3.02369e-19	3.84627e-19
17696.00000	6.68476e-19	7.33048e-19
17697.60000	2.13336e-18	1.03718e-18
17699.30000	1.30328e-18	1.05276e-18
17700.90000	4.02625e-19	7.45101e-19
17702.50000	-3.97376e-20	3.59011e-19
17704.20000	-2.77947e-19	2.24806e-19
17705.80000	-5.07550e-19	2.01993e-19
17707.40000	-8.56357e-20	1.93181e-19
17709.10000	1.25151e-19	1.96978e-19
17710.70000	5.26187e-20	2.00918e-19
17712.30000	-1.48227e-19	1.96837e-19
17713.90000	5.02783e-19	1.87708e-19
17715.60000	3.14060e-19	1.76454e-19
17717.20000	6.39583e-19	1.72897e-19
17718.80000	8.39344e-19	1.79748e-19
17720.50000	2.03400e-18	2.04642e-19
17722.10000	3.44336e-18	2.68203e-19
17723.70000	5.46590e-18	3.09364e-19
17725.30000	7.38569e-18	3.03790e-19
17727.00000	6.06709e-18	2.99093e-19
17728.60000	4.04578e-18	2.67080e-19
17730.20000	1.36407e-18	4.50661e-19
17731.90000	2.58524e-19	5.46572e-19
17733.50000	-3.95412e-19	6.04430e-19
17735.10000	5.18194e-19	5.62490e-19
17736.70000	3.77989e-19	4.74322e-19
17738.40000	-3.17315e-20	3.06180e-19
17740.00000	1.69612e-19	2.18528e-19
17741.60000	-1.56350e-19	2.08611e-19
17743.30000	2.38155e-20	1.99692e-19
17744.90000	1.89258e-19	1.95534e-19
17746.50000	-7.02954e-20	1.90149e-19
17748.10000	1.60187e-19	1.81983e-19
17749.80000	-5.68777e-20	1.80300e-19
17751.40000	-3.22818e-20	1.80145e-19
17753.00000	3.34892e-19	1.98235e-19
17754.70000	-2.34224e-20	2.08743e-19
17756.30000	1.71528e-19	2.09598e-19
17757.90000	2.26737e-19	2.25421e-19
17759.50000	1.64529e-19	2.06321e-19
17761.20000	-2.27820e-19	2.09473e-19
17762.80000	2.21888e-19	2.07892e-19
17764.40000	-1.37884e-19	2.20871e-19
17766.10000	-1.98555e-19	2.40646e-19
17767.70000	6.41226e-20	2.51753e-19
17769.30000	1.27060e-19	2.75350e-19
17771.00000	9.11079e-20	3.04264e-19
17772.60000	-3.80523e-19	3.57481e-19
17774.20000	-4.53655e-19	3.65700e-19
17775.80000	-4.42567e-19	3.70620e-19
17777.50000	-8.18170e-19	4.07233e-19
17779.10000	-2.81613e-19	4.32081e-19
17780.70000	2.05401e-19	4.60589e-19
17782.40000	-1.64740e-20	2.88311e-19
17784.00000	-4.99303e-19	2.82440e-19
17785.60000	2.33104e-19	3.37584e-19
17787.20000	4.00811e-19	3.30414e-19
17788.90000	-1.57710e-20	2.65749e-19
17790.50000	-4.04280e-19	2.18369e-19
17792.10000	4.54143e-19	2.01760e-19
17793.80000	1.19107e-19	1.89746e-19
17795.40000	2.86453e-19	1.84185e-19
17797.00000	1.75442e-20	1.82801e-19
17798.60000	5.38172e-19	2.00842e-19
17800.30000	5.27920e-19	2.04917e-19
17801.90000	7.74986e-20	1.84818e-19
17803.50000	1.75028e-19	1.88935e-19
17805.20000	-3.06601e-19	1.97940e-19
17806.80000	-6.16952e-20	2.36425e-19
17808.40000	-3.68434e-19	5.90618e-19
17810.00000	-6.20156e-19	1.44721e-18
17811.70000	-9.72447e-19	1.69928e-18
17813.30000	8.62715e-19	1.29028e-18
17814.90000	3.64320e-19	5.24838e-19
17816.60000	-1.49773e-19	3.09614e-19
17818.20000	-4.57167e-19	3.39176e-19
17819.80000	-2.16415e-19	3.53529e-19
17821.40000	1.72188e-19	3.49901e-19
17823.10000	8.32783e-20	4.60405e-19
17824.70000	-9.26774e-20	3.32712e-19
17826.30000	-4.30468e-19	3.18635e-19
17828.00000	-1.07192e-18	3.81037e-19
17829.60000	-2.46187e-19	4.91327e-19
17831.20000	6.58110e-19	5.09042e-19
17832.90000	1.52793e-19	4.37481e-19
17834.50000	1.57484e-19	3.78168e-19
17836.10000	1.51409e-20	3.67313e-19
17837.70000	1.12449e-19	3.24863e-19
17839.40000	1.57971e-19	2.29539e-19
17841.00000	-3.87322e-20	2.39469e-19
17842.60000	-4.97419e-19	2.98820e-19
17844.30000	-3.09712e-19	3.57340e-19
17845.90000	-1.81840e-19	3.87859e-19
17847.50000	9.09715e-19	3.86391e-19
17849.10000	4.87642e-20	5.10337e-19
17850.80000	-7.86837e-19	5.63011e-19
17852.40000	-9.42224e-19	5.69502e-19
17854.00000	2.83184e-19	4.98023e-19
17855.70000	-3.21643e-19	5.01993e-19
17857.30000	-5.44605e-20	3.75198e-19
17858.90000	-1.46390e-19	3.47960e-19
17860.50000	-3.62372e-19	3.61671e-19
17862.20000	5.31208e-20	3.42511e-19
17863.80000	1.13221e-19	4.17284e-20
17865.40000	1.30623e-19	2.45704e-20
17867.10000	-1.99555e-19	4.25063e-20
