#a1689_z1_1.H.766.fc.1d.esc.slc.txt
#Applied Total SLC: 1.486336872326601
#Wavelength in (A) | Flux (erg/sec/cm2/A)| Flux Error
14677.60000	-1.73497e-18	1.16377e-18
14679.20000	-8.44100e-19	3.85149e-19
14680.80000	-1.32984e-19	1.79789e-19
14682.40000	-5.48503e-19	9.67735e-20
14684.10000	-8.96783e-19	5.19280e-19
14685.70000	-6.19013e-20	6.36805e-19
14687.30000	-8.18037e-19	6.23179e-19
14689.00000	-1.73322e-19	6.41527e-19
14690.60000	-5.21281e-19	7.03904e-19
14692.20000	-6.93531e-19	8.92899e-19
14693.80000	-1.39549e-18	1.39488e-18
14695.50000	2.78727e-18	3.37611e-18
14697.10000	2.61747e-18	6.45017e-18
14698.70000	9.02551e-18	6.84678e-18
14700.40000	-6.00813e-18	5.48981e-18
14702.00000	5.56302e-19	3.70633e-18
14703.60000	-2.45142e-19	2.31812e-18
14705.20000	4.43197e-19	1.59445e-18
14706.90000	6.18557e-19	1.34343e-18
14708.50000	-3.76772e-19	1.09136e-18
14710.10000	-1.80881e-18	1.07719e-18
14711.80000	8.49443e-19	1.21221e-18
14713.40000	8.70155e-20	1.16380e-18
14715.00000	1.83372e-18	1.07935e-18
14716.70000	1.73302e-18	9.54371e-19
14718.30000	-5.58794e-19	7.47736e-19
14719.90000	-4.95357e-19	7.36116e-19
14721.50000	7.44585e-19	7.14900e-19
14723.20000	1.82598e-18	7.23958e-19
14724.80000	5.40535e-19	7.39072e-19
14726.40000	-9.62281e-19	6.54635e-19
14728.10000	6.24082e-19	6.21185e-19
14729.70000	-4.46671e-19	5.86624e-19
14731.30000	1.13176e-18	5.77128e-19
14732.90000	-1.68815e-18	6.53984e-19
14734.60000	-3.23962e-19	7.34916e-19
14736.20000	-6.27340e-19	9.54283e-19
14737.80000	1.84233e-18	2.06622e-18
14739.50000	-6.69061e-19	2.61937e-18
14741.10000	-3.39411e-18	2.43813e-18
14742.70000	2.59158e-19	1.64869e-18
14744.30000	7.43140e-19	9.92736e-19
14746.00000	1.32728e-18	5.87241e-19
14747.60000	-1.04899e-18	4.80655e-19
14749.20000	-1.91306e-19	4.64770e-19
14750.90000	2.58776e-19	5.23904e-19
14752.50000	-2.86726e-19	8.88980e-19
14754.10000	-3.48882e-19	1.60526e-18
14755.70000	2.58637e-19	1.95366e-18
14757.40000	-2.06911e-18	1.76476e-18
14759.00000	-1.73814e-19	1.21427e-18
14760.60000	2.10537e-18	8.19643e-19
14762.30000	-3.32647e-19	6.25986e-19
14763.90000	-5.44928e-20	5.63785e-19
14765.50000	1.97183e-18	5.58961e-19
14767.10000	1.32967e-18	6.80793e-19
14768.80000	-8.39397e-19	1.21593e-18
14770.40000	1.85478e-18	2.50644e-18
14772.00000	-3.82651e-19	2.96823e-18
14773.70000	-4.64620e-18	2.75494e-18
14775.30000	-1.42760e-18	1.84206e-18
14776.90000	-1.17717e-18	1.18020e-18
14778.60000	-8.59094e-19	9.59053e-19
14780.20000	1.38908e-18	1.69115e-18
14781.80000	1.01768e-19	3.29534e-18
14783.40000	2.28046e-18	3.81129e-18
14785.10000	-1.67263e-18	3.26021e-18
14786.70000	-1.94752e-18	2.05336e-18
14788.30000	-6.16076e-19	1.20713e-18
14790.00000	-5.36632e-19	9.81305e-19
14791.60000	6.35259e-19	1.09367e-18
14793.20000	6.01046e-19	1.15057e-18
14794.80000	1.11738e-18	1.13893e-18
14796.50000	2.97859e-19	1.86434e-18
14798.10000	3.58109e-18	3.44427e-18
14799.70000	-3.17251e-18	4.65067e-18
14801.40000	2.37873e-19	4.09351e-18
14803.00000	-2.69363e-18	3.45139e-18
14804.60000	4.11241e-18	3.31837e-18
14806.20000	2.23390e-18	3.26801e-18
14807.90000	-8.46143e-19	2.05134e-18
14809.50000	3.35019e-19	1.18540e-18
14811.10000	-3.11339e-19	6.94036e-19
14812.80000	-2.68233e-19	5.77390e-19
14814.40000	-8.87609e-19	5.58218e-19
14816.00000	-4.27109e-19	5.52892e-19
14817.60000	-5.37098e-20	5.54985e-19
14819.30000	-4.72557e-19	6.16628e-19
14820.90000	2.19666e-19	5.76890e-19
14822.50000	-8.76175e-21	5.17355e-19
14824.20000	-8.84220e-20	5.16273e-19
14825.80000	-1.06284e-18	6.41848e-19
14827.40000	-5.71302e-19	8.73624e-19
14829.00000	1.39954e-18	1.38665e-18
14830.70000	2.09413e-18	2.77875e-18
14832.30000	-8.43178e-18	4.30381e-18
14833.90000	-5.35170e-18	4.20486e-18
14835.60000	-1.83176e-18	2.82337e-18
14837.20000	-1.49325e-18	1.51400e-18
14838.80000	-1.50642e-19	6.60818e-19
14840.50000	-5.07578e-19	5.29230e-19
14842.10000	-6.60177e-19	5.44690e-19
14843.70000	-4.41015e-19	5.21455e-19
14845.30000	-7.42555e-19	5.11168e-19
14847.00000	4.26763e-20	5.32343e-19
14848.60000	-7.35188e-20	5.31936e-19
14850.20000	8.03035e-20	5.23885e-19
14851.90000	3.35322e-19	5.07761e-19
14853.50000	4.57920e-19	4.84210e-19
14855.10000	-3.59830e-19	4.97684e-19
14856.70000	-4.65044e-19	5.91534e-19
14858.40000	-1.09126e-19	7.53662e-19
14860.00000	-3.92018e-19	9.96156e-19
14861.60000	-1.74807e-18	1.69722e-18
14863.30000	-1.32668e-18	2.97889e-18
14864.90000	7.65869e-20	3.27308e-18
14866.50000	-2.68273e-19	2.40779e-18
14868.10000	-2.16250e-18	1.42920e-18
14869.80000	-6.15210e-19	7.67249e-19
14871.40000	-4.82456e-19	5.45382e-19
14873.00000	-5.33394e-19	5.02061e-19
14874.70000	1.98436e-19	5.11801e-19
14876.30000	1.00506e-19	5.33427e-19
14877.90000	-2.89241e-19	5.41480e-19
14879.50000	-7.99031e-19	5.71186e-19
14881.20000	-4.63296e-19	7.30526e-19
14882.80000	-9.05973e-19	1.30025e-18
14884.40000	-2.55755e-18	2.40928e-18
14886.10000	-2.07185e-18	4.60998e-18
14887.70000	3.05631e-18	5.03262e-18
14889.30000	2.97504e-18	3.97389e-18
14891.00000	2.82162e-18	2.38660e-18
14892.60000	1.89967e-19	1.00174e-18
14894.20000	-5.43845e-19	5.70737e-19
14895.80000	1.62972e-20	4.90696e-19
14897.50000	3.37761e-19	4.68172e-19
14899.10000	4.22363e-19	4.50339e-19
14900.70000	5.25123e-19	4.49385e-19
14902.40000	4.94877e-19	4.92309e-19
14904.00000	-3.31254e-19	5.17395e-19
14905.60000	-3.90202e-19	8.93008e-19
14907.20000	1.50570e-18	1.53702e-18
14908.90000	5.69499e-19	1.94200e-18
14910.50000	-7.30624e-19	1.63727e-18
14912.10000	4.48972e-19	1.16657e-18
14913.80000	-7.46211e-19	7.41819e-19
14915.40000	2.32899e-19	5.43451e-19
14917.00000	4.86646e-19	5.12059e-19
14918.60000	3.55658e-19	4.94987e-19
14920.30000	2.89390e-19	4.76034e-19
14921.90000	2.60672e-19	4.59485e-19
14923.50000	-1.73195e-19	4.67627e-19
14925.20000	-9.88303e-20	5.18571e-19
14926.80000	4.55268e-20	6.15615e-19
14928.40000	-1.03059e-19	1.15683e-18
14930.00000	-3.53329e-18	2.66322e-18
14931.70000	1.44750e-18	2.78073e-18
14933.30000	2.70478e-18	2.40024e-18
14934.90000	-3.69184e-19	1.49633e-18
14936.60000	-9.98878e-19	8.72278e-19
14938.20000	-9.27920e-19	5.83570e-19
14939.80000	4.48024e-19	6.00245e-19
14941.40000	1.06157e-18	6.51447e-19
14943.10000	-1.95884e-19	5.30570e-19
14944.70000	-7.73179e-19	4.85940e-19
14946.30000	2.18008e-20	4.62805e-19
14948.00000	-9.31767e-20	4.57604e-19
14949.60000	-7.67023e-20	4.49439e-19
14951.20000	4.77609e-20	4.69932e-19
14952.90000	8.17407e-19	4.98926e-19
14954.50000	1.26250e-19	5.08037e-19
14956.10000	2.57545e-19	5.14678e-19
14957.70000	4.94717e-19	5.09250e-19
14959.40000	-6.69828e-21	5.23778e-19
14961.00000	-1.41133e-19	5.50810e-19
14962.60000	4.70310e-19	5.98989e-19
14964.30000	6.35760e-19	6.07661e-19
14965.90000	-9.42124e-19	5.75489e-19
14967.50000	-3.47929e-19	5.13834e-19
14969.10000	1.19429e-19	4.79379e-19
14970.80000	-6.09627e-19	4.61149e-19
14972.40000	-2.33709e-19	4.56780e-19
14974.00000	-8.15126e-19	4.62945e-19
14975.70000	-6.55214e-19	4.79515e-19
14977.30000	-1.28419e-18	4.81193e-19
14978.90000	-7.00900e-19	4.74263e-19
14980.50000	-3.16215e-19	4.70879e-19
14982.20000	-4.28377e-19	4.72792e-19
14983.80000	3.68005e-19	4.79265e-19
14985.40000	3.36313e-19	4.81752e-19
14987.10000	5.12590e-19	5.00298e-19
14988.70000	9.44737e-19	5.21920e-19
14990.30000	-2.29510e-19	5.44884e-19
14991.90000	1.61068e-18	5.81407e-19
14993.60000	-3.64795e-19	5.94750e-19
14995.20000	1.66951e-19	5.77217e-19
14996.80000	-2.66329e-20	5.42317e-19
14998.50000	-9.31889e-19	5.18589e-19
15000.10000	4.13503e-19	5.12704e-19
15001.70000	1.79141e-19	5.15181e-19
15003.30000	-4.24117e-19	6.14630e-19
15005.00000	-6.31628e-19	7.87448e-19
15006.60000	-1.23051e-18	8.68748e-19
15008.20000	-1.13657e-19	8.15005e-19
15009.90000	-1.03812e-18	6.67463e-19
15011.50000	1.01150e-18	5.89154e-19
15013.10000	-3.80260e-19	5.24253e-19
15014.80000	6.11064e-20	5.15615e-19
15016.40000	1.00120e-18	5.00815e-19
15018.00000	6.27328e-19	4.84136e-19
15019.60000	7.67946e-19	4.89686e-19
15021.30000	7.68571e-19	5.34698e-19
15022.90000	-1.25590e-19	7.12452e-19
15024.50000	-1.32121e-19	9.22312e-19
15026.20000	-6.52095e-19	1.00502e-18
15027.80000	-1.27885e-18	8.97715e-19
15029.40000	1.59783e-19	7.77246e-19
15031.00000	3.29597e-19	5.54543e-19
15032.70000	-3.24395e-19	5.00991e-19
15034.30000	-8.04872e-19	5.09018e-19
15035.90000	-4.15060e-19	5.75743e-19
15037.60000	-4.57321e-19	5.42598e-19
15039.20000	1.21669e-18	5.28424e-19
15040.80000	-2.94293e-19	5.23853e-19
15042.40000	-3.62011e-19	5.25430e-19
15044.10000	-4.91680e-19	5.82527e-19
15045.70000	3.95328e-19	6.14426e-19
15047.30000	4.00770e-19	7.01101e-19
15049.00000	-1.73806e-18	1.06619e-18
15050.60000	3.54332e-18	1.96186e-18
15052.20000	1.31079e-18	3.71801e-18
15053.80000	3.09701e-18	6.09523e-18
15055.50000	-1.39491e-19	6.78993e-18
15057.10000	-7.69493e-19	5.46602e-18
15058.70000	-1.81213e-18	3.23819e-18
15060.40000	-3.60695e-19	1.47096e-18
15062.00000	5.90327e-19	1.27791e-18
15063.60000	1.39970e-18	1.41753e-18
15065.20000	4.16784e-18	1.91220e-18
15066.90000	6.00092e-19	2.95961e-18
15068.50000	-3.82277e-19	3.77271e-18
15070.10000	-4.82241e-18	3.79630e-18
15071.80000	-1.26048e-18	2.31066e-18
15073.40000	-1.72534e-18	1.12647e-18
15075.00000	-1.55658e-18	6.41122e-19
15076.70000	-9.71317e-19	5.75991e-19
15078.30000	-7.71718e-19	6.50573e-19
15079.90000	-1.35842e-19	7.78158e-19
15081.50000	-4.16318e-19	8.66790e-19
15083.20000	-2.98321e-19	9.62778e-19
15084.80000	-3.89808e-19	1.30482e-18
15086.40000	-2.19618e-18	1.97573e-18
15088.10000	-5.98867e-19	2.34123e-18
15089.70000	5.24762e-19	2.02579e-18
15091.30000	1.50257e-18	1.33316e-18
15092.90000	1.01210e-18	9.13357e-19
15094.60000	3.13680e-19	6.96456e-19
15096.20000	-1.56577e-19	6.12286e-19
15097.80000	-3.04170e-19	5.89881e-19
15099.50000	-6.72905e-19	5.91986e-19
15101.10000	-2.81090e-19	5.78298e-19
15102.70000	8.75744e-19	5.84640e-19
15104.30000	3.83191e-19	6.45030e-19
15106.00000	-4.89547e-19	7.21484e-19
15107.60000	-7.40453e-20	7.45175e-19
15109.20000	-3.99380e-19	8.01164e-19
15110.90000	-8.69436e-19	9.26076e-19
15112.50000	2.56298e-19	1.12842e-18
15114.10000	1.42087e-18	1.18220e-18
15115.70000	1.10751e-18	9.96865e-19
15117.40000	-2.37801e-19	7.71858e-19
15119.00000	-3.30873e-19	5.93017e-19
15120.60000	-4.06021e-19	5.01490e-19
15122.30000	-9.59931e-20	4.71478e-19
15123.90000	-1.26063e-19	4.75394e-19
15125.50000	-7.15839e-19	4.85103e-19
15127.10000	-6.47381e-20	4.97917e-19
15128.80000	-1.75102e-19	5.08883e-19
15130.40000	4.68939e-19	5.38712e-19
15132.00000	1.16047e-18	5.84719e-19
15133.70000	4.62472e-19	6.22359e-19
15135.30000	9.90354e-20	6.18876e-19
15136.90000	2.33517e-19	5.84190e-19
15138.60000	-3.53579e-19	5.73359e-19
15140.20000	-9.42981e-19	5.95180e-19
15141.80000	-2.67330e-19	6.19290e-19
15143.40000	-1.20824e-19	6.21959e-19
15145.10000	-4.89528e-19	6.60348e-19
15146.70000	5.10161e-19	6.92260e-19
15148.30000	-7.59254e-20	6.73508e-19
15150.00000	-2.66146e-20	7.05659e-19
15151.60000	-2.79213e-19	7.02395e-19
15153.20000	1.08211e-19	6.13546e-19
15154.80000	-5.62791e-19	5.25441e-19
15156.50000	-5.36248e-19	4.73614e-19
15158.10000	9.81672e-20	4.48187e-19
15159.70000	5.31444e-20	4.25434e-19
15161.40000	-1.04855e-19	4.30067e-19
15163.00000	4.96249e-19	4.35089e-19
15164.60000	-5.72448e-21	4.51079e-19
15166.20000	-7.35654e-19	4.68956e-19
15167.90000	-3.12905e-19	4.72177e-19
15169.50000	-7.19586e-19	4.70513e-19
15171.10000	-7.27679e-19	4.64309e-19
15172.80000	-2.84158e-20	4.86005e-19
15174.40000	-1.17886e-19	4.87790e-19
15176.00000	-4.48438e-19	4.86826e-19
15177.60000	-2.79656e-19	4.94507e-19
15179.30000	6.98578e-20	5.30271e-19
15180.90000	-5.14484e-19	6.10757e-19
15182.50000	-1.77616e-18	8.30581e-19
15184.20000	-2.38365e-18	1.60376e-18
15185.80000	4.39999e-18	3.25630e-18
15187.40000	7.44160e-18	3.00637e-18
15189.00000	2.20192e-18	2.43068e-18
15190.70000	-4.72776e-19	1.35144e-18
15192.30000	-1.24344e-18	6.64260e-19
15193.90000	-3.79799e-19	4.89314e-19
15195.60000	2.21345e-19	4.32392e-19
15197.20000	2.21176e-19	4.15231e-19
15198.80000	-3.21087e-19	4.01524e-19
15200.50000	-4.00786e-19	4.01326e-19
15202.10000	-5.33586e-20	4.19033e-19
15203.70000	-2.86735e-19	4.33847e-19
15205.30000	-7.80165e-19	4.17848e-19
15207.00000	-3.98141e-19	4.16672e-19
15208.60000	-6.17441e-20	4.12717e-19
15210.20000	1.99484e-19	4.14123e-19
15211.90000	-1.66856e-19	4.10363e-19
15213.50000	-1.74661e-19	4.06482e-19
15215.10000	-4.32803e-19	4.03752e-19
15216.70000	-3.26823e-19	3.99553e-19
15218.40000	1.06798e-20	4.05314e-19
15220.00000	6.15367e-19	4.14725e-19
15221.60000	-8.18576e-21	4.19137e-19
15223.30000	-3.42122e-19	4.21675e-19
15224.90000	2.02696e-19	4.20335e-19
15226.50000	4.45714e-19	4.10986e-19
15228.10000	6.90928e-19	4.24449e-19
15229.80000	5.11434e-20	4.70687e-19
15231.40000	-5.44783e-20	4.89567e-19
15233.00000	-3.62885e-19	4.93305e-19
15234.70000	1.61013e-19	6.17953e-19
15236.30000	1.10540e-18	1.06054e-18
15237.90000	-1.58362e-18	2.54678e-18
15239.50000	-6.38587e-18	4.84428e-18
15241.20000	-4.46053e-18	5.39298e-18
15242.80000	-6.86756e-18	4.08429e-18
15244.40000	-9.57638e-19	2.02383e-18
15246.10000	-1.72641e-18	8.50678e-19
15247.70000	-6.60797e-20	5.00023e-19
15249.30000	2.90500e-19	4.31405e-19
15251.00000	-6.82203e-20	4.03132e-19
15252.60000	-2.84735e-19	3.89721e-19
15254.20000	2.54748e-19	3.86308e-19
15255.80000	3.60847e-19	3.80153e-19
15257.50000	-3.02126e-20	3.79963e-19
15259.10000	6.47399e-22	3.82411e-19
15260.70000	-4.15097e-20	3.85918e-19
15262.40000	5.91128e-19	4.03948e-19
15264.00000	2.01177e-19	4.43379e-19
15265.60000	-3.62996e-19	4.92238e-19
15267.20000	-8.18160e-19	5.43491e-19
15268.90000	-4.65338e-19	5.62798e-19
15270.50000	3.89373e-20	5.44723e-19
15272.10000	7.87131e-19	5.17107e-19
15273.80000	1.45263e-19	5.31397e-19
15275.40000	4.20146e-19	3.88796e-19
15277.00000	7.94872e-19	3.80391e-19
15278.60000	8.05636e-21	4.00623e-19
15280.30000	-2.51681e-19	4.65026e-19
15281.90000	4.88769e-19	6.07910e-19
15283.50000	2.15462e-19	9.53024e-19
15285.20000	8.26836e-20	2.12588e-18
15286.80000	2.99217e-18	3.18894e-18
15288.40000	2.28715e-18	3.24823e-18
15290.00000	-2.59394e-20	2.24331e-18
15291.70000	-8.66673e-20	1.09890e-18
15293.30000	1.63705e-19	5.60576e-19
15294.90000	-1.77344e-19	4.39416e-19
15296.60000	2.91484e-19	4.08683e-19
15298.20000	4.25152e-19	3.91629e-19
15299.80000	-4.46295e-19	3.79273e-19
15301.40000	-5.22080e-19	3.79236e-19
15303.10000	-4.36652e-19	3.72564e-19
15304.70000	-3.53115e-19	3.83742e-19
15306.30000	-6.67264e-19	4.40605e-19
15308.00000	-7.00787e-19	4.72915e-19
15309.60000	-5.28553e-19	6.17187e-19
15311.20000	2.34907e-19	6.49033e-19
15312.90000	-1.86000e-19	5.65596e-19
15314.50000	5.50061e-19	4.51696e-19
15316.10000	-8.81827e-20	3.99900e-19
15317.70000	-4.45836e-19	3.93001e-19
15319.40000	-3.31307e-19	3.95583e-19
15321.00000	1.73499e-19	3.95514e-19
15322.60000	7.60484e-19	4.08475e-19
15324.30000	5.15683e-19	4.47408e-19
15325.90000	-4.36825e-20	5.68354e-19
15327.50000	-8.65577e-19	1.01705e-18
15329.10000	1.82259e-18	2.51136e-18
15330.80000	2.40220e-18	4.91732e-18
15332.40000	-5.84116e-18	5.61174e-18
15334.00000	-2.82254e-18	4.58550e-18
15335.70000	5.06129e-19	2.39545e-18
15337.30000	1.69922e-18	9.72332e-19
15338.90000	-6.11541e-20	5.63757e-19
15340.50000	-3.47989e-19	4.39351e-19
15342.20000	-5.72747e-19	4.13022e-19
15343.80000	-5.90352e-19	4.72098e-19
15345.40000	-2.51267e-19	5.08574e-19
15347.10000	5.95505e-19	7.80437e-19
15348.70000	-3.23269e-19	8.91618e-19
15350.30000	2.59458e-19	8.01116e-19
15351.90000	-8.56265e-19	5.59106e-19
15353.60000	1.56163e-20	4.31072e-19
15355.20000	1.82467e-20	4.15375e-19
15356.80000	7.88747e-20	4.19499e-19
15358.50000	-9.27725e-19	3.98100e-19
15360.10000	-7.04222e-19	3.75489e-19
15361.70000	-5.32917e-19	3.55692e-19
15363.30000	-2.98400e-21	3.50865e-19
15365.00000	1.33232e-19	3.48531e-19
15366.60000	7.65313e-19	3.49380e-19
15368.20000	3.31064e-20	3.57189e-19
15369.90000	5.78020e-19	4.04453e-19
15371.50000	3.91885e-19	5.14405e-19
15373.10000	-8.58458e-19	6.38538e-19
15374.80000	8.48853e-19	7.82965e-19
15376.40000	-2.43721e-19	8.37621e-19
15378.00000	8.49131e-19	7.86880e-19
15379.60000	-1.77757e-20	6.54158e-19
15381.30000	-7.97961e-19	4.97458e-19
15382.90000	2.03155e-20	4.12445e-19
15384.50000	8.20945e-19	4.67875e-19
15386.20000	2.93080e-20	6.08769e-19
15387.80000	5.98213e-19	6.81494e-19
15389.40000	-9.87472e-19	7.30231e-19
15391.00000	-1.05937e-18	9.20982e-19
15392.70000	-8.49513e-19	1.96541e-18
15394.30000	2.31206e-18	2.94208e-18
15395.90000	-5.99544e-19	2.99891e-18
15397.60000	7.16930e-19	2.07872e-18
15399.20000	-1.09298e-18	1.14796e-18
15400.80000	-3.03911e-19	4.63166e-19
15402.40000	-8.21397e-19	4.68083e-19
15404.10000	-8.75918e-19	5.74184e-19
15405.70000	-6.49868e-19	6.44716e-19
15407.30000	-1.13440e-19	6.20073e-19
15409.00000	-2.91393e-19	5.94043e-19
15410.60000	9.36902e-19	5.75944e-19
15412.20000	5.50218e-19	5.61633e-19
15413.80000	5.95924e-19	4.84671e-19
15415.50000	-1.68039e-19	4.08558e-19
15417.10000	1.39584e-19	3.83485e-19
15418.70000	-3.56431e-20	3.93447e-19
15420.40000	-6.11457e-19	4.14893e-19
15422.00000	4.70365e-19	4.63771e-19
15423.60000	4.08631e-20	5.04815e-19
15425.20000	-8.67171e-20	5.70859e-19
15426.90000	-1.25159e-18	8.28826e-19
15428.50000	1.71703e-18	1.78637e-18
15430.10000	1.69621e-18	3.63166e-18
15431.80000	3.41773e-18	4.57746e-18
15433.40000	-1.66284e-18	4.24643e-18
15435.00000	-6.99934e-19	2.53422e-18
15436.70000	1.25277e-18	1.17305e-18
15438.30000	2.34149e-19	7.00845e-19
15439.90000	-1.18920e-18	6.54895e-19
15441.50000	-2.00120e-19	4.95817e-19
15443.20000	1.14801e-18	4.01205e-19
15444.80000	1.32796e-19	3.71336e-19
15446.40000	6.31825e-19	3.64928e-19
15448.10000	1.23700e-19	3.58063e-19
15449.70000	-4.89476e-19	3.58048e-19
15451.30000	5.80588e-19	3.56987e-19
15452.90000	3.02612e-19	3.61189e-19
15454.60000	3.77873e-19	3.63454e-19
15456.20000	-2.77652e-19	3.68530e-19
15457.80000	-1.88701e-20	4.19391e-19
15459.50000	-1.02379e-18	7.12229e-19
15461.10000	-5.27262e-19	9.25743e-19
15462.70000	-1.55266e-18	1.06195e-18
15464.30000	5.28709e-20	7.29634e-19
15466.00000	-5.40991e-19	5.30104e-19
15467.60000	8.95509e-19	4.83443e-19
15469.20000	7.20353e-19	4.77055e-19
15470.90000	1.81764e-19	5.02198e-19
15472.50000	1.25369e-19	7.07166e-19
15474.10000	2.24178e-19	8.41232e-19
15475.70000	1.29010e-18	7.62540e-19
15477.40000	-1.55224e-19	5.52143e-19
15479.00000	4.91163e-19	3.79368e-19
15480.60000	-6.72557e-20	3.38822e-19
15482.30000	4.54211e-19	3.31055e-19
15483.90000	1.80624e-19	3.56762e-19
15485.50000	3.64448e-19	5.27452e-19
15487.10000	-5.07687e-19	7.58894e-19
15488.80000	-4.03373e-19	8.19563e-19
15490.40000	2.21287e-19	6.75133e-19
15492.00000	-8.09362e-19	4.66836e-19
15493.70000	-1.85105e-19	3.70844e-19
15495.30000	3.66447e-19	3.91344e-19
15496.90000	2.91057e-19	6.37786e-19
15498.60000	-1.07235e-18	1.16112e-18
15500.20000	3.09698e-18	1.55591e-18
15501.80000	7.30129e-19	1.53267e-18
15503.40000	-1.40906e-18	1.01690e-18
15505.10000	3.74478e-19	6.90643e-19
15506.70000	3.62500e-20	1.25660e-18
15508.30000	2.19566e-18	2.00282e-18
15510.00000	1.32261e-18	2.25598e-18
15511.60000	-2.44394e-20	1.80507e-18
15513.20000	-8.03328e-19	1.00248e-18
15514.80000	5.32827e-19	8.58406e-19
15516.50000	1.28253e-18	1.18653e-18
15518.10000	4.14796e-19	1.27909e-18
15519.70000	-1.24404e-18	9.90415e-19
15521.40000	5.52733e-19	5.64778e-19
15523.00000	-1.82319e-19	3.77940e-19
15524.60000	-2.66353e-19	3.46626e-19
15526.20000	3.85281e-19	3.38926e-19
15527.90000	-2.94706e-19	3.40465e-19
15529.50000	-1.76315e-19	3.51611e-19
15531.10000	2.61265e-19	4.12164e-19
15532.80000	-5.99093e-19	3.90083e-19
15534.40000	4.03230e-20	4.72749e-19
15536.00000	-7.22647e-19	8.42322e-19
15537.60000	-1.37856e-18	1.97467e-18
15539.30000	-6.22774e-18	3.02792e-18
15540.90000	-5.93436e-20	3.16059e-18
15542.50000	-5.08622e-19	2.57324e-18
15544.20000	1.95979e-18	2.45012e-18
15545.80000	-6.63016e-19	2.56118e-18
15547.40000	-3.70435e-18	2.28080e-18
15549.10000	-2.87211e-18	1.51165e-18
15550.70000	-1.84044e-19	6.66772e-19
15552.30000	4.35972e-19	3.92261e-19
15553.90000	-3.42275e-19	3.64942e-19
15555.60000	-5.78292e-19	3.47167e-19
15557.20000	-6.41149e-19	3.47555e-19
15558.80000	3.04047e-19	4.55394e-19
15560.50000	1.49462e-19	4.72640e-19
15562.10000	7.55009e-19	4.93058e-19
15563.70000	5.40657e-20	4.71219e-19
15565.30000	5.11606e-19	5.60010e-19
15567.00000	-1.58455e-18	8.73532e-19
15568.60000	2.29214e-19	1.54570e-18
15570.20000	-1.84814e-18	1.92705e-18
15571.90000	-1.51269e-19	1.48470e-18
15573.50000	-3.90514e-19	8.22451e-19
15575.10000	-4.48333e-19	4.80854e-19
15576.70000	5.07385e-19	4.24959e-19
15578.40000	-2.92924e-19	4.52771e-19
15580.00000	-6.13436e-19	5.09671e-19
15581.60000	-3.12829e-19	5.21087e-19
15583.30000	3.82723e-19	4.47778e-19
15584.90000	6.44813e-19	3.78176e-19
15586.50000	4.68948e-19	3.59261e-19
15588.10000	8.52508e-20	3.71540e-19
15589.80000	-7.78390e-20	3.74297e-19
15591.40000	2.97936e-19	4.24010e-19
15593.00000	1.90571e-18	6.80490e-19
15594.70000	8.16805e-20	1.65214e-18
15596.30000	-5.26790e-18	3.10630e-18
15597.90000	-1.62048e-19	3.44830e-18
15599.50000	-3.47082e-19	2.60570e-18
15601.20000	2.95890e-20	1.21790e-18
15602.80000	8.50564e-20	4.69067e-19
15604.40000	2.06628e-19	3.73555e-19
15606.10000	3.27326e-20	3.89912e-19
15607.70000	-9.73014e-20	3.52990e-19
15609.30000	-7.62803e-19	3.73464e-19
15611.00000	-6.36519e-20	5.20685e-19
15612.60000	8.08456e-19	6.49554e-19
15614.20000	1.09999e-18	6.11332e-19
15615.80000	1.50249e-19	6.26094e-19
15617.50000	-2.56802e-19	3.92524e-19
15619.10000	-3.48614e-19	3.88561e-19
15620.70000	-1.59841e-19	3.91385e-19
15622.40000	-9.45781e-20	4.32322e-19
15624.00000	5.35506e-19	3.53668e-19
15625.60000	2.68328e-19	3.98554e-19
15627.20000	-5.95779e-19	6.52771e-19
15628.90000	1.36681e-19	1.64497e-18
15630.50000	-3.98069e-18	2.61014e-18
15632.10000	-1.15730e-18	2.62893e-18
15633.80000	3.32436e-18	1.78042e-18
15635.40000	5.46047e-22	7.93692e-19
15637.00000	-9.84839e-19	4.00855e-19
15638.60000	-4.60989e-19	4.79217e-19
15640.30000	1.30123e-19	4.67165e-19
15641.90000	1.03043e-18	4.50186e-19
15643.50000	-4.93192e-19	3.94386e-19
15645.20000	3.88252e-19	4.01087e-19
15646.80000	-2.96347e-19	4.07400e-19
15648.40000	-2.63660e-19	4.02041e-19
15650.00000	-4.73539e-19	6.12497e-19
15651.70000	-3.53833e-18	1.46643e-18
15653.30000	-2.01155e-18	3.24192e-18
15654.90000	-5.45631e-19	4.04939e-18
15656.60000	1.87478e-18	3.67038e-18
15658.20000	-1.52017e-18	2.28136e-18
15659.80000	9.19213e-19	1.18260e-18
15661.40000	-6.37074e-19	5.65539e-19
15663.10000	-2.05373e-19	3.64673e-19
15664.70000	3.25864e-20	3.39701e-19
15666.30000	-3.67418e-19	3.30881e-19
15668.00000	-8.13215e-20	3.19322e-19
15669.60000	6.26681e-20	3.17184e-19
15671.20000	8.44315e-20	3.19466e-19
15672.90000	4.16596e-19	3.27690e-19
15674.50000	1.84896e-20	3.28770e-19
15676.10000	-2.12536e-19	3.32916e-19
15677.70000	-3.34277e-20	3.32675e-19
15679.40000	-7.56852e-19	3.60453e-19
15681.00000	-1.25154e-19	3.65217e-19
15682.60000	4.01796e-19	3.80587e-19
15684.30000	-1.31903e-19	3.86459e-19
15685.90000	2.92556e-19	3.78731e-19
15687.50000	5.21735e-19	3.65018e-19
15689.10000	2.91582e-19	3.55049e-19
15690.80000	-1.91165e-20	3.48452e-19
15692.40000	-3.99040e-19	3.44054e-19
15694.00000	-3.11780e-19	3.46748e-19
15695.70000	-1.53772e-20	3.97020e-19
15697.30000	4.65533e-19	5.31429e-19
15698.90000	5.25958e-19	8.59999e-19
15700.50000	-2.12261e-18	1.75004e-18
15702.20000	-1.48918e-18	2.20155e-18
15703.80000	2.65796e-19	2.19649e-18
15705.40000	2.33807e-18	1.08469e-18
15707.10000	-4.19209e-20	4.87064e-19
15708.70000	-6.70680e-19	3.75302e-19
15710.30000	-7.33079e-19	3.96416e-19
15711.90000	4.73146e-20	3.93326e-19
15713.60000	1.04190e-19	3.56944e-19
15715.20000	6.92419e-20	3.48045e-19
15716.80000	3.35934e-19	3.30977e-19
15718.50000	1.63270e-19	3.75294e-19
15720.10000	6.44216e-19	4.17261e-19
15721.70000	-5.49931e-19	4.53533e-19
15723.30000	-1.70938e-19	5.37737e-19
15725.00000	2.64039e-19	5.56910e-19
15726.60000	3.06182e-19	4.88409e-19
15728.20000	8.67646e-20	3.84376e-19
15729.90000	-6.08945e-21	3.98481e-19
15731.50000	-1.69112e-19	4.45024e-19
15733.10000	-8.35717e-20	4.58071e-19
15734.80000	2.52578e-19	4.38004e-19
15736.40000	3.51748e-19	4.47786e-19
15738.00000	-4.37838e-19	4.72370e-19
15739.60000	-5.71360e-19	5.11710e-19
15741.30000	3.96431e-19	3.75193e-19
15742.90000	1.38301e-19	3.28156e-19
15744.50000	6.66311e-21	3.71629e-19
15746.20000	2.88959e-19	4.11662e-19
15747.80000	9.56612e-20	4.13753e-19
15749.40000	2.37227e-19	4.05523e-19
15751.00000	-2.10225e-21	4.34703e-19
15752.70000	4.61943e-19	4.32402e-19
15754.30000	-5.57703e-19	3.74691e-19
15755.90000	-3.63118e-19	3.67715e-19
15757.60000	2.56406e-19	6.01931e-19
15759.20000	-1.07192e-18	8.90612e-19
15760.80000	3.91674e-19	9.60707e-19
15762.40000	-1.07105e-19	9.70385e-19
15764.10000	5.57862e-19	5.48721e-19
15765.70000	1.92525e-20	5.18036e-19
15767.30000	4.23723e-19	4.76992e-19
15769.00000	-8.02011e-20	3.91611e-19
15770.60000	-4.74228e-19	3.31780e-19
15772.20000	2.78669e-20	3.46104e-19
15773.80000	9.63246e-20	3.92910e-19
15775.50000	2.89830e-19	4.06463e-19
15777.10000	-8.32674e-20	4.63905e-19
15778.70000	5.97958e-19	7.34784e-19
15780.40000	3.94304e-19	1.04648e-18
15782.00000	7.91498e-20	1.31250e-18
15783.60000	2.37751e-19	9.84459e-19
15785.20000	1.56990e-19	6.88785e-19
15786.90000	5.19990e-19	4.26500e-19
15788.50000	-2.10080e-20	3.56871e-19
15790.10000	-1.38943e-19	3.63326e-19
15791.80000	1.60266e-19	4.15068e-19
15793.40000	-3.33611e-19	5.06185e-19
15795.00000	-1.57925e-19	4.17815e-19
15796.70000	-3.51673e-19	3.82271e-19
15798.30000	-6.25656e-19	3.80565e-19
15799.90000	-8.07225e-19	4.35400e-19
15801.50000	3.55756e-19	6.17081e-19
15803.20000	-3.66768e-19	7.34237e-19
15804.80000	-8.53342e-19	7.53192e-19
15806.40000	-5.20135e-19	8.31647e-19
15808.10000	-1.39352e-19	9.24748e-19
15809.70000	7.73836e-19	8.71549e-19
15811.30000	9.34457e-19	6.08755e-19
15812.90000	3.79318e-19	4.19056e-19
15814.60000	-2.94036e-19	3.47688e-19
15816.20000	-8.36063e-20	3.36342e-19
15817.80000	4.55628e-19	3.33094e-19
15819.50000	4.73800e-19	3.42045e-19
15821.10000	-3.42268e-19	3.63325e-19
15822.70000	-5.16619e-19	4.07753e-19
15824.30000	2.48379e-19	5.08384e-19
15826.00000	-9.69655e-20	6.43900e-19
15827.60000	1.80422e-18	1.30211e-18
15829.20000	4.56928e-18	2.44443e-18
15830.90000	4.20688e-18	4.75683e-18
15832.50000	-3.29921e-18	6.64776e-18
15834.10000	9.97875e-18	6.08729e-18
15835.70000	6.41139e-18	3.38497e-18
15837.40000	7.67550e-19	1.32202e-18
15839.00000	1.76459e-19	7.56239e-19
15840.60000	-1.09809e-18	1.05419e-18
15842.30000	-2.45849e-18	1.31273e-18
15843.90000	-2.32077e-18	1.60382e-18
15845.50000	1.19055e-19	2.42475e-18
15847.20000	7.73184e-19	3.61433e-18
15848.80000	4.66814e-18	3.58255e-18
15850.40000	-6.90673e-19	2.21967e-18
15852.00000	-6.50379e-19	9.49491e-19
15853.70000	-3.14921e-19	5.17028e-19
15855.30000	1.80263e-19	4.49633e-19
15856.90000	1.17389e-19	4.29736e-19
15858.60000	2.29913e-19	4.57994e-19
15860.20000	2.40104e-19	6.13986e-19
15861.80000	-4.39728e-19	7.61082e-19
15863.40000	1.16317e-18	7.70578e-19
15865.10000	5.96718e-20	8.20320e-19
15866.70000	6.79092e-19	1.44214e-18
15868.30000	-2.46216e-19	2.05577e-18
15870.00000	-8.83502e-19	2.94715e-18
15871.60000	1.58216e-18	1.48239e-18
15873.20000	-1.25077e-19	9.08789e-19
15874.80000	7.34145e-19	6.99081e-19
15876.50000	3.18795e-19	6.01987e-19
15878.10000	-7.20697e-19	4.23319e-19
15879.70000	-1.04354e-19	3.62697e-19
15881.40000	-4.79975e-19	3.96100e-19
15883.00000	-3.08122e-19	3.93152e-19
15884.60000	5.56612e-19	3.84367e-19
15886.20000	-2.24150e-19	4.09736e-19
15887.90000	3.26645e-19	5.26368e-19
15889.50000	6.95503e-19	6.06654e-19
15891.10000	1.76780e-19	5.98103e-19
15892.80000	1.44183e-18	6.28460e-19
15894.40000	1.01295e-18	9.10265e-19
15896.00000	2.35578e-18	1.13976e-18
15897.60000	1.15884e-18	1.23298e-18
15899.30000	-3.00314e-19	9.99131e-19
15900.90000	-5.82800e-19	7.26829e-19
15902.50000	-1.69254e-19	4.81170e-19
15904.20000	5.72522e-19	3.72721e-19
15905.80000	6.30619e-19	3.18182e-19
15907.40000	8.83956e-20	3.62162e-19
15909.10000	-5.46951e-19	3.68435e-19
15910.70000	-5.39154e-19	4.18239e-19
15912.30000	3.42803e-19	5.17161e-19
15913.90000	2.20057e-19	6.65391e-19
15915.60000	7.39201e-19	7.08449e-19
15917.20000	1.00240e-18	6.48142e-19
15918.80000	-5.82381e-19	4.90134e-19
15920.50000	-4.04353e-19	3.55209e-19
15922.10000	1.84493e-19	3.30488e-19
15923.70000	3.99505e-19	3.88127e-19
15925.30000	3.24839e-19	4.19477e-19
15927.00000	-1.24025e-19	4.47587e-19
15928.60000	-4.78233e-20	4.97019e-19
15930.20000	-1.40996e-18	5.01355e-19
15931.90000	-9.76373e-19	4.78960e-19
15933.50000	7.91529e-19	5.07406e-19
15935.10000	1.95043e-20	5.64595e-19
15936.70000	1.01922e-19	4.23618e-19
15938.40000	-2.56308e-19	3.33299e-19
15940.00000	-2.29853e-19	3.10563e-19
15941.60000	-3.91544e-19	3.20248e-19
15943.30000	-4.63272e-21	3.25795e-19
15944.90000	2.66734e-19	3.30905e-19
15946.50000	-2.90473e-19	3.34328e-19
15948.10000	-2.73221e-19	3.23289e-19
15949.80000	-1.04618e-19	3.01762e-19
15951.40000	-4.10034e-19	3.00931e-19
15953.00000	9.96647e-20	3.17985e-19
15954.70000	-2.11876e-19	3.25386e-19
15956.30000	-8.55235e-20	3.16563e-19
15957.90000	-2.95713e-19	3.03641e-19
15959.50000	3.16891e-19	3.00185e-19
15961.20000	4.11788e-19	2.98907e-19
15962.80000	-1.37907e-20	3.18581e-19
15964.40000	7.96501e-20	3.53971e-19
15966.10000	-1.15373e-19	3.49802e-19
15967.70000	-2.31809e-19	4.49614e-19
15969.30000	-2.10948e-18	9.59587e-19
15971.00000	-3.08379e-18	2.41750e-18
15972.60000	-6.77187e-19	2.88395e-18
15974.20000	-2.59129e-18	2.17310e-18
15975.80000	-8.52544e-19	9.88569e-19
15977.50000	-2.02637e-19	5.28669e-19
15979.10000	-5.55755e-19	3.69387e-19
15980.70000	-2.20873e-19	3.35273e-19
15982.40000	-1.00321e-20	3.24485e-19
15984.00000	-1.83068e-19	3.26007e-19
15985.60000	8.69847e-20	3.14115e-19
15987.20000	-2.93715e-19	3.01126e-19
15988.90000	-3.54512e-19	2.99840e-19
15990.50000	-2.25893e-19	3.03373e-19
15992.10000	1.21411e-19	2.96032e-19
15993.80000	-1.51007e-20	2.99342e-19
15995.40000	-1.08184e-19	3.01203e-19
15997.00000	4.41509e-19	3.01593e-19
15998.60000	1.84654e-19	3.02233e-19
16000.30000	-4.41222e-19	3.09733e-19
16001.90000	-5.85828e-19	3.15375e-19
16003.50000	-3.56055e-19	3.18683e-19
16005.20000	-2.12836e-19	3.19507e-19
16006.80000	-3.01820e-19	3.16281e-19
16008.40000	5.05572e-19	3.12963e-19
16010.00000	2.91645e-19	3.21900e-19
16011.70000	-2.96518e-20	3.47141e-19
16013.30000	-3.08204e-19	3.66302e-19
16014.90000	-1.68909e-19	3.74095e-19
16016.60000	-7.67677e-19	3.64768e-19
16018.20000	-6.34904e-19	3.53157e-19
16019.80000	-6.21069e-19	3.49627e-19
16021.40000	3.80852e-20	3.58756e-19
16023.10000	6.90418e-20	4.16081e-19
16024.70000	1.17950e-19	5.21205e-19
16026.30000	1.36752e-18	7.49161e-19
16028.00000	2.84494e-18	2.17618e-18
16029.60000	-7.58765e-19	5.03636e-18
16031.20000	-9.55484e-18	5.46012e-18
16032.90000	-3.30746e-18	3.40327e-18
16034.50000	5.13202e-19	1.15994e-18
16036.10000	7.16298e-19	5.78198e-19
16037.70000	-3.46551e-19	4.75718e-19
16039.40000	-3.78539e-19	5.30093e-19
16041.00000	-2.34831e-19	5.94385e-19
16042.60000	1.24194e-20	6.98792e-19
16044.30000	3.95367e-19	5.66566e-19
16045.90000	-2.01189e-19	3.95065e-19
16047.50000	-6.82874e-19	3.37128e-19
16049.10000	-2.68559e-19	3.23958e-19
16050.80000	1.64118e-19	3.27983e-19
16052.40000	3.00888e-19	3.57674e-19
16054.00000	-1.80355e-19	4.20147e-19
16055.70000	-2.89137e-19	4.66864e-19
16057.30000	-2.39488e-19	5.71638e-19
16058.90000	-1.49487e-19	5.78109e-19
16060.50000	4.55021e-19	5.01712e-19
16062.20000	2.56568e-19	4.23857e-19
16063.80000	1.62091e-19	3.88277e-19
16065.40000	4.37292e-19	4.05239e-19
16067.10000	1.88239e-19	4.15987e-19
16068.70000	-5.36688e-20	4.08545e-19
16070.30000	-2.56879e-19	4.15945e-19
16071.90000	-4.09038e-19	4.69564e-19
16073.60000	1.06266e-19	5.29524e-19
16075.20000	1.28441e-19	6.71787e-19
16076.80000	2.43325e-18	1.28098e-18
16078.50000	2.85457e-18	3.00586e-18
16080.10000	1.81711e-18	3.36908e-18
16081.70000	4.12389e-19	2.20745e-18
16083.30000	2.83415e-19	8.05734e-19
16085.00000	3.51125e-20	4.52257e-19
16086.60000	4.52176e-19	3.71856e-19
16088.20000	3.03568e-19	3.58096e-19
16089.90000	-3.73548e-19	3.59563e-19
16091.50000	-3.19765e-19	3.76547e-19
16093.10000	3.10851e-19	3.89191e-19
16094.80000	2.60363e-19	4.16620e-19
16096.40000	-6.05975e-19	4.96148e-19
16098.00000	-3.82827e-19	4.77001e-19
16099.60000	3.19359e-19	3.97702e-19
16101.30000	2.97489e-19	3.56755e-19
16102.90000	6.41194e-20	3.60061e-19
16104.50000	4.63333e-19	3.53253e-19
16106.20000	1.45415e-19	3.30233e-19
16107.80000	-4.22363e-19	3.29356e-19
16109.40000	-1.99737e-20	3.34044e-19
16111.00000	-3.22098e-19	3.33368e-19
16112.70000	-5.93989e-19	3.37183e-19
16114.30000	-7.21032e-19	3.57501e-19
16115.90000	-5.09348e-20	4.47205e-19
16117.60000	3.24399e-19	5.95580e-19
16119.20000	-1.14702e-19	6.44106e-19
16120.80000	-2.16046e-19	5.67433e-19
16122.40000	-5.42183e-19	5.39704e-19
16124.10000	-2.48640e-18	7.90864e-19
16125.70000	-2.67798e-18	1.99046e-18
16127.30000	-2.28740e-18	4.87496e-18
16129.00000	-5.94939e-19	6.50400e-18
16130.60000	-1.93080e-18	4.13274e-18
16132.20000	-4.84198e-19	1.41355e-18
16133.80000	-2.59737e-19	5.90938e-19
16135.50000	-4.35849e-19	4.31604e-19
16137.10000	2.05010e-19	3.87547e-19
16138.70000	-2.27750e-19	3.62763e-19
16140.40000	-1.15653e-19	3.81656e-19
16142.00000	-4.28795e-19	3.57525e-19
16143.60000	-1.20558e-20	3.46834e-19
16145.20000	-1.09109e-19	3.39230e-19
16146.90000	-6.64130e-19	3.35203e-19
16148.50000	-2.75672e-19	3.36898e-19
16150.10000	6.92921e-20	3.49010e-19
16151.80000	-2.63875e-19	3.57816e-19
16153.40000	-3.65847e-19	3.60527e-19
16155.00000	-1.91057e-19	3.72475e-19
16156.70000	-6.41182e-19	4.98036e-19
16158.30000	6.63415e-19	7.36294e-19
16159.90000	-3.78637e-19	8.07971e-19
16161.50000	3.24415e-19	6.10514e-19
16163.20000	1.17024e-19	3.87265e-19
16164.80000	-2.70708e-19	3.36198e-19
16166.40000	-2.07619e-20	3.33017e-19
16168.10000	2.12432e-19	3.46165e-19
16169.70000	-3.27343e-19	3.85660e-19
16171.30000	-1.44677e-19	4.18370e-19
16172.90000	2.48639e-19	4.16177e-19
16174.60000	1.80516e-19	3.79327e-19
16176.20000	-1.16582e-20	3.97799e-19
16177.80000	2.57136e-19	3.53552e-19
16179.50000	8.51359e-20	3.30682e-19
16181.10000	3.13315e-20	3.28124e-19
16182.70000	2.22335e-19	3.33425e-19
16184.30000	-4.23059e-20	3.36067e-19
16186.00000	-1.53185e-19	3.56213e-19
16187.60000	-1.10210e-19	4.17253e-19
16189.20000	3.01425e-19	4.69540e-19
16190.90000	-1.61914e-18	7.50529e-19
16192.50000	-8.49348e-19	1.81687e-18
16194.10000	-2.01244e-18	2.93867e-18
16195.70000	1.36927e-18	2.76743e-18
16197.40000	4.54797e-20	1.34042e-18
16199.00000	3.62424e-19	5.32996e-19
16200.60000	-1.72723e-20	3.83077e-19
16202.30000	4.44028e-20	3.54210e-19
16203.90000	-9.32027e-20	3.51186e-19
16205.50000	-5.40896e-19	3.82165e-19
16207.20000	-7.26649e-19	4.68205e-19
16208.80000	-1.23083e-18	5.47558e-19
16210.40000	-8.56710e-19	5.61540e-19
16212.00000	-7.16741e-20	4.93638e-19
16213.70000	-4.56103e-19	4.05005e-19
16215.30000	1.31003e-19	3.51215e-19
16216.90000	1.25031e-19	3.51061e-19
16218.60000	-7.35231e-19	4.59283e-19
16220.20000	7.78986e-19	6.21326e-19
16221.80000	-1.65789e-18	7.16611e-19
16223.40000	-1.17353e-18	6.65576e-19
16225.10000	-5.52437e-19	5.79948e-19
16226.70000	-9.46643e-20	6.18912e-19
16228.30000	-3.04464e-19	7.05179e-19
16230.00000	-5.69056e-19	8.09526e-19
16231.60000	7.35228e-20	1.33541e-18
16233.20000	-5.69086e-18	3.01090e-18
16234.80000	-3.04296e-19	4.44187e-18
16236.50000	1.56947e-18	4.19730e-18
16238.10000	4.47514e-18	2.25479e-18
16239.70000	6.41070e-19	7.74714e-19
16241.40000	1.89188e-19	4.55751e-19
16243.00000	-1.26539e-18	5.26113e-19
16244.60000	2.66946e-19	7.23574e-19
16246.20000	4.95203e-19	7.26505e-19
16247.90000	-7.49074e-20	5.72420e-19
16249.50000	6.67997e-20	4.35284e-19
16251.10000	-2.01619e-19	5.13526e-19
16252.80000	-1.38259e-19	5.98781e-19
16254.40000	-2.21088e-19	5.08199e-19
16256.00000	-4.39990e-19	4.17435e-19
16257.60000	-2.24198e-19	4.75357e-19
16259.30000	-1.97753e-19	4.18643e-19
16260.90000	-3.48096e-19	3.91479e-19
16262.50000	6.33110e-19	3.68314e-19
16264.20000	7.14668e-19	3.76100e-19
16265.80000	-4.37042e-19	3.81975e-19
16267.40000	-2.88229e-19	4.80668e-19
16269.10000	5.51427e-19	7.06217e-19
16270.70000	1.48018e-19	7.50712e-19
16272.30000	-6.91062e-19	5.91220e-19
16273.90000	-4.38035e-19	3.68453e-19
16275.60000	-2.94860e-19	3.59389e-19
16277.20000	-2.58291e-19	4.71717e-19
16278.80000	2.11203e-19	5.85593e-19
16280.50000	-1.28995e-18	5.68292e-19
16282.10000	-1.09028e-19	4.37980e-19
16283.70000	1.40814e-19	3.40532e-19
16285.30000	1.13166e-19	4.91866e-19
16287.00000	3.30642e-19	3.63704e-19
16288.60000	2.80500e-19	4.02567e-19
16290.20000	1.31828e-20	3.33274e-19
16291.90000	-9.43805e-20	3.26521e-19
16293.50000	-5.44968e-19	3.20594e-19
16295.10000	1.38545e-19	3.10534e-19
16296.70000	3.31764e-19	3.09522e-19
16298.40000	-3.37147e-19	3.58243e-19
16300.00000	1.04610e-19	6.88846e-19
16301.60000	-1.15766e-18	9.76963e-19
16303.30000	7.06833e-19	9.84228e-19
16304.90000	8.33776e-19	7.86668e-19
16306.50000	1.08791e-18	7.75673e-19
16308.10000	-4.29348e-19	7.97295e-19
16309.80000	-6.46081e-19	6.40668e-19
16311.40000	-1.54375e-19	4.37008e-19
16313.00000	-3.97384e-19	6.49620e-19
16314.70000	-3.45991e-19	1.56554e-18
16316.30000	-5.77972e-19	2.30623e-18
16317.90000	-4.91888e-19	2.20977e-18
16319.50000	9.02895e-19	1.25439e-18
16321.20000	2.12270e-19	5.25636e-19
16322.80000	8.46846e-19	3.39577e-19
16324.40000	3.85883e-19	3.22483e-19
16326.10000	3.93148e-19	3.14653e-19
16327.70000	-1.17456e-19	3.15576e-19
16329.30000	2.82652e-19	3.14677e-19
16331.00000	-1.65637e-19	3.13033e-19
16332.60000	5.69408e-19	3.13317e-19
16334.20000	-7.11214e-20	3.20474e-19
16335.80000	1.03168e-19	3.42382e-19
16337.50000	1.96791e-20	4.60582e-19
16339.10000	-7.83735e-19	9.56927e-19
16340.70000	-5.56056e-19	1.51911e-18
16342.40000	-5.87427e-20	1.52445e-18
16344.00000	7.62210e-19	1.06263e-18
16345.60000	-4.28744e-19	6.65488e-19
16347.20000	-5.98367e-19	8.15064e-19
16348.90000	-2.22493e-18	2.12496e-18
16350.50000	1.52028e-18	3.13767e-18
16352.10000	4.55274e-18	3.03797e-18
16353.80000	6.07256e-19	1.83164e-18
16355.40000	-7.08033e-19	8.87963e-19
16357.00000	1.70566e-19	6.72282e-19
16358.60000	3.74873e-19	1.07069e-18
16360.30000	9.28195e-19	1.22018e-18
16361.90000	-5.69762e-19	1.12844e-18
16363.50000	1.18872e-18	8.82444e-19
16365.20000	-9.44472e-19	7.46970e-19
16366.80000	2.93828e-19	6.06124e-19
16368.40000	3.26047e-19	5.03516e-19
16370.00000	5.30517e-19	4.93379e-19
16371.70000	3.91400e-19	4.79601e-19
16373.30000	7.27009e-19	4.36174e-19
16374.90000	-7.22052e-20	3.85397e-19
16376.60000	-3.20038e-21	3.31883e-19
16378.20000	-2.37731e-19	3.13244e-19
16379.80000	-9.44909e-20	3.18170e-19
16381.40000	-1.91657e-19	3.30526e-19
16383.10000	2.31707e-19	3.65459e-19
16384.70000	-3.13561e-19	5.48275e-19
16386.30000	-1.87860e-18	1.62917e-18
16388.00000	1.21320e-18	2.35042e-18
16389.60000	1.11769e-18	2.17912e-18
16391.20000	-2.70299e-18	1.09528e-18
16392.90000	-7.69248e-20	5.26744e-19
16394.50000	3.68730e-19	4.22934e-19
16396.10000	-6.14417e-20	4.79314e-19
16397.70000	3.76321e-20	5.27210e-19
16399.40000	3.44093e-19	4.46533e-19
16401.00000	7.57075e-20	3.44918e-19
16402.60000	-3.99508e-19	3.22025e-19
16404.30000	-6.68693e-19	3.16232e-19
16405.90000	-3.91674e-19	3.39258e-19
16407.50000	-4.79418e-19	4.24325e-19
16409.10000	-2.76475e-19	4.79715e-19
16410.80000	-3.58950e-19	5.61406e-19
16412.40000	6.78288e-19	1.02784e-18
16414.00000	2.11363e-18	1.63316e-18
16415.70000	2.26427e-18	1.52913e-18
16417.30000	9.95213e-19	7.84561e-19
16418.90000	4.27459e-20	4.27106e-19
16420.50000	1.05042e-19	3.41379e-19
16422.20000	8.40292e-20	3.24228e-19
16423.80000	1.45220e-19	3.19885e-19
16425.40000	2.70747e-19	3.33668e-19
16427.10000	-6.02122e-20	3.48446e-19
16428.70000	4.44214e-19	3.50888e-19
16430.30000	3.22364e-19	3.36108e-19
16431.90000	-4.80280e-19	3.38274e-19
16433.60000	-3.14889e-19	3.39069e-19
16435.20000	-4.00114e-19	3.69581e-19
16436.80000	-3.18697e-19	4.81967e-19
16438.50000	-1.37909e-18	8.39777e-19
16440.10000	-1.65090e-18	2.21143e-18
16441.70000	3.28399e-19	3.19500e-18
16443.30000	9.58860e-19	2.83018e-18
16445.00000	-1.84957e-18	1.90523e-18
16446.60000	1.19257e-18	1.59320e-18
16448.20000	2.32915e-18	1.51887e-18
16449.90000	1.39298e-19	9.47028e-19
16451.50000	-4.68212e-19	5.91271e-19
16453.10000	-5.91214e-19	4.84528e-19
16454.80000	-1.40600e-19	4.47457e-19
16456.40000	3.09965e-19	4.65330e-19
16458.00000	2.85970e-19	4.75210e-19
16459.60000	1.83542e-19	4.33291e-19
16461.30000	9.68638e-20	3.89352e-19
16462.90000	-3.12825e-19	3.41504e-19
16464.50000	-3.72996e-19	3.15719e-19
16466.20000	2.70118e-19	3.11667e-19
16467.80000	2.05565e-19	3.16392e-19
16469.40000	7.91558e-20	3.25647e-19
16471.00000	4.47524e-19	3.79805e-19
16472.70000	5.50691e-19	6.24907e-19
16474.30000	6.91906e-19	1.47665e-18
16475.90000	2.71239e-18	2.23338e-18
16477.60000	1.29026e-18	2.80264e-18
16479.20000	2.43322e-19	2.77518e-18
16480.80000	1.54447e-19	1.81189e-18
16482.40000	-3.44894e-20	7.40515e-19
16484.10000	2.97245e-20	4.57499e-19
16485.70000	-1.31811e-19	3.61920e-19
16487.30000	-3.27951e-19	3.33959e-19
16489.00000	-6.27160e-20	3.28733e-19
16490.60000	-8.79732e-20	3.25202e-19
16492.20000	1.38960e-19	3.21908e-19
16493.80000	4.07958e-19	3.29234e-19
16495.50000	5.23347e-20	3.45872e-19
16497.10000	-2.73367e-19	4.03958e-19
16498.70000	-3.10795e-19	6.85817e-19
16500.40000	2.31377e-18	2.20329e-18
16502.00000	1.80914e-18	3.50661e-18
16503.60000	-3.34511e-18	3.03326e-18
16505.20000	-1.49546e-18	1.23461e-18
16506.90000	1.22024e-19	5.28107e-19
16508.50000	-1.23995e-20	3.79387e-19
16510.10000	-5.46428e-20	3.39948e-19
16511.80000	2.20736e-19	3.24121e-19
16513.40000	9.36721e-20	3.16171e-19
16515.00000	-1.28568e-19	3.11755e-19
16516.70000	-3.09041e-20	3.27608e-19
16518.30000	4.42011e-19	3.29497e-19
16519.90000	2.84274e-19	3.18369e-19
16521.50000	-5.03769e-19	3.12052e-19
16523.20000	-1.68702e-19	3.06575e-19
16524.80000	-2.05571e-19	3.36281e-19
16526.40000	2.79549e-19	4.21620e-19
16528.10000	6.33994e-19	5.38657e-19
16529.70000	9.08355e-19	5.83968e-19
16531.30000	-5.26263e-19	5.28014e-19
16532.90000	-3.27480e-19	4.34236e-19
16534.60000	5.67063e-19	3.47097e-19
16536.20000	-1.24334e-19	3.74813e-19
16537.80000	3.90542e-20	4.64121e-19
16539.50000	3.23812e-19	5.04311e-19
16541.10000	-4.54076e-19	4.89977e-19
16542.70000	-2.58012e-20	4.62605e-19
16544.30000	3.01841e-20	4.40323e-19
16546.00000	1.54844e-19	3.59578e-19
16547.60000	1.61719e-19	3.27275e-19
16549.20000	5.69057e-19	3.83799e-19
16550.90000	2.06668e-19	7.43417e-19
16552.50000	1.08309e-18	1.80260e-18
16554.10000	1.10834e-18	2.08310e-18
16555.70000	6.19018e-19	1.48898e-18
16557.40000	8.06699e-19	6.89928e-19
16559.00000	4.73279e-19	5.41300e-19
16560.60000	-4.91879e-19	4.47514e-19
16562.30000	-7.19806e-19	3.40747e-19
16563.90000	-4.94993e-19	3.01390e-19
16565.50000	2.22185e-19	2.95024e-19
16567.20000	-1.80116e-20	3.04802e-19
16568.80000	3.91993e-19	3.01315e-19
16570.40000	9.02832e-20	3.00725e-19
16572.00000	-1.72842e-20	2.86017e-19
16573.70000	3.16575e-19	3.36526e-19
16575.30000	7.73441e-20	3.11594e-19
16576.90000	2.80750e-19	2.90580e-19
16578.60000	1.57280e-19	2.88825e-19
16580.20000	-3.28412e-19	2.91068e-19
16581.80000	-4.24168e-19	3.21055e-19
16583.40000	1.18643e-18	5.48064e-19
16585.10000	2.28946e-21	9.21157e-19
16586.70000	-1.17686e-18	1.01162e-18
16588.30000	-1.85328e-18	7.61407e-19
16590.00000	5.79151e-20	3.99282e-19
16591.60000	5.38002e-19	3.63852e-19
16593.20000	5.27870e-19	3.45113e-19
16594.80000	6.11310e-19	3.21116e-19
16596.50000	5.33990e-19	3.40842e-19
16598.10000	-2.69131e-19	3.06619e-19
16599.70000	-5.91795e-19	3.29659e-19
16601.40000	-4.31142e-19	3.39001e-19
16603.00000	-4.44482e-19	3.20491e-19
16604.60000	-9.16819e-20	3.15368e-19
16606.20000	-3.12826e-19	4.03121e-19
16607.90000	4.30269e-19	7.38476e-19
16609.50000	2.06305e-18	1.29310e-18
16611.10000	1.70382e-18	1.30240e-18
16612.80000	1.48211e-19	1.02006e-18
16614.40000	-2.43208e-19	6.21460e-19
16616.00000	3.22562e-19	3.36602e-19
16617.60000	7.33540e-19	3.00832e-19
16619.30000	1.58971e-19	2.89561e-19
16620.90000	-5.41687e-19	2.87900e-19
16622.50000	-6.63001e-20	2.87169e-19
16624.20000	-2.27802e-19	2.86071e-19
16625.80000	-1.65869e-19	2.86075e-19
16627.40000	5.36105e-19	2.89362e-19
16629.10000	-4.21194e-19	2.95491e-19
16630.70000	-2.51274e-20	2.95464e-19
16632.30000	-4.08483e-19	2.94635e-19
16633.90000	1.94509e-21	3.07621e-19
16635.60000	-4.58822e-19	3.31553e-19
16637.20000	-4.24785e-19	3.64656e-19
16638.80000	-4.45959e-19	3.33648e-19
16640.50000	2.04189e-19	3.03706e-19
16642.10000	9.18486e-20	2.83433e-19
16643.70000	5.67540e-19	2.82000e-19
16645.30000	-3.24524e-19	2.88412e-19
16647.00000	1.39094e-19	2.89669e-19
16648.60000	-1.30964e-20	2.89367e-19
16650.20000	-1.20093e-19	2.93230e-19
16651.90000	-3.33602e-19	3.36148e-19
16653.50000	-1.66459e-19	3.87070e-19
16655.10000	-5.43708e-19	3.97179e-19
16656.70000	-6.12678e-19	3.83594e-19
16658.40000	2.05742e-19	4.33410e-19
16660.00000	7.47943e-19	4.84210e-19
16661.60000	6.44284e-19	4.46377e-19
16663.30000	8.55567e-20	3.69298e-19
16664.90000	2.55256e-19	3.72531e-19
16666.50000	-3.63475e-19	3.79798e-19
16668.10000	-3.16839e-19	3.50969e-19
16669.80000	4.26275e-19	3.03810e-19
16671.40000	2.10825e-19	2.91897e-19
16673.00000	1.15535e-19	2.87942e-19
16674.70000	9.12022e-20	2.88884e-19
16676.30000	2.90953e-19	2.94724e-19
16677.90000	-9.56537e-20	2.85674e-19
16679.50000	-6.37695e-19	3.11850e-19
16681.20000	-3.60621e-19	3.27661e-19
16682.80000	-4.89880e-19	3.54668e-19
16684.40000	-2.34214e-20	4.30430e-19
16686.10000	1.34022e-18	8.70088e-19
16687.70000	1.21133e-18	1.81882e-18
16689.30000	2.98508e-18	3.07189e-18
16691.00000	-1.16607e-18	6.04554e-18
16692.60000	-8.55999e-19	5.58522e-18
16694.20000	-1.24268e-18	3.74963e-18
16695.80000	-2.23297e-18	1.39939e-18
16697.50000	3.26083e-19	6.69277e-19
16699.10000	6.70778e-19	5.65288e-19
16700.70000	8.78870e-21	9.00829e-19
16702.40000	2.58336e-19	1.07199e-18
16704.00000	-9.12155e-19	1.05005e-18
16705.60000	-3.61886e-18	1.34412e-18
16707.20000	-3.01863e-18	2.88794e-18
16708.90000	-7.22963e-18	3.32770e-18
16710.50000	-2.10385e-18	2.53061e-18
16712.10000	6.13346e-19	1.11393e-18
16713.80000	7.31334e-19	5.63886e-19
16715.40000	-8.98494e-20	4.47914e-19
16717.00000	3.16863e-19	5.60248e-19
16718.60000	7.85464e-19	5.94135e-19
16720.30000	7.46513e-19	5.58711e-19
16721.90000	3.24069e-19	5.72134e-19
16723.50000	5.43613e-19	7.22459e-19
16725.20000	9.73683e-19	7.35083e-19
16726.80000	3.43596e-19	6.54627e-19
16728.40000	-1.07203e-19	6.22307e-19
16730.00000	7.66929e-19	1.35048e-18
16731.70000	3.46541e-19	1.90215e-18
16733.30000	-3.26666e-18	1.94105e-18
16734.90000	-1.22394e-18	1.31774e-18
16736.60000	5.66770e-20	6.29441e-19
16738.20000	-4.35590e-19	3.69961e-19
16739.80000	-1.95446e-19	3.10714e-19
16741.40000	4.53044e-19	3.00989e-19
16743.10000	2.59150e-19	2.96266e-19
16744.70000	-5.41059e-19	2.97076e-19
16746.30000	-1.52039e-19	3.00800e-19
16748.00000	3.54983e-19	3.13088e-19
16749.60000	4.14444e-19	3.46756e-19
16751.20000	1.17178e-18	4.58901e-19
16752.90000	1.98361e-18	7.08141e-19
16754.50000	4.02038e-18	8.66824e-19
16756.10000	4.29010e-18	8.24473e-19
16757.70000	3.71239e-18	6.93134e-19
16759.40000	1.91724e-18	6.60244e-19
16761.00000	2.43386e-19	8.23896e-19
16762.60000	4.02293e-19	9.23027e-19
16764.30000	2.37380e-19	9.46804e-19
16765.90000	-3.20915e-19	8.10892e-19
16767.50000	2.86810e-19	5.30701e-19
16769.10000	-3.55765e-20	3.42223e-19
16770.80000	-1.15350e-19	2.96251e-19
16772.40000	2.57630e-19	2.99324e-19
16774.00000	1.23701e-19	3.01810e-19
16775.70000	2.72032e-19	3.05857e-19
16777.30000	-3.39533e-20	2.97826e-19
16778.90000	-5.18742e-19	2.85444e-19
16780.50000	-4.04878e-19	2.99507e-19
16782.20000	-6.26445e-20	3.08442e-19
16783.80000	-2.86844e-20	2.83363e-19
16785.40000	3.41039e-19	2.85334e-19
16787.10000	9.79078e-20	2.85417e-19
16788.70000	-1.89642e-19	2.83397e-19
16790.30000	-3.87069e-19	2.93757e-19
16791.90000	4.44971e-21	3.29091e-19
16793.60000	1.04180e-19	3.60845e-19
16795.20000	-3.45224e-19	3.55572e-19
16796.80000	-3.94933e-19	3.74344e-19
16798.50000	-3.20866e-19	4.61365e-19
16800.10000	-5.77626e-19	4.92276e-19
16801.70000	-4.00282e-19	4.69902e-19
16803.30000	1.23021e-19	4.74214e-19
16805.00000	5.36808e-19	5.00328e-19
16806.60000	8.10232e-19	4.30724e-19
16808.20000	7.37583e-19	3.33164e-19
16809.90000	4.33732e-19	2.96697e-19
16811.50000	5.95507e-20	2.96497e-19
16813.10000	-1.24949e-19	2.91532e-19
16814.80000	-2.99932e-19	2.93786e-19
16816.40000	-4.86726e-19	2.95421e-19
16818.00000	-4.14255e-19	2.99204e-19
16819.60000	-3.53482e-19	2.99479e-19
16821.30000	-3.41422e-19	3.03630e-19
16822.90000	2.62168e-19	3.17626e-19
16824.50000	1.45525e-19	3.06651e-19
16826.20000	-5.76546e-20	2.99531e-19
16827.80000	-2.67444e-19	2.98492e-19
16829.40000	-9.60764e-20	3.01714e-19
16831.00000	-1.13546e-19	3.10239e-19
16832.70000	-7.74792e-19	3.04094e-19
16834.30000	-7.78619e-19	3.20994e-19
16835.90000	-5.59719e-19	4.12821e-19
16837.60000	-2.14404e-19	8.43585e-19
16839.20000	1.61279e-18	2.23551e-18
16840.80000	3.19546e-18	2.51316e-18
16842.40000	1.95920e-18	1.64271e-18
16844.10000	7.63650e-19	6.96876e-19
16845.70000	-3.92625e-19	4.40033e-19
16847.30000	-1.71107e-19	3.48070e-19
16849.00000	-3.11469e-19	3.15531e-19
16850.60000	-3.34402e-19	3.62714e-19
16852.20000	1.97059e-19	3.76327e-19
16853.80000	3.97238e-19	3.46817e-19
16855.50000	-4.19000e-20	3.12012e-19
16857.10000	-2.62882e-19	2.93220e-19
16858.70000	7.65530e-20	2.90735e-19
16860.40000	2.91948e-19	2.94058e-19
16862.00000	-8.45397e-20	2.93055e-19
16863.60000	-2.44349e-19	2.95273e-19
16865.20000	-5.79876e-19	3.14064e-19
16866.90000	-2.52792e-19	3.12135e-19
16868.50000	-1.02958e-19	3.22795e-19
16870.10000	6.79836e-20	3.70351e-19
16871.80000	1.75774e-19	3.85358e-19
16873.40000	9.28214e-20	3.86320e-19
16875.00000	-1.99839e-19	4.15459e-19
16876.70000	-2.75180e-19	4.80183e-19
16878.30000	-1.07881e-20	4.18927e-19
16879.90000	-1.86296e-19	3.51049e-19
16881.50000	-4.37251e-19	3.61767e-19
16883.20000	-5.46152e-19	3.80825e-19
16884.80000	1.52159e-19	3.66235e-19
16886.40000	-5.16107e-19	4.01339e-19
16888.10000	-4.93440e-19	5.07250e-19
16889.70000	5.27198e-19	5.85024e-19
16891.30000	8.92052e-19	5.37366e-19
16892.90000	-2.23144e-19	4.19820e-19
16894.60000	-3.89657e-19	4.07467e-19
16896.20000	-1.56703e-19	4.82823e-19
16897.80000	-1.09455e-19	5.90157e-19
16899.50000	-2.37506e-19	8.94209e-19
16901.10000	-1.08975e-18	2.11730e-18
16902.70000	3.84613e-18	4.75204e-18
16904.30000	-2.94375e-20	4.91652e-18
16906.00000	4.50827e-18	2.87951e-18
16907.60000	1.91581e-18	1.26600e-18
16909.20000	9.07678e-20	8.63823e-19
16910.90000	-6.45513e-19	6.95742e-19
16912.50000	-4.89243e-19	5.60991e-19
16914.10000	1.89242e-19	4.77813e-19
16915.70000	4.53973e-19	4.53343e-19
16917.40000	-6.13532e-19	3.57981e-19
16919.00000	1.04403e-19	3.14754e-19
16920.60000	-2.54164e-20	3.05707e-19
16922.30000	-4.39611e-21	3.18043e-19
16923.90000	4.34107e-19	3.09045e-19
16925.50000	5.35875e-19	3.10306e-19
16927.20000	3.10833e-19	3.09154e-19
16928.80000	2.02372e-19	2.98953e-19
16930.40000	8.34593e-21	2.98541e-19
16932.00000	5.69475e-20	2.97585e-19
16933.70000	-1.40017e-19	2.92241e-19
16935.30000	-7.10369e-20	2.86141e-19
16936.90000	-1.83032e-19	2.84920e-19
16938.60000	-7.00105e-20	2.94165e-19
16940.20000	-5.04048e-19	3.30118e-19
16941.80000	-1.38450e-19	3.18219e-19
16943.40000	-1.71742e-19	3.47439e-19
16945.10000	-3.10109e-21	3.75135e-19
16946.70000	-1.12773e-19	3.71340e-19
16948.30000	-1.88314e-19	3.46819e-19
16950.00000	8.77397e-20	3.81393e-19
16951.60000	1.47511e-18	7.58973e-19
16953.20000	-1.71880e-19	2.21149e-18
16954.80000	7.30225e-18	3.10497e-18
16956.50000	4.17588e-18	2.73859e-18
16958.10000	1.61858e-18	1.10141e-18
16959.70000	4.01678e-19	5.05855e-19
16961.40000	6.98398e-19	3.51956e-19
16963.00000	3.79480e-20	3.08840e-19
16964.60000	-5.61740e-20	2.95085e-19
16966.20000	2.96639e-19	2.91462e-19
16967.90000	-4.79396e-19	2.97947e-19
16969.50000	-2.11460e-19	2.93382e-19
16971.10000	4.88461e-19	2.95851e-19
16972.80000	-2.64824e-19	3.07504e-19
16974.40000	-1.13569e-19	3.03235e-19
16976.00000	3.97820e-19	2.95839e-19
16977.60000	3.17621e-19	2.93064e-19
16979.30000	4.91807e-19	2.89784e-19
16980.90000	-1.87113e-19	3.02530e-19
16982.50000	1.05847e-19	3.30297e-19
16984.20000	-2.17396e-20	4.24566e-19
16985.80000	3.37546e-19	3.86067e-19
16987.40000	-1.17523e-19	4.09293e-19
16989.10000	-4.23654e-20	4.28419e-19
16990.70000	-6.01353e-19	5.54864e-19
16992.30000	-5.66131e-19	4.22759e-19
16993.90000	2.44360e-19	3.31704e-19
16995.60000	-5.04222e-19	3.43173e-19
16997.20000	-1.34743e-19	3.52465e-19
16998.80000	6.63339e-21	3.50970e-19
17000.50000	-3.66749e-19	3.58182e-19
17002.10000	-2.36011e-19	3.91865e-19
17003.70000	-9.62286e-19	5.06318e-19
17005.30000	1.08260e-18	1.42256e-18
17007.00000	1.75756e-18	4.16975e-18
17008.60000	-1.30386e-18	5.29613e-18
17010.20000	1.13386e-18	4.53200e-18
17011.90000	1.10409e-18	2.00126e-18
17013.50000	1.95901e-19	9.24812e-19
17015.10000	1.17318e-18	5.80948e-19
17016.70000	-2.31938e-19	3.76012e-19
17018.40000	1.05164e-19	3.27807e-19
17020.00000	5.45316e-19	3.09759e-19
17021.60000	-5.89585e-19	3.02580e-19
17023.30000	-3.82672e-19	2.98864e-19
17024.90000	3.90889e-19	2.91888e-19
17026.50000	-9.40301e-20	2.87073e-19
17028.10000	-6.62731e-19	2.97831e-19
17029.80000	-5.55886e-19	3.45127e-19
17031.40000	1.63325e-19	3.20864e-19
17033.00000	7.72033e-20	3.51177e-19
17034.70000	-4.68559e-20	3.16936e-19
17036.30000	-2.09837e-19	3.13107e-19
17037.90000	2.49916e-19	3.01664e-19
17039.50000	-2.67330e-19	2.97585e-19
17041.20000	-2.46875e-19	2.90597e-19
17042.80000	-6.25957e-19	2.90244e-19
17044.40000	4.11156e-19	2.85763e-19
17046.10000	-1.59170e-19	2.93006e-19
17047.70000	2.84788e-19	3.25483e-19
17049.30000	2.68364e-19	3.68714e-19
17051.00000	7.67622e-19	3.83631e-19
17052.60000	5.75611e-19	4.47246e-19
17054.20000	2.21851e-19	6.11644e-19
17055.80000	5.04109e-19	8.53976e-19
17057.50000	6.69146e-19	8.28374e-19
17059.10000	-8.64485e-20	6.15367e-19
17060.70000	3.49734e-19	3.52240e-19
17062.40000	2.76771e-20	3.00344e-19
17064.00000	4.51915e-20	2.93535e-19
17065.60000	-7.33553e-19	2.99757e-19
17067.20000	-4.69687e-19	3.26982e-19
17068.90000	-1.24317e-19	4.69190e-19
17070.50000	3.02577e-19	5.46568e-19
17072.10000	-9.42816e-19	6.02784e-19
17073.80000	-1.07408e-19	6.04893e-19
17075.40000	6.71188e-19	1.30818e-18
17077.00000	-2.49357e-18	2.93146e-18
17078.60000	3.88848e-18	2.96115e-18
17080.30000	-2.55238e-18	1.96654e-18
17081.90000	6.31866e-19	8.05042e-19
17083.50000	3.68399e-20	4.44721e-19
17085.20000	-2.12302e-20	3.59309e-19
17086.80000	3.44505e-19	3.45750e-19
17088.40000	2.96108e-19	3.28882e-19
17090.00000	3.30549e-20	3.08204e-19
17091.70000	-1.41737e-19	3.14326e-19
17093.30000	5.15491e-19	3.30203e-19
17094.90000	1.08014e-19	3.38892e-19
17096.60000	1.67886e-19	3.56632e-19
17098.20000	-7.27395e-20	4.14920e-19
17099.80000	-9.34531e-20	4.94586e-19
17101.40000	-3.63620e-19	5.85905e-19
17103.10000	-3.28589e-19	5.47494e-19
17104.70000	8.30265e-19	5.46380e-19
17106.30000	9.34362e-19	5.29218e-19
17108.00000	4.04624e-19	5.15008e-19
17109.60000	-2.00323e-19	5.10154e-19
17111.20000	-1.88352e-19	4.75064e-19
17112.90000	5.28950e-19	4.45012e-19
17114.50000	-2.81518e-19	4.58175e-19
17116.10000	3.62720e-20	4.54305e-19
17117.70000	6.07808e-19	4.66337e-19
17119.40000	6.21158e-19	7.06807e-19
17121.00000	6.45995e-19	2.42393e-18
17122.60000	2.78982e-18	4.15156e-18
17124.30000	1.40681e-18	4.17898e-18
17125.90000	-5.89689e-19	2.47903e-18
17127.50000	-6.37916e-19	1.01106e-18
17129.10000	4.42332e-19	5.30013e-19
17130.80000	-4.27062e-19	3.76819e-19
17132.40000	3.05552e-19	3.25579e-19
17134.00000	-7.27656e-19	3.07215e-19
17135.70000	3.01639e-19	2.97868e-19
17137.30000	-3.36120e-19	2.94793e-19
17138.90000	-1.36443e-19	2.95298e-19
17140.50000	-3.08622e-19	2.93476e-19
17142.20000	1.25020e-19	2.94433e-19
17143.80000	8.92186e-20	3.00521e-19
17145.40000	-2.66123e-19	3.02578e-19
17147.10000	-2.91805e-19	2.91982e-19
17148.70000	5.72697e-19	2.84638e-19
17150.30000	2.64636e-19	2.89298e-19
17151.90000	3.14736e-20	3.19390e-19
17153.60000	-1.36656e-19	2.95863e-19
17155.20000	-4.57697e-19	2.76242e-19
17156.80000	-1.75371e-19	2.78152e-19
17158.50000	-2.02870e-19	2.83425e-19
17160.10000	3.27043e-19	2.84906e-19
17161.70000	5.81944e-19	2.96688e-19
17163.30000	3.53173e-19	3.29876e-19
17165.00000	1.01901e-19	3.47813e-19
17166.60000	1.03041e-18	3.75617e-19
17168.20000	7.32813e-19	4.61346e-19
17169.90000	-4.69485e-19	5.21239e-19
17171.50000	-3.36713e-19	6.00817e-19
17173.10000	9.39826e-19	6.98614e-19
17174.80000	6.26909e-19	7.72769e-19
17176.40000	8.09905e-20	7.26905e-19
17178.00000	-4.13267e-19	5.95315e-19
17179.60000	-6.94620e-19	5.06080e-19
17181.30000	-2.02287e-20	4.39681e-19
17182.90000	2.98843e-19	3.47293e-19
17184.50000	-2.25749e-19	3.14962e-19
17186.20000	2.85146e-19	4.25161e-19
17187.80000	4.60079e-19	6.73664e-19
17189.40000	-6.70403e-19	7.09953e-19
17191.00000	1.89768e-19	5.43069e-19
17192.70000	-3.90322e-20	4.27661e-19
17194.30000	3.86011e-19	4.33064e-19
17195.90000	-1.37542e-20	4.91975e-19
17197.60000	-3.16188e-19	4.48582e-19
17199.20000	-1.61508e-19	3.47951e-19
17200.80000	-9.60133e-20	2.97629e-19
17202.40000	4.45796e-19	2.98775e-19
17204.10000	-3.37343e-19	3.13379e-19
17205.70000	-8.01089e-19	3.90797e-19
17207.30000	2.81447e-20	8.48505e-19
17209.00000	1.66682e-18	2.19877e-18
17210.60000	3.61614e-18	2.85152e-18
17212.20000	4.71857e-18	2.08306e-18
17213.80000	1.10924e-18	1.12529e-18
17215.50000	-2.81647e-19	8.21815e-19
17217.10000	-4.03362e-19	6.29333e-19
17218.70000	-2.15339e-19	4.97507e-19
17220.40000	3.92348e-19	5.21359e-19
17222.00000	-2.16974e-19	5.89153e-19
17223.60000	-7.28723e-20	4.96413e-19
17225.20000	-1.38218e-19	4.13677e-19
17226.90000	-3.63397e-19	3.57393e-19
17228.50000	3.92509e-19	4.24492e-19
17230.10000	-5.13737e-19	5.14519e-19
17231.80000	-1.03012e-18	5.34100e-19
17233.40000	2.79101e-19	4.77978e-19
17235.00000	-1.95496e-19	3.70743e-19
17236.70000	1.05668e-19	3.11570e-19
17238.30000	1.32699e-19	3.29466e-19
17239.90000	4.03026e-20	4.67872e-19
17241.50000	-2.45271e-19	9.29707e-19
17243.20000	-1.25150e-18	1.16850e-18
17244.80000	-8.60481e-19	1.44644e-18
17246.40000	7.17609e-19	2.38920e-18
17248.10000	-2.59361e-18	3.33512e-18
17249.70000	-7.61566e-19	3.09240e-18
17251.30000	-9.66120e-19	1.55264e-18
17252.90000	-1.59218e-19	7.18839e-19
17254.60000	-2.25629e-19	6.03523e-19
17256.20000	-1.11068e-18	7.66990e-19
17257.80000	-8.19591e-19	8.52826e-19
17259.50000	-3.32601e-19	6.45113e-19
17261.10000	-3.36102e-19	3.93233e-19
17262.70000	-5.60215e-19	3.10473e-19
17264.30000	-1.40274e-19	2.93986e-19
17266.00000	1.37723e-19	2.91162e-19
17267.60000	2.41827e-19	2.91894e-19
17269.20000	-1.55478e-19	2.93960e-19
17270.90000	-6.96967e-19	3.38980e-19
17272.50000	-2.63978e-19	4.79225e-19
17274.10000	7.91379e-19	6.94815e-19
17275.70000	-1.89725e-19	7.12981e-19
17277.40000	-4.12142e-19	5.40725e-19
17279.00000	-2.32378e-20	5.53176e-19
17280.60000	-2.48617e-19	1.06739e-18
17282.30000	-7.29670e-20	1.69218e-18
17283.90000	-6.19684e-20	1.40446e-18
17285.50000	-9.03718e-19	8.08466e-19
17287.20000	1.87935e-19	5.55171e-19
17288.80000	2.50956e-19	4.65381e-19
17290.40000	6.40763e-19	3.75734e-19
17292.00000	6.07774e-19	3.17453e-19
17293.70000	-1.47738e-19	2.95857e-19
17295.30000	-1.69823e-19	2.90502e-19
17296.90000	4.53233e-20	2.93379e-19
17298.60000	1.02451e-19	3.17675e-19
17300.20000	-7.62828e-19	4.63303e-19
17301.80000	-3.94774e-19	9.70733e-19
17303.40000	-8.94495e-19	1.18586e-18
17305.10000	-8.99390e-19	8.57931e-19
17306.70000	1.99926e-19	4.53618e-19
17308.30000	-1.12759e-19	3.39228e-19
17310.00000	1.17923e-19	3.44453e-19
17311.60000	4.86521e-19	4.12256e-19
17313.20000	7.11780e-19	4.52656e-19
17314.80000	2.10465e-19	4.40562e-19
17316.50000	-4.61300e-19	4.13228e-19
17318.10000	-3.34588e-19	4.75170e-19
17319.70000	5.65565e-19	5.67104e-19
17321.40000	1.21603e-19	5.10564e-19
17323.00000	-1.37894e-19	4.09276e-19
17324.60000	2.77200e-19	3.99306e-19
17326.20000	5.12529e-19	5.04258e-19
17327.90000	-1.14744e-18	9.02895e-19
17329.50000	-4.33814e-19	2.07473e-18
17331.10000	1.71459e-18	2.27781e-18
17332.80000	-7.45197e-20	1.59954e-18
17334.40000	-3.81333e-19	7.32931e-19
17336.00000	-4.11895e-19	4.68817e-19
17337.60000	-2.98586e-19	4.31562e-19
17339.30000	-4.72114e-19	4.73196e-19
17340.90000	-2.46640e-19	4.98543e-19
17342.50000	-4.01121e-19	4.86506e-19
17344.20000	1.56517e-19	4.49042e-19
17345.80000	3.38677e-19	4.04871e-19
17347.40000	5.36640e-19	5.24845e-19
17349.10000	1.48928e-19	1.08363e-18
17350.70000	-7.53967e-19	1.60657e-18
17352.30000	1.20539e-18	1.49441e-18
17353.90000	5.73234e-19	9.21605e-19
17355.60000	1.74523e-19	7.65721e-19
17357.20000	-7.01165e-19	1.03380e-18
17358.80000	-6.27575e-19	1.56623e-18
17360.50000	-3.67782e-19	1.54998e-18
17362.10000	-7.49530e-19	8.47952e-19
17363.70000	-3.84729e-19	4.45208e-19
17365.30000	-1.47138e-19	3.42815e-19
17367.00000	4.71271e-19	3.17392e-19
17368.60000	4.15641e-19	3.38538e-19
17370.20000	4.76161e-19	3.47228e-19
17371.90000	2.09082e-19	3.27580e-19
17373.50000	-1.47651e-19	3.45188e-19
17375.10000	-4.67932e-19	3.28408e-19
17376.70000	-5.88496e-19	3.32183e-19
17378.40000	-1.35886e-19	3.95734e-19
17380.00000	8.65989e-19	6.81172e-19
17381.60000	8.36033e-19	1.56721e-18
17383.30000	4.69078e-18	2.36429e-18
17384.90000	3.65474e-18	3.21935e-18
17386.50000	-1.69621e-18	3.41881e-18
17388.10000	4.80357e-19	2.63394e-18
17389.80000	-8.72734e-19	1.04124e-18
17391.40000	-5.17542e-19	5.45315e-19
17393.00000	-7.52402e-20	3.92301e-19
17394.70000	-5.53631e-19	3.39027e-19
17396.30000	-7.29392e-19	3.18458e-19
17397.90000	-3.53941e-19	3.53374e-19
17399.50000	-2.03111e-19	3.32054e-19
17401.20000	-6.32411e-20	3.36535e-19
17402.80000	1.12284e-19	3.94814e-19
17404.40000	6.39852e-19	4.70594e-19
17406.10000	2.67364e-19	4.80937e-19
17407.70000	2.10428e-19	4.13145e-19
17409.30000	2.83043e-19	3.38646e-19
17411.00000	-1.05867e-19	3.12256e-19
17412.60000	2.20014e-20	3.55475e-19
17414.20000	3.34693e-19	4.62084e-19
17415.80000	1.12220e-19	5.47739e-19
17417.50000	-3.31758e-19	5.55452e-19
17419.10000	6.84396e-20	4.99302e-19
17420.70000	4.32754e-19	4.09664e-19
17422.40000	1.32740e-19	4.19690e-19
17424.00000	1.06088e-18	7.24360e-19
17425.60000	1.19980e-18	1.75967e-18
17427.20000	6.26897e-19	2.11388e-18
17428.90000	4.69599e-20	1.60191e-18
17430.50000	-7.94942e-19	7.78294e-19
17432.10000	-8.30626e-19	5.75571e-19
17433.80000	-8.41246e-19	5.06102e-19
17435.40000	1.38060e-19	3.85704e-19
17437.00000	2.27864e-19	3.21527e-19
17438.60000	-2.22848e-19	3.09063e-19
17440.30000	-5.80474e-20	3.46771e-19
17441.90000	-3.80111e-19	3.46174e-19
17443.50000	3.98270e-20	3.64222e-19
17445.20000	-5.70492e-20	4.64629e-19
17446.80000	-9.30558e-19	1.01050e-18
17448.40000	-3.15169e-18	2.80237e-18
17450.00000	-6.15473e-18	3.31090e-18
17451.70000	-7.38638e-19	2.53171e-18
17453.30000	2.71667e-19	1.00643e-18
17454.90000	-5.73075e-19	5.91028e-19
17456.60000	5.42540e-20	4.13104e-19
17458.20000	4.64106e-20	3.50172e-19
17459.80000	-8.70779e-20	3.25900e-19
17461.40000	6.58349e-19	3.11885e-19
17463.10000	5.47616e-20	3.14238e-19
17464.70000	-7.32123e-20	3.27944e-19
17466.30000	7.75184e-20	3.41825e-19
17468.00000	-1.12279e-19	3.53228e-19
17469.60000	5.31700e-19	3.56108e-19
17471.20000	-2.48786e-19	3.48430e-19
17472.90000	-1.11375e-19	3.34405e-19
17474.50000	-2.27041e-19	3.34594e-19
17476.10000	5.97565e-19	3.65461e-19
17477.70000	-2.30575e-20	4.04392e-19
17479.40000	-2.22729e-19	4.50338e-19
17481.00000	-1.78600e-19	4.67615e-19
17482.60000	9.33706e-20	4.75296e-19
17484.30000	2.14871e-19	4.63067e-19
17485.90000	-4.54773e-19	3.94182e-19
17487.50000	-6.72209e-19	3.46929e-19
17489.10000	-1.53955e-19	3.38778e-19
17490.80000	1.83627e-19	3.37211e-19
17492.40000	-7.25719e-20	3.14662e-19
17494.00000	-4.09205e-19	3.07617e-19
17495.70000	-1.01531e-19	3.42456e-19
17497.30000	-2.18964e-19	4.36811e-19
17498.90000	-1.32466e-18	7.38070e-19
17500.50000	-9.07321e-19	1.08662e-18
17502.20000	-5.29262e-19	1.22004e-18
17503.80000	-3.34600e-19	1.67460e-18
17505.40000	-7.92244e-19	2.08257e-18
17507.10000	-1.78365e-18	1.91770e-18
17508.70000	-5.74096e-19	8.95146e-19
17510.30000	3.80030e-20	4.70451e-19
17511.90000	-5.72950e-19	3.71392e-19
17513.60000	-3.34940e-19	3.42830e-19
17515.20000	2.70461e-20	3.31059e-19
17516.80000	-1.37033e-19	3.24906e-19
17518.50000	1.06688e-19	3.16557e-19
17520.10000	1.25294e-19	3.07489e-19
17521.70000	2.28101e-20	3.05442e-19
17523.30000	1.93160e-19	3.17592e-19
17525.00000	1.09392e-19	4.61870e-19
17526.60000	-1.16059e-18	8.56891e-19
17528.20000	3.65114e-19	1.25231e-18
17529.90000	9.83233e-19	1.32265e-18
17531.50000	1.00759e-19	1.04381e-18
17533.10000	-4.90576e-19	5.85398e-19
17534.80000	4.30085e-19	4.78620e-19
17536.40000	2.31258e-20	4.72926e-19
17538.00000	3.28394e-19	4.42710e-19
17539.60000	2.19883e-19	4.19327e-19
17541.30000	-2.66267e-20	4.81787e-19
17542.90000	1.31703e-19	5.36678e-19
17544.50000	-3.49668e-19	5.02532e-19
17546.20000	9.83273e-20	4.03157e-19
17547.80000	1.21150e-19	4.03714e-19
17549.40000	1.67871e-19	4.57804e-19
17551.00000	5.33428e-19	4.67848e-19
17552.70000	5.08341e-19	3.94793e-19
17554.30000	2.28712e-19	3.26774e-19
17555.90000	3.62675e-19	2.99041e-19
17557.60000	1.28145e-19	2.85912e-19
17559.20000	7.70544e-20	2.79831e-19
17560.80000	-1.27448e-19	2.84721e-19
17562.40000	-5.34169e-19	2.98315e-19
17564.10000	-5.81430e-19	3.36154e-19
17565.70000	-1.81604e-19	3.74282e-19
17567.30000	1.19058e-19	3.83265e-19
17569.00000	-4.89265e-19	3.60365e-19
17570.60000	-3.36346e-19	3.38900e-19
17572.20000	4.95826e-19	3.18663e-19
17573.80000	2.14710e-19	3.08590e-19
17575.50000	2.01568e-19	3.02214e-19
17577.10000	7.35771e-19	2.97991e-19
17578.70000	2.58990e-19	2.91960e-19
17580.40000	3.83155e-19	2.85042e-19
17582.00000	-1.92803e-19	2.84333e-19
17583.60000	-1.50095e-19	2.83114e-19
17585.20000	6.03866e-20	2.88910e-19
17586.90000	1.27204e-19	2.96985e-19
17588.50000	3.10438e-19	3.40175e-19
17590.10000	-3.82357e-19	3.66303e-19
17591.80000	-4.06495e-19	3.73528e-19
17593.40000	3.04808e-19	3.83567e-19
17595.00000	-9.71593e-20	4.40888e-19
17596.70000	8.79846e-20	4.05485e-19
17598.30000	3.61568e-19	3.46550e-19
17599.90000	-2.55066e-19	3.10936e-19
17601.50000	-1.61722e-19	3.23907e-19
17603.20000	3.13821e-19	3.45126e-19
17604.80000	2.12783e-19	3.46318e-19
17606.40000	-6.75720e-19	3.23304e-19
17608.10000	-6.48643e-20	3.28231e-19
17609.70000	1.24065e-19	4.27995e-19
17611.30000	-7.04091e-19	5.30752e-19
17612.90000	-5.11737e-19	5.84747e-19
17614.60000	2.96132e-20	5.38348e-19
17616.20000	-2.03465e-19	4.75510e-19
17617.80000	-4.16497e-19	3.74872e-19
17619.50000	2.06993e-19	3.27939e-19
17621.10000	-8.51282e-19	4.12500e-19
17622.70000	-3.56835e-19	5.45101e-19
17624.30000	4.71543e-19	5.75620e-19
17626.00000	3.80004e-19	5.40943e-19
17627.60000	3.05078e-19	5.48161e-19
17629.20000	-2.87004e-20	5.36762e-19
17630.90000	-3.17504e-19	4.19849e-19
17632.50000	-6.06928e-19	3.33155e-19
17634.10000	-2.87177e-21	3.16831e-19
17635.70000	4.79030e-19	3.33033e-19
17637.40000	-4.12604e-19	3.12482e-19
17639.00000	-3.91904e-19	3.08442e-19
17640.60000	-3.11970e-19	3.18815e-19
17642.30000	-2.74790e-19	3.33208e-19
17643.90000	-1.18221e-18	3.57769e-19
17645.50000	-4.46815e-19	4.68102e-19
17647.20000	8.42699e-20	9.15857e-19
17648.80000	-7.79900e-19	1.77909e-18
17650.40000	1.40365e-19	3.10206e-18
17652.00000	1.46418e-18	5.18116e-18
17653.70000	-5.77699e-18	5.92539e-18
17655.30000	-5.90874e-19	4.50213e-18
17656.90000	1.16651e-18	1.71158e-18
17658.60000	-8.27065e-19	1.15932e-18
17660.20000	-3.23935e-19	1.09457e-18
17661.80000	-3.31388e-19	1.13522e-18
17663.40000	-1.75324e-18	1.18239e-18
17665.10000	-3.52336e-19	1.13426e-18
17666.70000	2.70861e-19	9.35242e-19
17668.30000	2.85971e-19	1.25291e-18
17670.00000	-1.55875e-18	2.45194e-18
17671.60000	-1.62143e-18	3.36507e-18
17673.20000	6.01015e-19	2.89314e-18
17674.80000	1.10691e-18	1.35834e-18
17676.50000	6.14890e-19	5.76975e-19
17678.10000	9.46404e-20	3.96535e-19
17679.70000	-3.47107e-19	3.55728e-19
17681.40000	-6.32679e-20	4.74260e-19
17683.00000	-1.01996e-18	6.96327e-19
17684.60000	5.53702e-19	8.69509e-19
17686.20000	-1.03045e-18	8.94883e-19
17687.90000	-2.02438e-19	8.85114e-19
17689.50000	-7.37181e-19	7.87644e-19
17691.10000	-4.13710e-19	6.72670e-19
17692.80000	3.56522e-19	5.36645e-19
17694.40000	-2.19651e-20	6.94323e-19
17696.00000	-1.15783e-18	1.18832e-18
17697.60000	-3.58024e-19	1.82541e-18
17699.30000	1.75025e-18	1.84340e-18
17700.90000	-1.30582e-18	1.32517e-18
17702.50000	-3.50572e-19	5.91176e-19
17704.20000	1.09628e-19	4.03059e-19
17705.80000	-4.95036e-20	3.51010e-19
17707.40000	-3.17397e-19	3.37999e-19
17709.10000	4.77185e-19	3.51568e-19
17710.70000	2.86092e-19	3.60023e-19
17712.30000	4.26042e-19	3.43828e-19
17713.90000	1.06366e-19	3.18995e-19
17715.60000	-1.31542e-19	3.06159e-19
17717.20000	-2.74996e-19	2.89614e-19
17718.80000	-3.65957e-19	3.00502e-19
17720.50000	-1.20908e-19	3.51499e-19
17722.10000	-2.08937e-19	4.45464e-19
17723.70000	-8.59482e-19	4.93175e-19
17725.30000	-3.01967e-20	4.62411e-19
17727.00000	-8.50696e-20	3.73558e-19
17728.60000	1.71216e-19	4.57312e-19
17730.20000	6.01889e-19	7.18730e-19
17731.90000	4.17774e-19	8.97632e-19
17733.50000	-1.16272e-18	9.81049e-19
17735.10000	-6.92825e-19	9.17847e-19
17736.70000	-3.52895e-19	7.82458e-19
17738.40000	-5.83077e-20	4.60206e-19
17740.00000	3.85553e-19	3.73354e-19
17741.60000	-2.77184e-20	3.54344e-19
17743.30000	1.54005e-19	3.40551e-19
17744.90000	2.56188e-19	3.27861e-19
17746.50000	-3.60117e-19	3.18054e-19
17748.10000	-6.41961e-20	3.35784e-19
17749.80000	-1.41631e-19	3.24311e-19
17751.40000	-1.06592e-19	3.12440e-19
17753.00000	4.54296e-19	3.10698e-19
17754.70000	1.92247e-20	3.56872e-19
17756.30000	3.17682e-19	3.38585e-19
17757.90000	3.00616e-19	3.41816e-19
17759.50000	8.43605e-19	3.47898e-19
17761.20000	4.54994e-19	3.48895e-19
17762.80000	9.53494e-20	3.47882e-19
17764.40000	-1.31187e-19	3.66400e-19
17766.10000	1.56496e-20	4.44648e-19
17767.70000	4.67554e-20	4.10537e-19
17769.30000	7.04674e-19	4.28056e-19
17771.00000	-1.35608e-19	4.92053e-19
17772.60000	6.62813e-20	5.82096e-19
17774.20000	3.87715e-19	5.93674e-19
17775.80000	-4.38462e-19	6.12751e-19
17777.50000	-6.00595e-19	6.72926e-19
17779.10000	3.06341e-19	7.06463e-19
17780.70000	2.18969e-19	6.07500e-19
17782.40000	-2.13486e-19	4.58964e-19
17784.00000	-5.85160e-19	4.82367e-19
17785.60000	-1.29670e-19	5.52147e-19
17787.20000	9.07745e-19	5.35249e-19
17788.90000	1.00256e-18	4.30922e-19
17790.50000	1.69413e-19	3.97622e-19
17792.10000	1.67394e-19	3.52723e-19
17793.80000	4.15962e-20	3.47217e-19
17795.40000	-1.76464e-19	3.21658e-19
17797.00000	-3.38414e-19	3.06866e-19
17798.60000	2.50066e-19	3.21099e-19
17800.30000	1.84668e-19	3.12367e-19
17801.90000	4.16708e-19	3.14522e-19
17803.50000	5.64882e-19	3.23305e-19
17805.20000	-4.88968e-19	3.37840e-19
17806.80000	-7.31475e-19	4.17279e-19
17808.40000	2.74837e-19	9.26244e-19
17810.00000	-2.57942e-18	2.34435e-18
17811.70000	-3.65211e-19	2.77856e-18
17813.30000	-2.28031e-19	2.05791e-18
17814.90000	4.65084e-19	7.79874e-19
17816.60000	8.04796e-19	5.54304e-19
17818.20000	3.23473e-19	6.08212e-19
17819.80000	3.46913e-19	6.08283e-19
17821.40000	4.94369e-21	5.70357e-19
17823.10000	-6.49942e-19	5.27663e-19
17824.70000	-1.90502e-19	4.89693e-19
17826.30000	3.43113e-19	4.66820e-19
17828.00000	1.42555e-19	5.99819e-19
17829.60000	-6.04576e-20	7.93173e-19
17831.20000	7.90929e-19	8.18929e-19
17832.90000	1.85691e-19	6.93538e-19
17834.50000	-4.77242e-19	6.03408e-19
17836.10000	-2.20235e-19	5.87949e-19
17837.70000	6.31168e-19	4.54404e-19
17839.40000	8.18337e-20	3.56514e-19
17841.00000	-3.75261e-19	3.91468e-19
17842.60000	5.26385e-19	4.74574e-19
17844.30000	7.46752e-19	5.49744e-19
17845.90000	-3.75465e-19	5.84181e-19
17847.50000	9.47595e-19	6.93086e-19
17849.10000	9.00338e-20	8.34065e-19
17850.80000	-2.99055e-19	9.01927e-19
17852.40000	-6.96208e-19	8.82191e-19
17854.00000	-1.20892e-18	7.73852e-19
17855.70000	1.78268e-19	6.69871e-19
17857.30000	-2.77175e-19	5.23663e-19
17858.90000	-5.82695e-19	4.85680e-19
17860.50000	-7.93829e-20	5.31667e-19
17862.20000	-7.98222e-20	4.73213e-19
17863.80000	9.85217e-21	3.93334e-19
17865.40000	5.99362e-19	3.68817e-19
17867.10000	8.25467e-19	3.97512e-19
17868.70000	9.73858e-19	4.39626e-19
17870.30000	3.78736e-19	4.46463e-19
17871.90000	-2.01534e-19	4.50229e-19
17873.60000	-5.74838e-20	4.72074e-19
17875.20000	-2.04111e-19	5.79857e-19
17876.80000	-7.35361e-19	1.08040e-18
17878.50000	-4.70753e-18	3.61520e-18
17880.10000	9.96659e-19	5.21921e-18
17881.70000	4.71439e-18	4.47827e-18
17883.30000	2.60656e-18	1.76541e-18
17885.00000	-3.64549e-19	8.12441e-19
17886.60000	-4.98734e-19	5.55058e-19
17888.20000	-2.40468e-19	4.44262e-19
17889.90000	-3.76257e-19	3.97803e-19
17891.50000	4.47326e-19	3.72650e-19
17893.10000	4.05529e-19	3.55530e-19
17894.80000	-4.77275e-19	3.58773e-19
17896.40000	-6.45008e-19	3.68051e-19
17898.00000	2.49987e-19	3.68548e-19
17899.60000	6.81497e-19	3.85749e-19
17901.30000	3.28677e-19	3.85954e-19
17902.90000	4.17518e-21	3.86342e-19
17904.50000	-2.20312e-19	3.99178e-19
17906.20000	-7.69780e-19	4.16201e-19
17907.80000	-5.58189e-19	4.23536e-19
17909.40000	-1.60936e-19	4.26258e-19
17911.00000	-6.60301e-20	4.17273e-19
17912.70000	2.54296e-20	4.03545e-19
17914.30000	-6.96115e-19	3.86941e-19
17915.90000	-8.86242e-19	3.87081e-19
17917.60000	-7.83120e-19	4.21721e-19
17919.20000	-7.87228e-19	4.67101e-19
17920.80000	-5.61381e-19	4.76765e-19
17922.40000	-3.59133e-19	4.52881e-19
17924.10000	5.43286e-20	4.37682e-19
17925.70000	-5.25463e-19	4.35800e-19
17927.30000	1.02217e-19	4.31866e-19
17929.00000	3.15023e-19	4.30333e-19
17930.60000	-6.04205e-20	4.63893e-19
17932.20000	5.15893e-19	5.18735e-19
17933.80000	6.43535e-19	5.66437e-19
17935.50000	6.85714e-19	6.20189e-19
17937.10000	-2.03824e-19	5.84010e-19
17938.70000	-8.94715e-19	5.09023e-19
17940.40000	-9.78247e-20	4.81430e-19
17942.00000	-1.23493e-19	4.61158e-19
17943.60000	-6.46995e-19	4.27360e-19
17945.20000	-4.85989e-19	4.16058e-19
17946.90000	-6.48703e-19	4.07204e-19
17948.50000	-1.18727e-19	4.05095e-19
17950.10000	-3.05124e-19	4.12772e-19
17951.80000	-6.20109e-19	4.15841e-19
17953.40000	-4.06406e-19	4.21356e-19
17955.00000	-3.96422e-19	4.29385e-19
17956.70000	-7.23219e-20	4.23466e-19
17958.30000	3.94047e-19	4.33828e-19
17959.90000	6.01599e-19	4.23340e-19
17961.50000	1.84963e-19	4.25862e-19
17963.20000	-2.06962e-19	4.68571e-19
17964.80000	1.89603e-19	4.88712e-19
17966.40000	-1.99523e-19	4.75063e-19
17968.10000	-6.40662e-19	4.80161e-19
17969.70000	-2.75301e-19	4.77214e-19
17971.30000	-3.29842e-19	4.80295e-19
17972.90000	-2.31024e-19	4.77921e-19
17974.60000	-5.05968e-20	4.54822e-19
17976.20000	-2.20534e-20	4.37636e-19
17977.80000	2.69639e-19	4.39951e-19
17979.50000	3.95953e-19	4.51063e-19
17981.10000	4.83620e-19	4.61558e-19
17982.70000	1.06836e-18	4.81083e-19
17984.30000	8.29840e-20	5.02924e-19
17986.00000	2.95649e-19	5.32256e-19
17987.60000	9.47555e-19	6.09994e-19
17989.20000	3.18301e-19	8.25757e-19
17990.90000	9.01240e-19	1.91519e-18
17992.50000	2.94445e-18	5.24493e-18
17994.10000	-5.42422e-18	6.88804e-18
17995.70000	-2.04379e-18	5.83414e-18
17997.40000	-3.35065e-18	2.40690e-18
17999.00000	-2.21280e-18	1.37385e-18
18000.60000	-5.15621e-19	1.09688e-18
18002.30000	2.72254e-20	9.67214e-19
18003.90000	2.69415e-19	6.18487e-19
18005.50000	7.50355e-19	1.14456e-19
18007.20000	-1.84327e-19	1.42824e-19
