#a1689_z1_1.H.1197.fc.1d.esc.slc.txt
#Applied Total SLC: 1.1518134703936496
#Wavelength in (A) | Flux (erg/sec/cm2/A)| Flux Error
14500.00000	-5.13210e-18	6.23474e-18
14501.60000	-1.29410e-17	7.22715e-18
14503.30000	-1.13862e-17	7.92945e-18
14504.90000	1.52288e-17	8.86205e-18
14506.50000	-2.91893e-18	9.29323e-18
14508.10000	-1.93840e-17	1.02409e-17
14509.80000	2.74688e-18	8.30209e-18
14511.40000	-1.47721e-17	1.30339e-17
14513.00000	5.67770e-18	6.08997e-18
14514.70000	-1.38872e-17	6.11120e-18
14516.30000	-3.40190e-18	1.01490e-17
14517.90000	-2.00399e-17	1.60370e-17
14519.50000	-1.50473e-17	1.81300e-17
14521.20000	-1.40214e-17	1.39441e-17
14522.80000	7.04881e-18	9.47706e-18
14524.40000	1.06156e-18	5.20473e-18
14526.10000	6.10706e-18	4.00003e-18
14527.70000	9.43995e-19	3.35529e-18
14529.30000	2.04187e-18	2.96652e-18
14531.00000	1.49389e-18	2.81651e-18
14532.60000	-1.15073e-18	2.55957e-18
14534.20000	4.59638e-18	2.27769e-18
14535.80000	5.47873e-18	2.13114e-18
14537.50000	3.22243e-18	2.05171e-18
14539.10000	-6.93916e-19	2.00391e-18
14540.70000	-1.09565e-18	1.96559e-18
14542.40000	-1.36480e-18	1.93581e-18
14544.00000	-6.95820e-20	1.87668e-18
14545.60000	1.66141e-18	1.82913e-18
14547.20000	3.46135e-18	2.14232e-18
14548.90000	3.68249e-18	2.12374e-18
14550.50000	2.00038e-18	2.08712e-18
14552.10000	1.29618e-18	2.16070e-18
14553.80000	-1.88594e-18	2.13455e-18
14555.40000	6.32245e-19	2.02379e-18
14557.00000	-3.28069e-18	1.88038e-18
14558.60000	2.59575e-19	1.87435e-18
14560.30000	-3.37814e-18	2.38947e-18
14561.90000	2.28421e-18	4.07102e-18
14563.50000	-4.24318e-18	5.75860e-18
14565.20000	-5.07984e-18	5.38606e-18
14566.80000	2.02936e-18	3.37009e-18
14568.40000	2.02742e-18	1.99296e-18
14570.00000	-1.09500e-18	1.44684e-18
14571.70000	2.81997e-19	1.41369e-18
14573.30000	-4.21248e-18	1.51201e-18
14574.90000	-2.76698e-18	1.49728e-18
14576.60000	2.23756e-18	1.33200e-18
14578.20000	1.77256e-19	1.14114e-18
14579.80000	-5.30984e-19	1.06089e-18
14581.40000	9.74638e-19	1.12768e-18
14583.10000	1.03147e-18	1.00131e-18
14584.70000	2.69959e-19	8.95109e-19
14586.30000	1.65574e-19	8.84574e-19
14588.00000	1.23055e-18	9.13502e-19
14589.60000	-8.68177e-20	8.87548e-19
14591.20000	-2.71666e-19	8.68851e-19
14592.90000	2.03079e-18	8.96094e-19
14594.50000	-2.89251e-19	9.12859e-19
14596.10000	-1.34000e-18	9.25239e-19
14597.70000	2.17071e-19	1.04003e-18
14599.40000	3.10115e-19	1.37596e-18
14601.00000	-7.24230e-19	2.24219e-18
14602.60000	5.45935e-18	4.87067e-18
14604.30000	1.06252e-17	7.14722e-18
14605.90000	6.98874e-18	6.51769e-18
14607.50000	-1.05001e-18	4.23198e-18
14609.10000	-1.69051e-18	2.51947e-18
14610.80000	-6.14691e-19	1.61014e-18
14612.40000	-6.95973e-19	1.25697e-18
14614.00000	-4.81361e-19	1.14130e-18
14615.70000	-3.09516e-18	1.07588e-18
14617.30000	-2.06139e-18	1.00630e-18
14618.90000	-2.01316e-19	9.33949e-19
14620.50000	2.26556e-19	7.56365e-19
14622.20000	-4.08046e-19	6.37859e-19
14623.80000	-4.24516e-19	6.55210e-19
14625.40000	-5.45695e-19	7.25645e-19
14627.10000	2.63791e-19	8.91522e-19
14628.70000	4.49715e-19	1.13815e-18
14630.30000	-1.79542e-18	1.09200e-18
14631.90000	-3.43635e-19	9.30340e-19
14633.60000	7.68329e-19	8.96484e-19
14635.20000	2.70486e-19	9.05662e-19
14636.80000	-1.15027e-18	8.55905e-19
14638.50000	-1.99081e-18	7.33757e-19
14640.10000	-7.74256e-19	5.96563e-19
14641.70000	-1.94517e-19	5.47243e-19
14643.30000	-3.80511e-19	5.75090e-19
14645.00000	-1.17745e-18	6.30124e-19
14646.60000	1.97559e-20	6.71341e-19
14648.20000	-1.13548e-18	6.93270e-19
14649.90000	-1.47939e-18	7.59721e-19
14651.50000	-3.83478e-19	8.41981e-19
14653.10000	6.00711e-19	9.11750e-19
14654.80000	-1.58023e-18	9.68705e-19
14656.40000	-7.19946e-19	9.39553e-19
14658.00000	5.98850e-19	8.52107e-19
14659.60000	-4.64655e-19	8.57690e-19
14661.30000	-1.44098e-18	1.12775e-18
14662.90000	1.62409e-18	2.57753e-18
14664.50000	2.76249e-18	3.91489e-18
14666.20000	8.44378e-20	3.38951e-18
14667.80000	7.45932e-19	2.27146e-18
14669.40000	-9.06104e-19	1.23032e-18
14671.00000	-3.07736e-19	7.17864e-19
14672.70000	1.35589e-18	5.98139e-19
14674.30000	-6.91013e-19	5.61999e-19
14675.90000	-6.24186e-19	6.84769e-19
14677.60000	-1.37945e-18	6.80281e-19
14679.20000	-4.85849e-19	5.61128e-19
14680.80000	-1.13362e-18	5.98155e-19
14682.40000	-9.74008e-20	5.66592e-19
14684.10000	1.29289e-19	4.82180e-19
14685.70000	5.36013e-19	4.23854e-19
14687.30000	6.06081e-19	4.58384e-19
14689.00000	3.94017e-19	4.76784e-19
14690.60000	1.52311e-19	4.89130e-19
14692.20000	5.93563e-19	6.63654e-19
14693.80000	-8.01204e-19	1.09704e-18
14695.50000	-1.50504e-18	2.58776e-18
14697.10000	-2.27528e-18	4.53436e-18
14698.70000	-4.62068e-18	4.58226e-18
14700.40000	7.17832e-18	3.65101e-18
14702.00000	-9.64043e-19	2.29126e-18
14703.60000	1.76312e-18	1.49131e-18
14705.20000	5.79272e-19	9.90071e-19
14706.90000	-9.52762e-19	8.09116e-19
14708.50000	1.17234e-18	7.26390e-19
14710.10000	-3.07776e-18	7.24803e-19
14711.80000	-1.38830e-18	8.09139e-19
14713.40000	-5.58775e-19	7.64065e-19
14715.00000	6.34980e-19	6.68362e-19
14716.70000	8.15505e-19	5.41838e-19
14718.30000	-1.18709e-19	4.92795e-19
14719.90000	4.86562e-19	4.70378e-19
14721.50000	-4.52038e-19	4.73416e-19
14723.20000	-5.15595e-19	4.68853e-19
14724.80000	4.21680e-19	4.61537e-19
14726.40000	4.28229e-19	4.42867e-19
14728.10000	-1.20662e-19	4.14957e-19
14729.70000	-9.07377e-19	3.89913e-19
14731.30000	-2.78638e-19	3.82357e-19
14732.90000	-8.05885e-19	4.06741e-19
14734.60000	2.36921e-19	4.85732e-19
14736.20000	-1.75381e-19	7.02226e-19
14737.80000	-2.27042e-19	1.30073e-18
14739.50000	-3.00815e-18	1.68129e-18
14741.10000	-3.21693e-18	1.56975e-18
14742.70000	3.12289e-19	1.01392e-18
14744.30000	2.28802e-19	5.87707e-19
14746.00000	-1.70906e-19	3.64958e-19
14747.60000	-5.41245e-19	3.19584e-19
14749.20000	-8.06880e-19	3.18845e-19
14750.90000	-1.32108e-19	3.66479e-19
14752.50000	-1.24866e-18	5.83488e-19
14754.10000	-6.79256e-19	1.00030e-18
14755.70000	-1.23093e-18	1.32546e-18
14757.40000	1.00782e-19	1.13314e-18
14759.00000	1.02106e-19	7.29310e-19
14760.60000	-8.91508e-19	5.02981e-19
14762.30000	-4.47422e-19	4.13523e-19
14763.90000	1.40624e-19	3.69964e-19
14765.50000	-4.90630e-19	3.86643e-19
14767.10000	-4.50763e-19	4.94859e-19
14768.80000	-7.22678e-19	8.22730e-19
14770.40000	-1.56189e-18	1.52416e-18
14772.00000	-2.58914e-18	1.87754e-18
14773.70000	-1.94727e-18	1.68939e-18
14775.30000	-1.13867e-18	1.09140e-18
14776.90000	2.86681e-19	7.54588e-19
14778.60000	1.20407e-19	7.23074e-19
14780.20000	7.20545e-19	1.11781e-18
14781.80000	6.86354e-19	2.00923e-18
14783.40000	-7.83004e-20	2.40031e-18
14785.10000	-1.21443e-19	2.00008e-18
14786.70000	-1.59525e-19	1.17242e-18
14788.30000	4.43051e-19	6.51583e-19
14790.00000	8.80495e-19	6.07321e-19
14791.60000	7.01482e-20	6.99280e-19
14793.20000	3.52032e-19	7.40056e-19
14794.80000	3.62227e-19	8.93033e-19
14796.50000	1.15931e-18	1.29304e-18
14798.10000	2.81470e-19	2.09147e-18
14799.70000	1.84813e-18	2.61458e-18
14801.40000	2.21110e-18	2.41474e-18
14803.00000	3.34780e-18	2.08739e-18
14804.60000	2.49847e-18	2.03760e-18
14806.20000	1.31357e-18	1.86369e-18
14807.90000	-2.73838e-19	1.34091e-18
14809.50000	-7.51724e-19	6.81946e-19
14811.10000	3.18754e-19	4.16427e-19
14812.80000	-3.82728e-19	3.58707e-19
14814.40000	3.25164e-19	3.48493e-19
14816.00000	-3.60724e-19	3.44414e-19
14817.60000	-4.49662e-19	3.48281e-19
14819.30000	1.80365e-19	3.47463e-19
14820.90000	1.11152e-20	3.35523e-19
14822.50000	-1.94310e-19	3.24726e-19
14824.20000	1.14390e-19	3.33442e-19
14825.80000	2.20932e-19	3.91953e-19
14827.40000	-3.12995e-19	5.52275e-19
14829.00000	-1.12449e-18	9.18272e-19
14830.70000	1.75303e-18	1.75656e-18
14832.30000	3.55913e-18	2.73029e-18
14833.90000	-1.17063e-18	2.65848e-18
14835.60000	-5.26654e-19	1.67212e-18
14837.20000	-1.75747e-19	8.33276e-19
14838.80000	4.41161e-20	3.97092e-19
14840.50000	4.71585e-19	3.24889e-19
14842.10000	8.98306e-20	3.80315e-19
14843.70000	1.24536e-19	3.78087e-19
14845.30000	-1.23603e-19	3.32925e-19
14847.00000	-8.27806e-19	3.30149e-19
14848.60000	-6.73795e-19	3.41914e-19
14850.20000	-5.97860e-19	3.69349e-19
14851.90000	-3.90308e-19	3.37698e-19
14853.50000	-2.32177e-19	3.04629e-19
14855.10000	6.80068e-20	3.11420e-19
14856.70000	8.00023e-20	3.71416e-19
14858.40000	5.21204e-19	4.85329e-19
14860.00000	9.32530e-19	6.59223e-19
14861.60000	1.29344e-18	1.08259e-18
14863.30000	-1.35996e-18	1.87127e-18
14864.90000	-2.18591e-18	2.05978e-18
14866.50000	-1.00235e-18	1.45974e-18
14868.10000	-8.69634e-20	8.05600e-19
14869.80000	-4.53015e-19	4.64119e-19
14871.40000	-6.95935e-19	3.55800e-19
14873.00000	-3.24485e-19	3.29591e-19
14874.70000	-1.10101e-19	3.32386e-19
14876.30000	-1.51131e-19	3.45444e-19
14877.90000	4.91677e-20	3.55974e-19
14879.50000	1.60529e-19	3.94066e-19
14881.20000	-8.21932e-19	5.14715e-19
14882.80000	-6.78194e-19	8.32613e-19
14884.40000	-8.99070e-19	1.57051e-18
14886.10000	1.28967e-18	2.92615e-18
14887.70000	3.88783e-18	3.27427e-18
14889.30000	1.82046e-18	2.49240e-18
14891.00000	-8.74268e-19	1.34532e-18
14892.60000	7.29086e-21	5.53499e-19
14894.20000	-1.53911e-19	3.63095e-19
14895.80000	-1.01031e-19	3.30334e-19
14897.50000	-3.53331e-19	3.17824e-19
14899.10000	-5.37653e-19	3.08223e-19
14900.70000	-9.81372e-20	2.98466e-19
14902.40000	3.29743e-19	3.03156e-19
14904.00000	4.02097e-19	3.61993e-19
14905.60000	9.52856e-19	5.64614e-19
14907.20000	1.13276e-18	9.55549e-19
14908.90000	3.43562e-19	1.15966e-18
14910.50000	5.99096e-20	1.10418e-18
14912.10000	5.60902e-19	7.55031e-19
14913.80000	7.89159e-19	4.49688e-19
14915.40000	6.50034e-19	3.52272e-19
14917.00000	-1.65693e-19	3.31870e-19
14918.60000	-2.96527e-19	3.24641e-19
14920.30000	-5.24737e-20	3.17881e-19
14921.90000	-5.72365e-20	3.01276e-19
14923.50000	1.73882e-19	3.06642e-19
14925.20000	-2.92732e-19	3.39854e-19
14926.80000	1.10272e-19	4.48141e-19
14928.40000	-6.70273e-19	7.44202e-19
14930.00000	-1.30044e-18	1.50886e-18
14931.70000	5.45321e-19	1.82137e-18
14933.30000	-1.46014e-18	1.51098e-18
14934.90000	2.26511e-19	8.82824e-19
14936.60000	2.47056e-19	4.98231e-19
14938.20000	2.63234e-19	3.81059e-19
14939.80000	1.92462e-19	3.82113e-19
14941.40000	-4.58512e-19	3.77016e-19
14943.10000	3.52480e-19	3.45953e-19
14944.70000	7.73997e-20	3.36713e-19
14946.30000	-2.07133e-20	3.42723e-19
14948.00000	-9.66594e-20	2.90688e-19
14949.60000	-1.87727e-19	2.93688e-19
14951.20000	5.78383e-20	3.10672e-19
14952.90000	-4.21791e-20	3.43063e-19
14954.50000	-6.18634e-19	3.68565e-19
14956.10000	-1.22942e-19	3.38155e-19
14957.70000	-2.15572e-20	3.34083e-19
14959.40000	3.39193e-19	3.42010e-19
14961.00000	-3.76557e-19	3.61434e-19
14962.60000	-1.26186e-19	4.34571e-19
14964.30000	-1.74902e-19	5.55562e-19
14965.90000	-1.70994e-19	3.80544e-19
14967.50000	-3.22401e-19	3.44342e-19
14969.10000	-5.51408e-20	3.26283e-19
14970.80000	1.57605e-19	3.13742e-19
14972.40000	4.19659e-19	3.04637e-19
14974.00000	-3.15953e-19	3.01541e-19
14975.70000	-3.36486e-19	3.08217e-19
14977.30000	-4.93743e-19	3.11875e-19
14978.90000	-4.48045e-19	3.11507e-19
14980.50000	-2.68588e-21	3.36604e-19
14982.20000	-3.40896e-19	3.09582e-19
14983.80000	-1.11680e-19	3.13882e-19
14985.40000	-9.51382e-20	3.17624e-19
14987.10000	5.85349e-19	3.25174e-19
14988.70000	2.76685e-19	3.39958e-19
14990.30000	-1.20153e-19	3.59607e-19
14991.90000	6.65830e-19	3.79741e-19
14993.60000	5.77140e-19	3.88856e-19
14995.20000	4.84676e-19	3.82010e-19
14996.80000	1.42800e-20	3.55003e-19
14998.50000	3.17201e-19	3.40334e-19
15000.10000	1.91822e-19	3.35532e-19
15001.70000	-6.25918e-20	3.45269e-19
15003.30000	-7.33760e-19	3.90047e-19
15005.00000	-9.87246e-19	5.25689e-19
15006.60000	6.97281e-20	5.68259e-19
15008.20000	-3.86794e-19	5.61744e-19
15009.90000	-2.92303e-19	4.91377e-19
15011.50000	2.63316e-19	3.59991e-19
15013.10000	1.30256e-19	3.35946e-19
15014.80000	-1.94682e-19	3.35448e-19
15016.40000	-3.23460e-19	3.24657e-19
15018.00000	3.54830e-19	3.18632e-19
15019.60000	-7.15538e-20	3.24250e-19
15021.30000	3.76781e-19	3.55351e-19
15022.90000	-1.37300e-19	4.69227e-19
15024.50000	-7.38858e-19	6.11597e-19
15026.20000	4.55904e-19	6.70753e-19
15027.80000	-5.98015e-19	5.86098e-19
15029.40000	-4.13253e-19	4.46146e-19
15031.00000	-9.93861e-20	3.49768e-19
15032.70000	-2.06140e-20	3.23795e-19
15034.30000	-4.15040e-19	3.30794e-19
15035.90000	-8.09865e-20	3.45099e-19
15037.60000	-6.68507e-19	3.48035e-19
15039.20000	3.00915e-19	3.46030e-19
15040.80000	7.92645e-19	3.46907e-19
15042.40000	6.75896e-20	3.51133e-19
15044.10000	7.08711e-21	3.59193e-19
15045.70000	-1.97286e-19	3.91659e-19
15047.30000	-9.68922e-20	4.86997e-19
15049.00000	1.60057e-19	7.50700e-19
15050.60000	7.22568e-19	1.48562e-18
15052.20000	2.03828e-18	2.60953e-18
15053.80000	-1.05645e-18	4.48979e-18
15055.50000	-1.28762e-18	4.62783e-18
15057.10000	6.89347e-18	4.25858e-18
15058.70000	1.35080e-18	1.82264e-18
15060.40000	-2.06992e-18	9.19032e-19
15062.00000	4.88954e-19	7.88452e-19
15063.60000	6.59353e-19	1.01481e-18
15065.20000	2.14787e-19	1.23063e-18
15066.90000	3.45581e-18	2.06170e-18
15068.50000	1.81677e-19	2.55309e-18
15070.10000	-2.20282e-19	2.33838e-18
15071.80000	-1.39170e-18	1.40410e-18
15073.40000	7.66905e-20	6.84194e-19
15075.00000	-3.56724e-21	3.91401e-19
15076.70000	2.32073e-19	3.76195e-19
15078.30000	2.35517e-19	4.22552e-19
15079.90000	-4.95937e-19	5.30149e-19
15081.50000	6.04160e-19	5.83957e-19
15083.20000	-7.81730e-19	6.34499e-19
15084.80000	-6.29546e-19	8.76537e-19
15086.40000	1.94661e-19	1.31736e-18
15088.10000	-1.42216e-18	1.56166e-18
15089.70000	-1.08157e-19	1.34927e-18
15091.30000	-5.06424e-20	8.86874e-19
15092.90000	-4.92899e-19	5.10612e-19
15094.60000	2.66351e-19	3.77791e-19
15096.20000	1.70918e-19	3.73049e-19
15097.80000	1.49260e-19	3.93715e-19
15099.50000	-1.63583e-19	3.88064e-19
15101.10000	1.39152e-19	3.78523e-19
15102.70000	6.89947e-19	3.73419e-19
15104.30000	3.59182e-19	4.89689e-19
15106.00000	-2.66467e-19	5.97392e-19
15107.60000	3.51498e-19	4.98162e-19
15109.20000	-4.79028e-19	5.17920e-19
15110.90000	-6.40819e-19	6.21539e-19
15112.50000	8.95863e-20	7.12387e-19
15114.10000	-1.25550e-18	7.49753e-19
15115.70000	5.40855e-19	6.60575e-19
15117.40000	1.87209e-19	5.15005e-19
15119.00000	5.02039e-20	3.75012e-19
15120.60000	5.34364e-20	3.22622e-19
15122.30000	-4.09272e-20	3.09240e-19
15123.90000	1.28600e-19	3.11237e-19
15125.50000	-3.04786e-19	3.20125e-19
15127.10000	1.07517e-19	3.28840e-19
15128.80000	4.20296e-19	3.38641e-19
15130.40000	-3.77316e-19	3.44047e-19
15132.00000	-5.37954e-19	3.82416e-19
15133.70000	3.10983e-19	4.18333e-19
15135.30000	-8.03247e-19	4.15353e-19
15136.90000	-3.11044e-19	3.83379e-19
15138.60000	-8.40952e-19	3.69939e-19
15140.20000	-7.42522e-19	3.92001e-19
15141.80000	1.34027e-19	4.14806e-19
15143.40000	-3.46540e-19	4.14618e-19
15145.10000	-1.87914e-19	4.02758e-19
15146.70000	-6.53213e-19	4.17787e-19
15148.30000	-3.58389e-19	4.50610e-19
15150.00000	-2.62661e-19	4.75659e-19
15151.60000	-4.57639e-19	4.71814e-19
15153.20000	-1.72612e-19	4.14526e-19
15154.80000	-2.11131e-19	4.30007e-19
15156.50000	-1.42485e-19	3.15315e-19
15158.10000	-4.86538e-19	3.08138e-19
15159.70000	-8.10935e-19	2.90173e-19
15161.40000	-3.29617e-19	2.88172e-19
15163.00000	-3.07072e-19	2.88048e-19
15164.60000	-3.85906e-19	2.96460e-19
15166.20000	-1.53132e-19	3.09806e-19
15167.90000	-3.97034e-19	3.17055e-19
15169.50000	-5.57205e-19	3.25370e-19
15171.10000	5.59721e-19	3.05410e-19
15172.80000	-1.83993e-19	3.03906e-19
15174.40000	-3.49346e-19	3.04897e-19
15176.00000	-3.04216e-19	3.17568e-19
15177.60000	1.68056e-19	3.27320e-19
15179.30000	2.73760e-19	3.49329e-19
15180.90000	-4.58537e-20	4.04014e-19
15182.50000	-1.35175e-20	5.63411e-19
15184.20000	-2.12552e-19	1.12578e-18
15185.80000	-9.59049e-19	1.89656e-18
15187.40000	1.21854e-18	2.08496e-18
15189.00000	-2.59786e-18	1.60580e-18
15190.70000	-9.53897e-19	7.85644e-19
15192.30000	9.75507e-20	3.58368e-19
15193.90000	2.47975e-19	2.98152e-19
15195.60000	-1.49205e-19	2.85897e-19
15197.20000	-2.24660e-19	2.75923e-19
15198.80000	3.01320e-20	2.67734e-19
15200.50000	5.35161e-20	2.66399e-19
15202.10000	4.04424e-20	2.67215e-19
15203.70000	2.68210e-19	2.71531e-19
15205.30000	-4.55904e-19	2.79626e-19
15207.00000	2.01651e-19	2.78321e-19
15208.60000	3.62513e-19	2.77904e-19
15210.20000	6.34800e-19	2.79079e-19
15211.90000	1.75200e-21	2.78108e-19
15213.50000	-3.88614e-19	2.75224e-19
15215.10000	-3.02861e-19	2.76625e-19
15216.70000	-4.40588e-19	2.70162e-19
15218.40000	-1.57290e-19	2.93808e-19
15220.00000	2.17620e-19	2.74603e-19
15221.60000	-8.53481e-20	2.77109e-19
15223.30000	-9.06395e-20	2.83300e-19
15224.90000	-3.17122e-19	2.78133e-19
15226.50000	1.36746e-19	2.74368e-19
15228.10000	-2.79263e-19	2.80190e-19
15229.80000	2.10661e-19	2.96199e-19
15231.40000	-1.76875e-19	3.10349e-19
15233.00000	3.40725e-19	3.33459e-19
15234.70000	2.65759e-19	4.43543e-19
15236.30000	-2.40396e-19	7.68870e-19
15237.90000	-1.85517e-18	1.74593e-18
15239.50000	6.05800e-18	3.27023e-18
15241.20000	1.28454e-17	3.73497e-18
15242.80000	-2.65684e-18	2.90161e-18
15244.40000	-6.49050e-19	1.61800e-18
15246.10000	-1.62039e-19	4.87472e-19
15247.70000	-2.24442e-19	3.47864e-19
15249.30000	7.77043e-20	2.99011e-19
15251.00000	5.50151e-19	2.80632e-19
15252.60000	-6.00598e-21	2.67239e-19
15254.20000	-5.88844e-19	2.62984e-19
15255.80000	-2.90324e-19	2.56539e-19
15257.50000	-5.20995e-19	2.53328e-19
15259.10000	1.01883e-19	3.02592e-19
15260.70000	-9.41210e-20	2.51322e-19
15262.40000	2.82956e-19	2.71390e-19
15264.00000	1.91177e-19	3.02512e-19
15265.60000	1.11163e-19	3.36027e-19
15267.20000	-8.98800e-20	3.68345e-19
15268.90000	4.89146e-19	3.90595e-19
15270.50000	-6.04776e-19	3.85080e-19
15272.10000	1.06358e-19	3.33048e-19
15273.80000	1.38319e-19	2.86882e-19
15275.40000	-2.15780e-19	2.64267e-19
15277.00000	-8.49343e-20	2.61511e-19
15278.60000	3.04466e-19	2.71162e-19
15280.30000	3.39902e-19	3.18380e-19
15281.90000	-6.50579e-19	4.19750e-19
15283.50000	-6.27991e-19	6.69663e-19
15285.20000	-7.25935e-19	1.39671e-18
15286.80000	-1.77858e-18	2.17904e-18
15288.40000	-1.85361e-18	2.27224e-18
15290.00000	-1.88427e-18	1.53388e-18
15291.70000	1.11071e-18	6.90238e-19
15293.30000	-5.69307e-20	3.56786e-19
15294.90000	4.78695e-19	2.87716e-19
15296.60000	-8.39064e-20	2.66708e-19
15298.20000	3.09409e-19	2.61716e-19
15299.80000	-3.35849e-19	2.57653e-19
15301.40000	-2.52062e-19	2.57261e-19
15303.10000	-2.41394e-19	2.55367e-19
15304.70000	1.20985e-19	2.53404e-19
15306.30000	-1.75491e-19	2.64902e-19
15308.00000	-1.80316e-19	3.23293e-19
15309.60000	-1.13294e-19	4.25101e-19
15311.20000	1.27197e-19	4.51428e-19
15312.90000	-7.33953e-19	3.89285e-19
15314.50000	-3.22292e-19	2.98662e-19
15316.10000	-2.89409e-19	2.72301e-19
15317.70000	-5.62983e-19	2.64846e-19
15319.40000	-1.58935e-19	2.61736e-19
15321.00000	4.45126e-19	2.64631e-19
15322.60000	-3.62308e-20	2.75894e-19
15324.30000	-7.60499e-19	3.03645e-19
15325.90000	-7.25820e-19	4.00412e-19
15327.50000	-9.76332e-20	7.03431e-19
15329.10000	-9.18233e-19	1.59813e-18
15330.80000	2.36944e-18	3.22292e-18
15332.40000	-4.06475e-19	3.82699e-18
15334.00000	-3.13980e-18	3.17785e-18
15335.70000	3.88691e-19	1.51267e-18
15337.30000	2.25474e-19	5.24537e-19
15338.90000	7.17294e-20	3.36129e-19
15340.50000	-1.77326e-19	4.53620e-19
15342.20000	1.34781e-19	2.87065e-19
15343.80000	9.10079e-20	2.83779e-19
15345.40000	2.98696e-19	3.45076e-19
15347.10000	1.04259e-18	5.34593e-19
15348.70000	4.00782e-20	6.21584e-19
15350.30000	5.73047e-19	5.60140e-19
15351.90000	2.15033e-19	4.40422e-19
15353.60000	-1.93824e-22	2.88788e-19
15355.20000	-5.97591e-19	2.83206e-19
15356.80000	-3.17036e-19	2.84234e-19
15358.50000	1.92114e-19	2.65625e-19
15360.10000	-6.37517e-19	2.45325e-19
15361.70000	-3.94972e-19	3.16245e-19
15363.30000	-9.80729e-20	2.93020e-19
15365.00000	-3.54267e-21	2.93974e-19
15366.60000	-4.95970e-20	2.44493e-19
15368.20000	4.55000e-19	2.41668e-19
15369.90000	-2.74819e-19	2.76868e-19
15371.50000	-3.92295e-19	3.50276e-19
15373.10000	-7.52534e-19	4.35336e-19
15374.80000	-3.46058e-19	5.37570e-19
15376.40000	-5.86101e-19	5.76215e-19
15378.00000	-6.98114e-19	5.43244e-19
15379.60000	-1.64322e-20	4.39256e-19
15381.30000	-4.29224e-19	3.33752e-19
15382.90000	-4.76309e-19	2.72240e-19
15384.50000	5.21866e-19	3.10643e-19
15386.20000	2.77743e-20	4.15745e-19
15387.80000	-6.91480e-21	4.73447e-19
15389.40000	-4.55856e-19	5.00173e-19
15391.00000	-6.41038e-19	6.27146e-19
15392.70000	-7.72886e-19	1.26682e-18
15394.30000	2.03102e-18	2.01619e-18
15395.90000	-6.88930e-19	2.05331e-18
15397.60000	-1.72524e-18	1.40943e-18
15399.20000	-7.43096e-19	5.63916e-19
15400.80000	-1.78265e-19	2.85905e-19
15402.40000	2.25227e-19	3.09004e-19
15404.10000	-5.56866e-19	3.86672e-19
15405.70000	-2.77913e-19	4.35331e-19
15407.30000	4.53850e-19	4.17236e-19
15409.00000	3.35721e-20	3.87138e-19
15410.60000	-2.87574e-19	3.81043e-19
15412.20000	-1.96656e-19	4.27019e-19
15413.80000	2.90157e-19	3.31874e-19
15415.50000	1.31926e-19	2.70801e-19
15417.10000	-4.71297e-20	2.53226e-19
15418.70000	-1.95320e-19	2.59471e-19
15420.40000	3.00135e-19	2.73162e-19
15422.00000	-6.04694e-20	3.04164e-19
15423.60000	1.74007e-19	3.31771e-19
15425.20000	-3.43880e-19	3.78335e-19
15426.90000	2.02413e-19	5.53619e-19
15428.50000	-4.96559e-19	1.13642e-18
15430.10000	-5.04978e-18	2.39059e-18
15431.80000	-9.35918e-20	3.12638e-18
15433.40000	-1.71224e-18	2.83582e-18
15435.00000	1.33354e-20	1.55833e-18
15436.70000	-1.84181e-19	6.33469e-19
15438.30000	1.77727e-19	4.56668e-19
15439.90000	-3.90140e-19	4.16444e-19
15441.50000	1.44641e-19	3.17956e-19
15443.20000	1.92911e-19	2.53785e-19
15444.80000	1.46246e-19	2.35439e-19
15446.40000	-2.63645e-19	2.30291e-19
15448.10000	-6.89273e-19	2.29130e-19
15449.70000	1.16689e-19	2.27301e-19
15451.30000	-4.58794e-19	2.30116e-19
15452.90000	-8.85374e-20	2.37162e-19
15454.60000	-1.55704e-19	2.45817e-19
15456.20000	8.45397e-20	2.44347e-19
15457.80000	4.68770e-19	2.73459e-19
15459.50000	-3.81993e-19	4.35597e-19
15461.10000	-1.05360e-18	6.39971e-19
15462.70000	-2.15563e-18	6.56322e-19
15464.30000	-8.32404e-19	5.05580e-19
15466.00000	-4.17045e-19	3.34275e-19
15467.60000	-2.92103e-19	3.28197e-19
15469.20000	-3.77518e-19	3.24234e-19
15470.90000	4.23091e-19	3.25754e-19
15472.50000	6.34041e-25	4.79682e-19
15474.10000	1.18912e-19	6.27615e-19
15475.70000	2.53475e-19	5.24137e-19
15477.40000	-2.47697e-19	3.37310e-19
15479.00000	8.80943e-19	2.45560e-19
15480.60000	-2.83215e-19	2.27671e-19
15482.30000	-4.13577e-19	2.21190e-19
15483.90000	-9.37247e-20	2.40405e-19
15485.50000	-1.61469e-19	3.45387e-19
15487.10000	-4.60488e-19	5.70795e-19
15488.80000	-9.99878e-20	5.69068e-19
15490.40000	2.42763e-19	4.57556e-19
15492.00000	1.24931e-19	2.90566e-19
15493.70000	-4.48942e-19	2.42031e-19
15495.30000	-2.87167e-19	2.60241e-19
15496.90000	2.89749e-19	3.73875e-19
15498.60000	-1.08532e-18	7.89516e-19
15500.20000	-1.14600e-18	1.08049e-18
15501.80000	8.28506e-19	1.04791e-18
15503.40000	7.73230e-19	6.71802e-19
15505.10000	1.60018e-19	4.07993e-19
15506.70000	9.15592e-20	7.27674e-19
15508.30000	-1.28888e-18	2.06175e-18
15510.00000	-6.73680e-19	1.55429e-18
15511.60000	3.51150e-18	1.20763e-18
15513.20000	-2.77601e-19	5.83935e-19
15514.80000	-2.57277e-19	5.19398e-19
15516.50000	-3.60814e-19	8.18884e-19
15518.10000	-1.32472e-18	8.74362e-19
15519.70000	-1.07040e-18	6.65218e-19
15521.40000	4.68469e-19	3.35828e-19
15523.00000	-7.23062e-20	2.32033e-19
15524.60000	-2.96265e-19	2.21413e-19
15526.20000	6.38630e-20	2.19619e-19
15527.90000	1.78404e-19	2.23769e-19
15529.50000	-2.92801e-19	2.26987e-19
15531.10000	-3.03664e-19	2.35397e-19
15532.80000	-5.42840e-19	2.50993e-19
15534.40000	-5.03756e-19	3.07219e-19
15536.00000	-1.36017e-19	5.61532e-19
15537.60000	9.53786e-19	1.30949e-18
15539.30000	-1.93717e-18	2.05227e-18
15540.90000	-2.17199e-19	2.15032e-18
15542.50000	9.03502e-19	1.72286e-18
15544.20000	8.72615e-19	1.58205e-18
15545.80000	5.93787e-19	2.11031e-18
15547.40000	-1.02607e-18	1.53058e-18
15549.10000	1.02303e-18	7.67264e-19
15550.70000	-1.87829e-19	3.27213e-19
15552.30000	1.25241e-19	2.47439e-19
15553.90000	-6.88055e-19	2.39606e-19
15555.60000	-2.52929e-19	2.26592e-19
15557.20000	1.89738e-19	2.26516e-19
15558.80000	-2.30064e-19	2.56820e-19
15560.50000	-5.30505e-19	3.11132e-19
15562.10000	-7.88195e-20	3.25330e-19
15563.70000	-5.94244e-19	3.10220e-19
15565.30000	-4.64113e-19	3.12537e-19
15567.00000	5.68634e-19	5.20841e-19
15568.60000	-6.27463e-19	1.17589e-18
15570.20000	1.69494e-20	1.20848e-18
15571.90000	2.77132e-18	9.60033e-19
15573.50000	8.72167e-19	4.87609e-19
15575.10000	5.18089e-19	3.22515e-19
15576.70000	4.57375e-19	2.90613e-19
15578.40000	-1.86433e-19	2.92805e-19
15580.00000	7.82140e-20	3.38483e-19
15581.60000	-6.62990e-20	3.44759e-19
15583.30000	3.51361e-20	2.92587e-19
15584.90000	1.18047e-19	2.35282e-19
15586.50000	-3.08719e-19	2.32361e-19
15588.10000	-1.20657e-19	2.33720e-19
15589.80000	-5.29456e-19	2.41004e-19
15591.40000	-2.50010e-19	2.69337e-19
15593.00000	-1.75960e-19	4.34227e-19
15594.70000	-1.35333e-18	1.08296e-18
15596.30000	-8.88090e-20	2.19778e-18
15597.90000	1.52107e-18	2.75766e-18
15599.50000	7.05070e-19	1.60050e-18
15601.20000	1.07810e-18	6.23068e-19
15602.80000	-2.10915e-19	2.91817e-19
15604.40000	-7.38617e-20	2.50601e-19
15606.10000	-1.16054e-19	2.47501e-19
15607.70000	-5.03068e-20	2.23649e-19
15609.30000	3.03776e-19	2.41488e-19
15611.00000	1.42026e-19	3.26323e-19
15612.60000	5.09513e-19	4.36432e-19
15614.20000	-4.65442e-19	4.66110e-19
15615.80000	-2.75840e-19	3.10303e-19
15617.50000	-4.12296e-19	2.40653e-19
15619.10000	1.02916e-19	2.51808e-19
15620.70000	-3.73319e-19	2.62302e-19
15622.40000	-1.39388e-19	2.94833e-19
15624.00000	-3.38804e-19	2.30271e-19
15625.60000	1.38206e-19	2.55856e-19
15627.20000	3.79125e-19	4.22096e-19
15628.90000	-6.60092e-20	1.03336e-18
15630.50000	-1.37322e-18	1.77590e-18
15632.10000	-1.27168e-19	2.04639e-18
15633.80000	1.52551e-18	1.01497e-18
15635.40000	2.39323e-19	4.19686e-19
15637.00000	-4.24798e-19	2.52945e-19
15638.60000	-4.23958e-19	2.78609e-19
15640.30000	-2.36002e-19	3.08830e-19
15641.90000	-3.71000e-19	2.97087e-19
15643.50000	-1.97409e-19	2.49100e-19
15645.20000	1.45727e-19	2.25479e-19
15646.80000	-8.95148e-20	2.35059e-19
15648.40000	-1.93142e-19	2.65839e-19
15650.00000	5.95613e-19	3.87613e-19
15651.70000	2.47137e-19	9.04360e-19
15653.30000	1.67003e-18	2.24915e-18
15654.90000	-1.46602e-19	3.06417e-18
15656.60000	1.72249e-18	2.36964e-18
15658.20000	-7.21027e-19	1.40028e-18
15659.80000	-6.21414e-19	6.92011e-19
15661.40000	-7.50309e-20	3.47410e-19
15663.10000	7.36770e-20	2.40648e-19
15664.70000	-1.89671e-19	2.26099e-19
15666.30000	-1.30358e-19	2.17359e-19
15668.00000	2.93839e-19	2.11855e-19
15669.60000	1.96019e-20	2.09141e-19
15671.20000	3.06759e-20	2.11881e-19
15672.90000	1.06290e-20	2.15287e-19
15674.50000	3.56524e-19	2.17211e-19
15676.10000	2.15480e-19	2.24491e-19
15677.70000	3.18321e-20	2.23193e-19
15679.40000	-2.18527e-20	2.12994e-19
15681.00000	-5.52623e-20	2.32371e-19
15682.60000	-7.72398e-19	2.87129e-19
15684.30000	-2.19487e-19	2.56139e-19
15685.90000	4.76660e-20	2.51488e-19
15687.50000	-5.07107e-20	2.38826e-19
15689.10000	3.34231e-19	2.33569e-19
15690.80000	1.22177e-19	2.25122e-19
15692.40000	2.77494e-19	2.22360e-19
15694.00000	-2.64778e-19	2.28918e-19
15695.70000	1.80137e-19	2.62072e-19
15697.30000	2.73157e-19	3.48289e-19
15698.90000	4.81589e-19	5.42679e-19
15700.50000	4.70761e-19	1.14763e-18
15702.20000	2.95429e-19	1.49114e-18
15703.80000	7.99948e-19	1.25420e-18
15705.40000	-1.19744e-18	5.75666e-19
15707.10000	-1.55058e-19	3.02510e-19
15708.70000	-1.89724e-19	2.47877e-19
15710.30000	-4.28556e-19	2.63134e-19
15711.90000	-2.56838e-19	2.71578e-19
15713.60000	-3.22852e-19	2.75491e-19
15715.20000	-2.04237e-19	2.26646e-19
15716.80000	4.22218e-20	2.43534e-19
15718.50000	1.57800e-19	2.50284e-19
15720.10000	3.90703e-19	2.77124e-19
15721.70000	-1.70047e-19	3.01205e-19
15723.30000	-1.14613e-19	3.53474e-19
15725.00000	2.00336e-19	3.67548e-19
15726.60000	2.54649e-19	3.13914e-19
15728.20000	-3.26946e-19	2.53611e-19
15729.90000	-3.85587e-20	2.63328e-19
15731.50000	4.11609e-20	2.95064e-19
15733.10000	-7.98353e-20	3.02198e-19
15734.80000	2.23741e-19	2.89580e-19
15736.40000	-2.14710e-19	2.94337e-19
15738.00000	-4.70699e-20	3.09320e-19
15739.60000	2.63468e-19	3.14288e-19
15741.30000	4.44244e-19	2.86085e-19
15742.90000	-6.76150e-21	2.17528e-19
15744.50000	2.38132e-19	2.42089e-19
15746.20000	-1.18603e-19	2.95994e-19
15747.80000	-5.78068e-19	3.08332e-19
15749.40000	1.13156e-19	2.81147e-19
15751.00000	1.96078e-19	2.86667e-19
15752.70000	-1.04827e-19	2.80825e-19
15754.30000	1.90873e-19	2.45210e-19
15755.90000	-1.17870e-19	2.42495e-19
15757.60000	-6.09138e-19	3.69127e-19
15759.20000	-6.89691e-19	5.92309e-19
15760.80000	3.24147e-19	6.24571e-19
15762.40000	2.30671e-19	4.79392e-19
15764.10000	1.51156e-19	3.65832e-19
15765.70000	-1.40107e-20	3.44313e-19
15767.30000	6.38833e-20	3.19908e-19
15769.00000	-5.81646e-20	2.62817e-19
15770.60000	-1.27317e-19	2.26858e-19
15772.20000	-2.46273e-19	2.28907e-19
15773.80000	-2.51163e-19	2.61409e-19
15775.50000	-1.20637e-19	2.70926e-19
15777.10000	-2.29721e-19	3.07146e-19
15778.70000	-8.24658e-19	4.58031e-19
15780.40000	-8.35411e-19	6.95652e-19
15782.00000	-7.86381e-20	7.71022e-19
15783.60000	-2.62122e-19	6.43089e-19
15785.20000	7.40092e-20	3.90240e-19
15786.90000	-5.69052e-19	2.63132e-19
15788.50000	-5.09562e-19	2.30071e-19
15790.10000	-1.72994e-19	2.36210e-19
15791.80000	-7.73105e-19	2.68599e-19
15793.40000	-6.19884e-19	3.16746e-19
15795.00000	-4.67876e-19	2.99143e-19
15796.70000	-3.87219e-19	2.37369e-19
15798.30000	-1.09375e-19	2.35024e-19
15799.90000	1.01920e-19	2.80445e-19
15801.50000	-2.70250e-19	3.93403e-19
15803.20000	-2.59455e-19	4.86601e-19
15804.80000	2.29206e-20	5.02431e-19
15806.40000	-7.01646e-19	5.41639e-19
15808.10000	-5.81976e-19	7.42056e-19
15809.70000	-4.77590e-19	7.19495e-19
15811.30000	9.41504e-21	4.44265e-19
15812.90000	2.71973e-19	2.67332e-19
15814.60000	6.13745e-20	2.33652e-19
15816.20000	-3.12315e-19	2.38842e-19
15817.80000	-2.96623e-19	2.32667e-19
15819.50000	5.08533e-21	2.26395e-19
15821.10000	4.54859e-19	2.38725e-19
15822.70000	3.77979e-19	2.59451e-19
15824.30000	-1.76041e-19	2.88092e-19
15826.00000	-4.86161e-19	3.79098e-19
15827.60000	-1.25983e-19	7.16845e-19
15829.20000	-6.14019e-19	1.54864e-18
15830.90000	7.13149e-19	2.76176e-18
15832.50000	2.71911e-18	4.28551e-18
15834.10000	4.12735e-18	3.97154e-18
15835.70000	-5.95863e-19	1.81985e-18
15837.40000	-8.29511e-19	6.40083e-19
15839.00000	5.01000e-20	5.19543e-19
15840.60000	2.80394e-19	6.67043e-19
15842.30000	3.85997e-19	8.21155e-19
15843.90000	3.38430e-19	9.48645e-19
15845.50000	4.05129e-19	1.41061e-18
15847.20000	8.96785e-19	2.34292e-18
15848.80000	4.81632e-19	2.35838e-18
15850.40000	-8.45724e-19	1.31369e-18
15852.00000	-1.46447e-18	5.02777e-19
15853.70000	1.68194e-19	3.39301e-19
15855.30000	1.79489e-19	2.93484e-19
15856.90000	-4.03249e-20	2.80965e-19
15858.60000	-2.78027e-19	3.05152e-19
15860.20000	-7.16361e-19	3.90851e-19
15861.80000	-2.31538e-19	4.92975e-19
15863.40000	-3.79569e-19	4.94550e-19
15865.10000	2.73121e-21	5.63202e-19
15866.70000	2.51649e-18	8.82184e-19
15868.30000	3.22912e-18	1.29990e-18
15870.00000	2.62210e-18	1.32536e-18
15871.60000	1.06816e-18	9.52460e-19
15873.20000	2.84977e-19	5.30726e-19
15874.80000	1.82044e-19	4.11961e-19
15876.50000	1.05965e-18	3.50891e-19
15878.10000	1.01637e-18	2.69640e-19
15879.70000	6.05710e-19	2.40169e-19
15881.40000	9.14179e-19	2.50363e-19
15883.00000	7.55342e-19	2.56060e-19
15884.60000	1.86801e-19	2.50791e-19
15886.20000	1.20450e-19	2.72277e-19
15887.90000	3.48137e-19	3.40166e-19
15889.50000	-3.13162e-19	3.97857e-19
15891.10000	-2.29324e-19	3.84885e-19
15892.80000	3.78637e-20	4.25596e-19
15894.40000	-2.68049e-20	5.71484e-19
15896.00000	3.92335e-19	7.37062e-19
15897.60000	3.15355e-19	7.72014e-19
15899.30000	-9.82443e-19	6.66664e-19
15900.90000	-6.35564e-19	4.60002e-19
15902.50000	-2.51282e-19	3.05788e-19
15904.20000	-2.01014e-19	2.35632e-19
15905.80000	6.00781e-21	2.05694e-19
15907.40000	5.50521e-20	2.14813e-19
15909.10000	-3.19461e-19	2.37342e-19
15910.70000	-1.30282e-19	2.50365e-19
15912.30000	-6.36081e-19	3.06005e-19
15913.90000	-1.94488e-19	4.06013e-19
15915.60000	-4.04197e-19	5.26345e-19
15917.20000	-6.96792e-19	4.50546e-19
15918.80000	-2.00077e-19	3.17383e-19
15920.50000	-2.55954e-19	2.21777e-19
15922.10000	-3.96234e-19	2.17741e-19
15923.70000	-2.57207e-19	2.52263e-19
15925.30000	-3.72837e-19	2.72951e-19
15927.00000	-7.86515e-20	2.93475e-19
15928.60000	5.30464e-19	3.23836e-19
15930.20000	-4.19622e-19	3.32489e-19
15931.90000	-4.70973e-19	3.10830e-19
15933.50000	1.92486e-19	3.27555e-19
15935.10000	-3.39492e-19	3.29573e-19
15936.70000	-2.48094e-19	2.72577e-19
15938.40000	-3.64251e-19	2.14775e-19
15940.00000	-3.80581e-19	2.02990e-19
15941.60000	-4.29093e-19	2.08472e-19
15943.30000	-6.16717e-19	2.13464e-19
15944.90000	1.59135e-19	2.16791e-19
15946.50000	8.06108e-20	2.17074e-19
15948.10000	6.90391e-20	2.40199e-19
15949.80000	-2.02985e-19	2.05826e-19
15951.40000	-2.07313e-19	1.95826e-19
15953.00000	-3.12601e-19	2.05572e-19
15954.70000	-5.87023e-19	2.09009e-19
15956.30000	-4.99967e-19	2.05160e-19
15957.90000	-2.97116e-19	1.96934e-19
15959.50000	-2.42132e-20	2.23363e-19
15961.20000	-1.81619e-19	2.03459e-19
15962.80000	1.09022e-19	2.01264e-19
15964.40000	-6.98702e-20	2.06618e-19
15966.10000	-2.10280e-19	2.95679e-19
15967.70000	-5.44455e-20	3.33212e-19
15969.30000	3.25543e-19	5.77956e-19
15971.00000	-2.42745e-18	1.47593e-18
15972.60000	6.73643e-19	1.92264e-18
15974.20000	-1.66688e-18	1.70039e-18
15975.80000	-1.96187e-19	5.65561e-19
15977.50000	-6.16422e-19	2.88521e-19
15979.10000	-3.83457e-19	2.45324e-19
15980.70000	4.13969e-20	2.17666e-19
15982.40000	-7.74119e-20	2.42817e-19
15984.00000	-8.08480e-19	3.57377e-19
15985.60000	-3.56796e-19	2.56006e-19
15987.20000	-1.09687e-19	1.99086e-19
15988.90000	-1.78590e-19	1.95945e-19
15990.50000	-4.91647e-19	1.96423e-19
15992.10000	-5.52280e-19	1.94450e-19
15993.80000	-2.53750e-19	1.96072e-19
15995.40000	-1.35548e-19	1.98831e-19
15997.00000	1.93009e-19	1.97719e-19
15998.60000	2.13990e-19	2.00243e-19
16000.30000	-1.32434e-19	2.03877e-19
16001.90000	2.40368e-19	2.06511e-19
16003.50000	2.53753e-19	2.09625e-19
16005.20000	-1.55496e-19	2.08992e-19
16006.80000	1.28074e-19	2.06810e-19
16008.40000	-3.20922e-19	2.02152e-19
16010.00000	-3.99744e-19	2.07026e-19
16011.70000	-1.26919e-19	2.25659e-19
16013.30000	6.98407e-20	2.41899e-19
16014.90000	-5.82084e-20	2.44960e-19
16016.60000	2.28362e-19	2.34376e-19
16018.20000	5.87990e-19	2.36572e-19
16019.80000	-1.66090e-19	2.29538e-19
16021.40000	7.32747e-20	2.36357e-19
16023.10000	3.06136e-19	2.55704e-19
16024.70000	-2.69880e-19	2.94139e-19
16026.30000	-4.07729e-19	4.84508e-19
16028.00000	-8.78821e-19	1.46685e-18
16029.60000	-3.79865e-18	3.41136e-18
16031.20000	2.99118e-18	3.72183e-18
16032.90000	-3.95169e-18	2.59567e-18
16034.50000	2.33113e-19	7.94969e-19
16036.10000	-7.28015e-19	3.41283e-19
16037.70000	-2.78536e-19	2.84655e-19
16039.40000	-2.11509e-19	3.14027e-19
16041.00000	1.79169e-19	3.76635e-19
16042.60000	2.27083e-20	3.95363e-19
16044.30000	-1.79137e-19	3.42114e-19
16045.90000	-4.70751e-19	2.51865e-19
16047.50000	2.09673e-19	2.12158e-19
16049.10000	-3.01683e-20	2.11326e-19
16050.80000	-7.72112e-19	2.14235e-19
16052.40000	-2.23317e-19	2.20466e-19
16054.00000	-1.94836e-19	2.40302e-19
16055.70000	-3.11691e-19	3.13440e-19
16057.30000	-1.06888e-19	3.52963e-19
16058.90000	9.02224e-20	3.64510e-19
16060.50000	2.95741e-19	3.13522e-19
16062.20000	4.33568e-19	2.64126e-19
16063.80000	8.90112e-20	2.40491e-19
16065.40000	4.92331e-19	2.63454e-19
16067.10000	-4.19151e-20	2.73436e-19
16068.70000	2.62138e-19	2.66034e-19
16070.30000	-9.69440e-20	2.67135e-19
16071.90000	-3.24353e-19	4.71912e-19
16073.60000	5.72803e-20	4.12801e-19
16075.20000	-7.84496e-20	3.93107e-19
16076.80000	6.09223e-19	9.90693e-19
16078.50000	1.33130e-18	2.40671e-18
16080.10000	-2.01831e-18	2.26684e-18
16081.70000	-1.90326e-18	1.46698e-18
16083.30000	-1.42274e-19	5.21816e-19
16085.00000	-1.68496e-19	2.69228e-19
16086.60000	4.13779e-20	2.41767e-19
16088.20000	5.01748e-19	2.32374e-19
16089.90000	2.89348e-20	2.32705e-19
16091.50000	-2.01518e-19	2.46935e-19
16093.10000	4.18319e-20	2.51828e-19
16094.80000	-2.87511e-19	2.74453e-19
16096.40000	1.09089e-19	3.61171e-19
16098.00000	6.04430e-19	3.01730e-19
16099.60000	3.66598e-19	2.61953e-19
16101.30000	1.78339e-19	2.23702e-19
16102.90000	-3.66201e-20	2.26156e-19
16104.50000	-1.43988e-19	2.16928e-19
16106.20000	2.14479e-19	2.07516e-19
16107.80000	1.81976e-19	2.03199e-19
16109.40000	-2.73345e-19	2.08459e-19
16111.00000	-3.09728e-19	2.10527e-19
16112.70000	-1.35792e-19	2.19053e-19
16114.30000	-9.15385e-20	2.24068e-19
16115.90000	-3.03741e-19	2.76509e-19
16117.60000	-3.35302e-19	4.02210e-19
16119.20000	-1.70667e-19	4.22007e-19
16120.80000	2.71851e-19	3.78722e-19
16122.40000	-7.59049e-20	3.29373e-19
16124.10000	-1.69250e-19	4.47113e-19
16125.70000	1.48630e-19	1.53821e-18
16127.30000	-3.18988e-18	3.43706e-18
16129.00000	-4.18761e-18	3.81156e-18
16130.60000	-4.36102e-18	2.19743e-18
16132.20000	2.56979e-19	7.23026e-19
16133.80000	-5.89465e-20	3.53903e-19
16135.50000	-2.02659e-20	2.77255e-19
16137.10000	-6.46378e-20	2.47803e-19
16138.70000	1.51962e-19	2.31589e-19
16140.40000	-4.72573e-19	2.25850e-19
16142.00000	-3.14806e-19	2.23117e-19
16143.60000	-1.66795e-19	2.19426e-19
16145.20000	1.28260e-19	2.16387e-19
16146.90000	6.25534e-20	2.11299e-19
16148.50000	1.73712e-19	2.22901e-19
16150.10000	3.99245e-21	2.70970e-19
16151.80000	-7.72358e-20	2.67528e-19
16153.40000	3.85179e-19	2.31008e-19
16155.00000	-1.14803e-20	2.36559e-19
16156.70000	-4.05982e-19	2.99395e-19
16158.30000	5.32784e-20	5.01912e-19
16159.90000	-6.44973e-19	6.10157e-19
16161.50000	-1.24542e-19	5.15928e-19
16163.20000	4.51081e-20	3.30498e-19
16164.80000	-1.25432e-19	2.15141e-19
16166.40000	-2.08802e-19	2.14733e-19
16168.10000	4.06785e-20	2.21806e-19
16169.70000	3.36655e-19	2.49543e-19
16171.30000	2.10716e-21	2.74657e-19
16172.90000	2.54701e-19	2.73055e-19
16174.60000	2.36678e-19	2.46223e-19
16176.20000	1.38428e-19	2.27670e-19
16177.80000	-1.94690e-19	2.17461e-19
16179.50000	-2.31708e-19	2.08733e-19
16181.10000	3.15993e-20	2.05292e-19
16182.70000	1.55284e-19	2.10721e-19
16184.30000	5.20928e-20	2.17098e-19
16186.00000	5.60028e-21	2.29180e-19
16187.60000	-1.05048e-19	2.53042e-19
16189.20000	2.35817e-20	2.89908e-19
16190.90000	2.60177e-19	4.17127e-19
16192.50000	1.24845e-18	1.26272e-18
16194.10000	2.99567e-18	1.96649e-18
16195.70000	9.87376e-19	1.87606e-18
16197.40000	-3.17801e-18	1.10087e-18
16199.00000	-2.60791e-19	4.35136e-19
16200.60000	1.53090e-19	2.46351e-19
16202.30000	1.99143e-19	2.30152e-19
16203.90000	2.21747e-19	2.26306e-19
16205.50000	-7.10454e-20	2.43407e-19
16207.20000	1.98869e-19	2.97974e-19
16208.80000	3.77978e-19	3.51292e-19
16210.40000	2.67804e-19	3.77885e-19
16212.00000	2.48461e-19	3.41916e-19
16213.70000	1.26916e-19	2.73972e-19
16215.30000	-1.95515e-20	2.21291e-19
16216.90000	-7.71623e-20	2.26049e-19
16218.60000	-3.43953e-19	2.82303e-19
16220.20000	-2.65507e-19	4.08900e-19
16221.80000	-8.41066e-20	4.63926e-19
16223.40000	-4.29863e-19	4.34508e-19
16225.10000	2.47845e-20	4.09798e-19
16226.70000	1.28934e-19	4.17982e-19
16228.30000	-5.22983e-19	4.81139e-19
16230.00000	-1.81578e-19	5.65683e-19
16231.60000	7.49048e-19	7.54789e-19
16233.20000	1.25315e-18	1.86908e-18
16234.80000	-3.14869e-18	2.92105e-18
16236.50000	-3.69138e-18	2.64645e-18
16238.10000	-1.48357e-18	1.13671e-18
16239.70000	-4.93035e-20	4.22967e-19
16241.40000	7.12067e-20	2.98727e-19
16243.00000	1.44600e-19	3.22587e-19
16244.60000	-4.56671e-19	4.32145e-19
16246.20000	-5.43066e-19	4.58976e-19
16247.90000	-2.33304e-19	3.52578e-19
16249.50000	-1.28650e-19	2.93636e-19
16251.10000	-3.93917e-20	3.20954e-19
16252.80000	2.01633e-20	3.53352e-19
16254.40000	-2.78623e-19	3.16927e-19
16256.00000	-4.39999e-19	2.72827e-19
16257.60000	-2.42889e-19	2.70464e-19
16259.30000	-2.28519e-19	2.69985e-19
16260.90000	-2.28826e-19	2.50190e-19
16262.50000	-5.07723e-19	2.40453e-19
16264.20000	-3.85312e-19	2.42784e-19
16265.80000	-6.56171e-19	2.43488e-19
16267.40000	-6.12288e-19	3.01901e-19
16269.10000	-2.23512e-19	4.43403e-19
16270.70000	-5.87724e-20	4.88156e-19
16272.30000	-4.46139e-19	3.57346e-19
16273.90000	-5.24812e-19	2.42219e-19
16275.60000	-5.83834e-20	2.34502e-19
16277.20000	-2.39151e-19	3.00332e-19
16278.80000	9.67264e-20	3.77242e-19
16280.50000	3.22194e-19	3.70521e-19
16282.10000	-8.59221e-20	2.73844e-19
16283.70000	-3.35541e-19	2.16345e-19
16285.30000	-1.60664e-19	2.03645e-19
16287.00000	-2.92994e-19	2.03677e-19
16288.60000	-6.34930e-19	2.12594e-19
16290.20000	-7.03209e-19	2.09430e-19
16291.90000	-3.59798e-19	2.08310e-19
16293.50000	-2.46459e-19	2.04203e-19
16295.10000	-2.42552e-19	1.98371e-19
16296.70000	-3.02151e-19	1.99134e-19
16298.40000	-1.42634e-19	2.39363e-19
16300.00000	4.85379e-20	3.92430e-19
16301.60000	3.19467e-19	6.29737e-19
16303.30000	-1.06784e-19	6.37875e-19
16304.90000	-1.83475e-19	5.05464e-19
16306.50000	-7.56447e-19	5.04273e-19
16308.10000	-4.35417e-19	5.23523e-19
16309.80000	-1.76540e-19	4.00416e-19
16311.40000	-3.73608e-19	2.80919e-19
16313.00000	3.23579e-19	3.86761e-19
16314.70000	-2.26581e-20	8.58175e-19
16316.30000	7.21499e-19	1.47672e-18
16317.90000	3.61431e-19	1.47901e-18
16319.50000	-7.03126e-19	7.94736e-19
16321.20000	4.28071e-19	2.93957e-19
16322.80000	-1.51872e-19	2.21738e-19
16324.40000	-4.77181e-20	2.08103e-19
16326.10000	-1.49316e-19	2.03719e-19
16327.70000	-8.19688e-20	2.03519e-19
16329.30000	-3.25630e-20	2.00949e-19
16331.00000	6.63790e-19	1.99046e-19
16332.60000	-1.39828e-19	2.01380e-19
16334.20000	-2.96761e-19	2.05747e-19
16335.80000	-4.32711e-19	2.15311e-19
16337.50000	-1.06363e-19	2.93137e-19
16339.10000	-1.13567e-18	5.60759e-19
16340.70000	-6.00327e-19	9.72906e-19
16342.40000	-2.06807e-19	1.02983e-18
16344.00000	2.70957e-19	6.94325e-19
16345.60000	-1.29745e-19	3.96902e-19
16347.20000	-1.06147e-18	5.53739e-19
16348.90000	-1.44830e-18	1.20678e-18
16350.50000	-2.80998e-18	2.05161e-18
16352.10000	-1.26976e-18	2.05621e-18
16353.80000	-1.22783e-18	1.30714e-18
16355.40000	-1.88632e-19	4.78028e-19
16357.00000	4.36376e-20	4.50586e-19
16358.60000	7.76221e-19	6.80406e-19
16360.30000	8.71548e-19	7.97984e-19
16361.90000	2.72763e-19	7.51293e-19
16363.50000	7.77247e-19	5.62360e-19
16365.20000	-4.45502e-19	4.95944e-19
16366.80000	1.29318e-19	3.90332e-19
16368.40000	4.46382e-19	3.26998e-19
16370.00000	-4.70242e-19	3.32734e-19
16371.70000	-3.32348e-19	3.23256e-19
16373.30000	-1.36811e-19	2.86901e-19
16374.90000	-3.94050e-19	2.36128e-19
16376.60000	-6.68872e-19	1.99779e-19
16378.20000	-4.21072e-19	1.97472e-19
16379.80000	-2.15259e-19	2.03971e-19
16381.40000	-4.97707e-19	2.14138e-19
16383.10000	-2.83479e-19	2.26318e-19
16384.70000	-3.75632e-19	3.69345e-19
16386.30000	5.25835e-19	9.86456e-19
16388.00000	1.71427e-19	1.56956e-18
16389.60000	8.17808e-19	1.50154e-18
16391.20000	-3.32678e-19	7.45990e-19
16392.90000	-5.49629e-19	2.94766e-19
16394.50000	-3.88843e-19	2.68402e-19
16396.10000	-4.36361e-19	3.01011e-19
16397.70000	-3.50205e-19	3.04025e-19
16399.40000	-5.50319e-20	2.60278e-19
16401.00000	-1.23970e-19	2.20732e-19
16402.60000	2.06821e-19	2.38194e-19
16404.30000	-2.95068e-19	2.06252e-19
16405.90000	1.21405e-19	2.12351e-19
16407.50000	4.55330e-20	2.81666e-19
16409.10000	-3.03016e-19	3.14156e-19
16410.80000	-4.45429e-19	3.32135e-19
16412.40000	2.85184e-19	7.29556e-19
16414.00000	-1.20961e-18	1.10140e-18
16415.70000	-2.43170e-18	1.07819e-18
16417.30000	7.15854e-19	5.91880e-19
16418.90000	-1.25385e-19	2.46938e-19
16420.50000	4.10404e-20	2.06754e-19
16422.20000	1.52639e-19	1.99876e-19
16423.80000	-4.46283e-20	1.92362e-19
16425.40000	-2.18593e-19	1.90674e-19
16427.10000	-2.47368e-19	1.94301e-19
16428.70000	3.05947e-19	2.02754e-19
16430.30000	-4.11663e-20	2.10257e-19
16431.90000	-8.27009e-20	2.12742e-19
16433.60000	4.28829e-19	2.12318e-19
16435.20000	2.96267e-19	2.27323e-19
16436.80000	-8.20520e-19	3.08443e-19
16438.50000	-4.84393e-19	5.55755e-19
16440.10000	-1.56004e-18	1.62665e-18
16441.70000	-1.04130e-18	2.15290e-18
16443.30000	2.63844e-18	1.95283e-18
16445.00000	4.68745e-18	1.21507e-18
16446.60000	1.39312e-18	1.04977e-18
16448.20000	1.15848e-18	1.02958e-18
16449.90000	-9.41785e-19	6.65767e-19
16451.50000	-4.88018e-19	3.26442e-19
16453.10000	-1.68080e-19	2.87698e-19
16454.80000	-7.86201e-19	2.93999e-19
16456.40000	-4.30164e-19	2.98214e-19
16458.00000	-2.31376e-19	2.89592e-19
16459.60000	-1.97785e-19	2.94199e-19
16461.30000	-3.47404e-19	2.96358e-19
16462.90000	-4.01304e-19	2.14631e-19
16464.50000	-1.38145e-19	1.95133e-19
16466.20000	-3.05960e-19	1.95376e-19
16467.80000	-1.69176e-19	1.99807e-19
16469.40000	-3.46133e-19	2.06474e-19
16471.00000	-6.82494e-19	2.30881e-19
16472.70000	-4.11756e-19	4.38091e-19
16474.30000	-7.41398e-19	1.03089e-18
16475.90000	-1.05469e-18	1.49224e-18
16477.60000	4.07554e-19	1.91419e-18
16479.20000	1.77752e-18	1.78495e-18
16480.80000	-2.16821e-19	1.10147e-18
16482.40000	-4.10275e-19	4.75434e-19
16484.10000	-7.82953e-20	2.75121e-19
16485.70000	4.50820e-20	2.33223e-19
16487.30000	3.56491e-19	2.13804e-19
16489.00000	-6.72485e-20	2.07285e-19
16490.60000	-1.36720e-19	2.05353e-19
16492.20000	-1.12996e-19	2.02945e-19
16493.80000	-4.49499e-19	2.09374e-19
16495.50000	-5.89871e-19	2.20600e-19
16497.10000	9.24146e-20	2.51750e-19
16498.70000	-3.68285e-19	4.30660e-19
16500.40000	-4.76981e-19	1.72391e-18
16502.00000	-1.17722e-18	2.66933e-18
16503.60000	1.58532e-18	1.90644e-18
16505.20000	-2.58158e-18	7.10815e-19
16506.90000	-6.47048e-19	3.31050e-19
16508.50000	-3.09931e-20	2.39373e-19
16510.10000	1.13118e-19	2.18458e-19
16511.80000	4.95113e-20	2.07845e-19
16513.40000	2.35099e-19	2.01965e-19
16515.00000	1.72382e-20	1.97797e-19
16516.70000	7.75813e-20	2.03706e-19
16518.30000	-7.34222e-20	2.00511e-19
16519.90000	-1.43076e-19	2.01529e-19
16521.50000	2.20992e-19	1.98046e-19
16523.20000	-7.22852e-20	1.95067e-19
16524.80000	-1.76269e-19	2.08936e-19
16526.40000	1.27674e-19	2.74316e-19
16528.10000	5.91163e-19	3.32289e-19
16529.70000	7.50769e-19	3.76136e-19
16531.30000	-2.60033e-20	3.45861e-19
16532.90000	6.42616e-20	2.86428e-19
16534.60000	2.96413e-19	2.28933e-19
16536.20000	-2.54904e-19	2.47510e-19
16537.80000	-9.09494e-20	3.73555e-19
16539.50000	2.83576e-19	3.55914e-19
16541.10000	-5.77827e-19	3.22957e-19
16542.70000	-2.76716e-19	3.02762e-19
16544.30000	-1.26907e-20	2.96347e-19
16546.00000	-5.13743e-19	2.45708e-19
16547.60000	-1.09173e-19	2.07150e-19
16549.20000	-2.49428e-19	2.40120e-19
16550.90000	7.91858e-19	4.55146e-19
16552.50000	9.15730e-19	1.24835e-18
16554.10000	-1.83547e-18	1.43767e-18
16555.70000	-3.38845e-19	9.22459e-19
16557.40000	3.99272e-19	4.42970e-19
16559.00000	2.04136e-19	3.27996e-19
16560.60000	5.06627e-19	2.85765e-19
16562.30000	1.89010e-19	2.22815e-19
16563.90000	1.36985e-19	1.91454e-19
16565.50000	1.55905e-19	1.87460e-19
16567.20000	-9.63258e-20	1.85646e-19
16568.80000	-2.10319e-19	1.83971e-19
16570.40000	-7.83011e-20	1.82129e-19
16572.00000	-1.67509e-19	1.79526e-19
16573.70000	-1.13073e-19	1.79385e-19
16575.30000	-5.34506e-20	1.81462e-19
16576.90000	7.26504e-20	1.93197e-19
16578.60000	-6.88722e-20	1.91215e-19
16580.20000	-1.60903e-19	1.80307e-19
16581.80000	-1.08548e-19	2.17743e-19
16583.40000	1.77762e-19	3.79830e-19
16585.10000	2.61714e-19	6.12612e-19
16586.70000	-1.32126e-19	6.61421e-19
16588.30000	-2.41303e-19	4.57755e-19
16590.00000	-4.56433e-19	2.50888e-19
16591.60000	-3.07647e-19	1.88487e-19
16593.20000	-6.76115e-20	1.83758e-19
16594.80000	1.93452e-20	1.89495e-19
16596.50000	1.33560e-19	1.94799e-19
16598.10000	-9.17484e-21	1.91570e-19
16599.70000	-3.79528e-19	1.90998e-19
16601.40000	-4.85171e-19	1.94327e-19
16603.00000	-2.09491e-19	1.98218e-19
16604.60000	2.76478e-20	2.03554e-19
16606.20000	2.07515e-19	2.47703e-19
16607.90000	2.91305e-19	4.30047e-19
16609.50000	-3.53520e-19	7.13687e-19
16611.10000	7.17278e-20	8.03824e-19
16612.80000	1.71689e-19	6.55875e-19
16614.40000	1.29035e-20	3.44633e-19
16616.00000	-1.90163e-19	2.19448e-19
16617.60000	-4.94994e-19	1.88363e-19
16619.30000	-4.40611e-19	1.82860e-19
16620.90000	-3.38624e-19	1.77990e-19
16622.50000	-2.50183e-19	1.77511e-19
16624.20000	-1.81123e-19	1.78831e-19
16625.80000	-4.14487e-19	2.02352e-19
16627.40000	-4.46169e-19	1.93864e-19
16629.10000	-1.93733e-19	1.83471e-19
16630.70000	-8.06655e-20	1.84559e-19
16632.30000	9.09794e-20	1.87782e-19
16633.90000	-2.28979e-20	1.95331e-19
16635.60000	-2.63184e-19	2.04968e-19
16637.20000	-5.53263e-19	2.16670e-19
16638.80000	-2.67142e-19	2.10070e-19
16640.50000	-1.00652e-19	1.92781e-19
16642.10000	6.53585e-20	1.80778e-19
16643.70000	-1.09645e-20	1.79807e-19
16645.30000	-1.85027e-19	1.81226e-19
16647.00000	-3.16416e-20	1.83343e-19
16648.60000	1.95100e-19	1.84188e-19
16650.20000	-9.15913e-20	1.89431e-19
16651.90000	-1.21369e-19	2.13953e-19
16653.50000	-1.17065e-19	2.45478e-19
16655.10000	-1.82053e-19	2.50579e-19
16656.70000	-1.21671e-19	2.46805e-19
16658.40000	8.41010e-20	2.79018e-19
16660.00000	2.44520e-19	3.19004e-19
16661.60000	1.89468e-19	2.88134e-19
16663.30000	-1.00708e-19	2.39668e-19
16664.90000	2.34407e-19	2.40783e-19
16666.50000	-5.77068e-20	2.45335e-19
16668.10000	-3.92857e-19	2.24236e-19
16669.80000	-1.44887e-19	1.97037e-19
16671.40000	1.92583e-20	1.84053e-19
16673.00000	-1.84829e-19	1.84328e-19
16674.70000	-2.47641e-19	1.86406e-19
16676.30000	-3.23891e-19	1.90063e-19
16677.90000	1.85614e-19	2.07526e-19
16679.50000	4.46451e-19	2.43351e-19
16681.20000	1.90960e-20	2.27140e-19
16682.80000	1.08068e-19	2.29275e-19
16684.40000	4.20980e-20	2.78670e-19
16686.10000	-6.20898e-19	4.91840e-19
16687.70000	-2.10114e-18	1.09639e-18
16689.30000	-3.01126e-18	1.96209e-18
16691.00000	1.07743e-18	3.82032e-18
16692.60000	-5.10753e-19	3.99391e-18
16694.20000	-9.91567e-19	2.69482e-18
16695.80000	-3.01396e-19	7.67859e-19
16697.50000	6.71850e-20	3.78163e-19
16699.10000	-3.80485e-20	4.43201e-19
16700.70000	-2.87121e-19	6.15521e-19
16702.40000	-1.23588e-19	7.14538e-19
16704.00000	-1.42196e-20	6.58927e-19
16705.60000	-8.16447e-20	9.33729e-19
16707.20000	4.59390e-19	2.01206e-18
16708.90000	6.81399e-19	2.34416e-18
16710.50000	-5.48993e-19	1.80509e-18
16712.10000	-2.79992e-19	6.67082e-19
16713.80000	-2.40899e-19	3.33497e-19
16715.40000	-6.09395e-19	3.00934e-19
16717.00000	-3.01430e-19	3.70081e-19
16718.60000	-2.66750e-19	3.99328e-19
16720.30000	7.87336e-20	3.58770e-19
16721.90000	4.97297e-19	3.93131e-19
16723.50000	1.88396e-19	4.85071e-19
16725.20000	-2.41072e-19	4.98528e-19
16726.80000	-4.71868e-19	3.87545e-19
16728.40000	-7.34882e-20	4.67311e-19
16730.00000	4.30912e-19	8.62244e-19
16731.70000	6.95442e-19	1.28095e-18
16733.30000	5.64415e-19	1.29663e-18
16734.90000	6.24870e-19	9.50494e-19
16736.60000	2.53673e-19	3.94931e-19
16738.20000	3.63220e-19	2.26775e-19
16739.80000	1.50965e-19	2.04099e-19
16741.40000	-2.07408e-19	1.99046e-19
16743.10000	-2.77486e-19	1.98045e-19
16744.70000	-1.27083e-19	1.94718e-19
16746.30000	-1.76745e-20	1.92576e-19
16748.00000	-2.08790e-19	2.01459e-19
16749.60000	-3.19545e-19	2.18955e-19
16751.20000	-3.65087e-19	3.73232e-19
16752.90000	2.00365e-20	4.82036e-19
16754.50000	-7.44404e-19	5.88428e-19
16756.10000	-6.15465e-19	5.56620e-19
16757.70000	-7.11194e-19	4.34588e-19
16759.40000	7.53539e-19	4.21322e-19
16761.00000	2.69463e-19	5.38187e-19
16762.60000	3.65106e-19	6.26563e-19
16764.30000	-1.88971e-20	6.27203e-19
16765.90000	-5.05365e-19	5.58501e-19
16767.50000	4.40369e-20	3.74069e-19
16769.10000	-2.74367e-19	2.04130e-19
16770.80000	3.06245e-20	1.86284e-19
16772.40000	-1.78365e-19	1.98523e-19
16774.00000	2.69177e-19	2.12651e-19
16775.70000	-1.53349e-19	1.93081e-19
16777.30000	-1.02344e-19	1.83861e-19
16778.90000	-1.74614e-19	2.21892e-19
16780.50000	-1.02272e-19	1.80138e-19
16782.20000	-4.19358e-19	1.79353e-19
16783.80000	-1.11362e-19	1.81150e-19
16785.40000	-9.55050e-20	2.03725e-19
16787.10000	2.91841e-20	1.82393e-19
16788.70000	-1.10068e-19	1.83130e-19
16790.30000	-3.60991e-19	1.83323e-19
16791.90000	2.83519e-19	2.14195e-19
16793.60000	-7.40840e-19	2.34265e-19
16795.20000	-2.62393e-19	2.27840e-19
16796.80000	-5.46530e-20	2.30479e-19
16798.50000	5.85274e-19	3.54451e-19
16800.10000	-1.81940e-19	3.28901e-19
16801.70000	-7.66904e-21	2.95748e-19
16803.30000	-8.98031e-19	3.19239e-19
16805.00000	-5.87746e-19	3.33197e-19
16806.60000	5.16280e-19	2.99655e-19
16808.20000	8.45900e-20	2.03243e-19
16809.90000	8.39848e-20	2.42793e-19
16811.50000	-3.18983e-19	2.10099e-19
16813.10000	6.82850e-20	1.96877e-19
16814.80000	-3.15667e-19	1.84810e-19
16816.40000	-1.02599e-19	1.86984e-19
16818.00000	3.32429e-19	1.90586e-19
16819.60000	-5.90948e-20	1.92564e-19
16821.30000	-2.38931e-19	1.90374e-19
16822.90000	-4.34481e-19	1.87682e-19
16824.50000	1.27828e-19	1.87382e-19
16826.20000	-1.12103e-19	1.91336e-19
16827.80000	-3.23296e-19	1.88158e-19
16829.40000	7.47726e-21	1.92592e-19
16831.00000	-2.72058e-19	1.90478e-19
16832.70000	-1.87538e-19	1.97102e-19
16834.30000	-3.25701e-20	2.06618e-19
16835.90000	7.23522e-20	2.43007e-19
16837.60000	-1.79180e-19	7.15262e-19
16839.20000	-2.65798e-19	1.60802e-18
16840.80000	-3.33582e-18	1.69108e-18
16842.40000	1.55956e-18	1.12492e-18
16844.10000	-8.40309e-19	4.48377e-19
16845.70000	2.62974e-19	2.65344e-19
16847.30000	-4.23160e-19	2.25450e-19
16849.00000	-1.73485e-19	1.96543e-19
16850.60000	-5.02069e-19	2.10701e-19
16852.20000	-4.99850e-19	2.36316e-19
16853.80000	-9.55796e-20	2.46146e-19
16855.50000	-7.83009e-19	2.04067e-19
16857.10000	1.85611e-20	1.89637e-19
16858.70000	3.92286e-20	1.89498e-19
16860.40000	1.52343e-19	1.89806e-19
16862.00000	4.25434e-20	1.91469e-19
16863.60000	-1.07583e-19	1.88619e-19
16865.20000	-4.34418e-19	1.86696e-19
16866.90000	1.99196e-19	1.85547e-19
16868.50000	9.26899e-20	1.99760e-19
16870.10000	-5.65326e-19	2.45230e-19
16871.80000	-8.25565e-19	2.47708e-19
16873.40000	-5.89890e-19	2.45904e-19
16875.00000	1.67977e-19	2.98142e-19
16876.70000	7.44746e-20	2.94663e-19
16878.30000	5.90410e-20	2.65065e-19
16879.90000	-1.88538e-19	2.20654e-19
16881.50000	-6.20103e-19	2.33554e-19
16883.20000	1.30289e-19	2.47468e-19
16884.80000	-1.11828e-19	2.38026e-19
16886.40000	3.49137e-19	2.47457e-19
16888.10000	-3.09265e-19	3.36696e-19
16889.70000	1.63263e-19	3.93263e-19
16891.30000	-1.10759e-19	3.54038e-19
16892.90000	8.67988e-20	2.77700e-19
16894.60000	-2.77033e-19	2.50737e-19
16896.20000	1.03784e-20	3.17001e-19
16897.80000	-7.19485e-19	3.88842e-19
16899.50000	-3.33148e-19	5.17770e-19
16901.10000	2.25171e-18	1.74932e-18
16902.70000	1.79539e-19	3.40257e-18
16904.30000	-4.05478e-18	3.53789e-18
16906.00000	-2.07670e-18	1.62405e-18
16907.60000	9.84699e-20	7.76624e-19
16909.20000	4.15594e-19	5.48982e-19
16910.90000	-5.28108e-19	4.54170e-19
16912.50000	-1.37759e-20	3.77594e-19
16914.10000	-5.11918e-19	3.32335e-19
16915.70000	-1.25450e-18	3.47928e-19
16917.40000	-6.01218e-19	3.05960e-19
16919.00000	-3.59812e-19	2.03764e-19
16920.60000	-3.16583e-19	1.96188e-19
16922.30000	-7.20471e-20	1.91677e-19
16923.90000	-3.91465e-19	1.92559e-19
16925.50000	-5.52945e-19	1.95623e-19
16927.20000	-1.32683e-19	1.96623e-19
16928.80000	-1.83396e-20	1.90504e-19
16930.40000	-1.18170e-19	1.89003e-19
16932.00000	1.08435e-19	1.88166e-19
16933.70000	4.06247e-20	1.84312e-19
16935.30000	-1.32520e-19	1.80062e-19
16936.90000	-2.78620e-19	1.80847e-19
16938.60000	-4.28890e-20	1.81504e-19
16940.20000	-6.89324e-20	1.83146e-19
16941.80000	-1.22044e-19	2.11567e-19
16943.40000	3.30279e-19	3.00166e-19
16945.10000	-2.01033e-19	2.47824e-19
16946.70000	3.09384e-19	2.42231e-19
16948.30000	2.40208e-19	2.26817e-19
16950.00000	-2.89473e-19	2.49624e-19
16951.60000	-7.90461e-20	4.30192e-19
16953.20000	5.61853e-19	1.57883e-18
16954.80000	8.75568e-19	2.08663e-18
16956.50000	2.69147e-19	1.62150e-18
16958.10000	-1.34695e-18	5.80083e-19
16959.70000	-1.65349e-19	3.01066e-19
16961.40000	-4.06641e-20	2.23801e-19
16963.00000	-1.68555e-19	2.05238e-19
16964.60000	6.63735e-20	2.20170e-19
16966.20000	2.85541e-19	2.37446e-19
16967.90000	-7.45746e-20	1.93504e-19
16969.50000	-3.12214e-19	1.85573e-19
16971.10000	-2.61253e-19	1.87607e-19
16972.80000	-3.28084e-21	1.90214e-19
16974.40000	-2.74426e-19	2.08094e-19
16976.00000	-1.94127e-19	2.20417e-19
16977.60000	-3.25923e-19	1.89461e-19
16979.30000	5.47882e-20	1.84199e-19
16980.90000	-1.13243e-19	1.94249e-19
16982.50000	-3.47868e-19	2.09098e-19
16984.20000	-5.77074e-21	2.26415e-19
16985.80000	-1.55988e-19	2.32031e-19
16987.40000	-6.66407e-20	2.49135e-19
16989.10000	-1.27429e-19	2.77703e-19
16990.70000	-7.12539e-20	2.85319e-19
16992.30000	2.79197e-20	2.52520e-19
16993.90000	1.15267e-19	2.17443e-19
16995.60000	-3.39297e-19	2.20699e-19
16997.20000	-2.74544e-19	2.26130e-19
16998.80000	-3.24503e-19	2.25883e-19
17000.50000	-2.25615e-19	2.34463e-19
17002.10000	2.94164e-19	2.61482e-19
17003.70000	3.74926e-19	3.59347e-19
17005.30000	1.14841e-18	8.33782e-19
17007.00000	2.16585e-18	2.66205e-18
17008.60000	2.04827e-19	3.52792e-18
17010.20000	-1.36750e-18	2.74567e-18
17011.90000	5.35547e-19	1.01098e-18
17013.50000	1.38105e-19	5.44329e-19
17015.10000	-9.95516e-20	3.49463e-19
17016.70000	-2.79354e-19	2.48458e-19
17018.40000	-3.46335e-19	2.13772e-19
17020.00000	5.82803e-20	2.05481e-19
17021.60000	2.85799e-20	2.01692e-19
17023.30000	1.49964e-19	1.90316e-19
17024.90000	3.50154e-19	1.86595e-19
17026.50000	3.99005e-19	1.82258e-19
17028.10000	2.02769e-19	1.86495e-19
17029.80000	4.27197e-20	2.03180e-19
17031.40000	1.42643e-19	2.04582e-19
17033.00000	-1.51776e-19	2.01117e-19
17034.70000	-1.07694e-19	1.96786e-19
17036.30000	2.03217e-19	1.98911e-19
17037.90000	-2.17146e-20	1.89842e-19
17039.50000	3.19616e-20	1.85865e-19
17041.20000	-1.42773e-19	1.83016e-19
17042.80000	1.36663e-19	1.82649e-19
17044.40000	3.21546e-19	1.81905e-19
17046.10000	3.27904e-21	1.86644e-19
17047.70000	-7.78361e-20	2.09476e-19
17049.30000	-4.52195e-19	2.39548e-19
17051.00000	-3.12542e-19	2.51166e-19
17052.60000	-1.87286e-19	2.85070e-19
17054.20000	-1.60513e-19	3.84597e-19
17055.80000	-1.64782e-19	5.43526e-19
17057.50000	-1.84647e-19	5.47680e-19
17059.10000	2.11009e-19	3.64549e-19
17060.70000	2.60139e-19	2.28785e-19
17062.40000	-1.11140e-20	1.94123e-19
17064.00000	1.03688e-19	1.91670e-19
17065.60000	4.16267e-19	2.14704e-19
17067.20000	-2.91597e-19	2.43955e-19
17068.90000	-5.84714e-19	2.89582e-19
17070.50000	-1.88503e-19	3.64437e-19
17072.10000	-2.43514e-19	3.87594e-19
17073.80000	-3.80198e-19	4.28607e-19
17075.40000	-1.88501e-18	6.78821e-19
17077.00000	-1.90278e-18	1.75066e-18
17078.60000	2.47484e-18	1.96982e-18
17080.30000	2.86606e-18	1.24239e-18
17081.90000	3.53655e-19	4.18131e-19
17083.50000	3.68060e-20	2.57135e-19
17085.20000	-2.39527e-19	2.22910e-19
17086.80000	-3.62432e-19	2.15030e-19
17088.40000	-3.92152e-19	2.04051e-19
17090.00000	-1.71534e-19	1.91879e-19
17091.70000	6.30148e-20	1.92700e-19
17093.30000	-1.89138e-19	2.04538e-19
17094.90000	-1.07377e-19	2.15782e-19
17096.60000	-2.72942e-20	2.31774e-19
17098.20000	-2.73412e-19	2.70018e-19
17099.80000	-1.40346e-19	3.13676e-19
17101.40000	-4.88726e-20	3.35486e-19
17103.10000	-7.09131e-19	3.56965e-19
17104.70000	-6.93661e-19	3.62279e-19
17106.30000	-1.07236e-19	3.41531e-19
17108.00000	2.67658e-19	3.26464e-19
17109.60000	3.27304e-19	3.27982e-19
17111.20000	-2.05152e-19	3.02343e-19
17112.90000	-5.50737e-19	2.91309e-19
17114.50000	-4.28852e-19	2.97721e-19
17116.10000	-4.24710e-19	2.93360e-19
17117.70000	-1.75136e-19	3.05675e-19
17119.40000	-1.15331e-19	4.52732e-19
17121.00000	7.11515e-19	1.28408e-18
17122.60000	5.50641e-19	2.70039e-18
17124.30000	-1.00248e-18	2.80949e-18
17125.90000	-1.44109e-18	1.67760e-18
17127.50000	-1.09424e-18	5.26654e-19
17129.10000	-4.41887e-19	2.96134e-19
17130.80000	-4.78651e-19	2.31191e-19
17132.40000	-1.66366e-19	2.07880e-19
17134.00000	-1.46442e-19	1.95602e-19
17135.70000	-1.41738e-19	1.86912e-19
17137.30000	-2.23729e-19	2.01464e-19
17138.90000	-1.10574e-20	1.98148e-19
17140.50000	-1.27832e-19	1.82691e-19
17142.20000	-2.41675e-19	1.84500e-19
17143.80000	-3.22493e-19	1.89509e-19
17145.40000	-2.29735e-19	1.90456e-19
17147.10000	-1.40441e-19	1.84098e-19
17148.70000	-1.31559e-19	1.76594e-19
17150.30000	-1.71481e-19	1.74264e-19
17151.90000	-1.36793e-19	1.75005e-19
17153.60000	-1.04925e-19	1.75242e-19
17155.20000	-1.77649e-19	1.73294e-19
17156.80000	-5.06920e-19	1.90028e-19
17158.50000	-2.26036e-19	1.84271e-19
17160.10000	-9.05541e-20	1.80358e-19
17161.70000	1.00047e-20	1.91450e-19
17163.30000	7.80552e-21	2.13740e-19
17165.00000	-2.19424e-20	2.23614e-19
17166.60000	-1.44133e-19	2.21628e-19
17168.20000	2.95008e-19	2.66842e-19
17169.90000	3.50879e-19	3.34120e-19
17171.50000	3.38109e-19	3.86190e-19
17173.10000	2.98176e-19	4.69280e-19
17174.80000	-2.73735e-19	5.16995e-19
17176.40000	-2.17962e-19	4.64559e-19
17178.00000	-1.97139e-19	3.81535e-19
17179.60000	-3.86377e-19	3.30839e-19
17181.30000	-6.18292e-19	2.91476e-19
17182.90000	-2.31420e-19	2.17567e-19
17184.50000	-7.05027e-20	2.01285e-19
17186.20000	-4.83519e-19	2.86275e-19
17187.80000	-9.25276e-19	4.51512e-19
17189.40000	-8.90359e-19	4.79812e-19
17191.00000	-1.22980e-19	3.55032e-19
17192.70000	-4.23068e-20	2.53346e-19
17194.30000	-7.15902e-19	2.78181e-19
17195.90000	-3.66619e-19	3.24625e-19
17197.60000	-2.69742e-19	2.95998e-19
17199.20000	-2.11810e-19	2.14710e-19
17200.80000	-5.47976e-20	1.86442e-19
17202.40000	-6.64010e-20	1.85753e-19
17204.10000	-6.03990e-20	1.94479e-19
17205.70000	6.31031e-19	2.46507e-19
17207.30000	4.41436e-19	4.78484e-19
17209.00000	-1.78319e-19	1.33684e-18
17210.60000	-1.14720e-18	1.62858e-18
17212.20000	5.12501e-20	1.24890e-18
17213.80000	-3.04491e-19	7.16484e-19
17215.50000	-6.57380e-19	5.39188e-19
17217.10000	-2.52748e-20	3.80937e-19
17218.70000	3.34275e-19	2.99167e-19
17220.40000	-1.74808e-20	3.36153e-19
17222.00000	-1.98800e-19	3.77833e-19
17223.60000	-2.45355e-19	3.17160e-19
17225.20000	-2.64699e-19	2.12090e-19
17226.90000	2.86669e-20	2.12899e-19
17228.50000	-2.20120e-19	2.76105e-19
17230.10000	1.89608e-20	3.43344e-19
17231.80000	-1.38089e-19	3.53096e-19
17233.40000	-3.34499e-19	3.07266e-19
17235.00000	-9.49130e-20	2.30591e-19
17236.70000	1.35974e-19	2.00465e-19
17238.30000	-3.33100e-20	2.08552e-19
17239.90000	-4.14581e-19	3.05856e-19
17241.50000	3.84867e-19	5.66597e-19
17243.20000	5.78511e-19	7.53832e-19
17244.80000	3.49559e-19	9.81975e-19
17246.40000	-1.91962e-18	1.55934e-18
17248.10000	4.48059e-19	2.19598e-18
17249.70000	3.34631e-19	2.00823e-18
17251.30000	-1.21939e-18	1.09887e-18
17252.90000	-6.16516e-19	3.89316e-19
17254.60000	-2.64475e-19	3.75518e-19
17256.20000	9.67248e-20	4.99850e-19
17257.80000	3.87414e-19	5.69311e-19
17259.50000	-5.33999e-19	4.36864e-19
17261.10000	-4.47621e-19	2.41906e-19
17262.70000	-3.69084e-19	2.01392e-19
17264.30000	-3.37639e-19	1.91332e-19
17266.00000	-2.86245e-19	1.89086e-19
17267.60000	-2.85474e-19	1.84958e-19
17269.20000	-3.42426e-19	1.85477e-19
17270.90000	-7.02670e-20	2.12005e-19
17272.50000	-4.44356e-19	3.09683e-19
17274.10000	-8.32575e-19	4.58684e-19
17275.70000	-4.19007e-19	4.78797e-19
17277.40000	-4.27512e-19	3.51143e-19
17279.00000	2.03111e-20	3.47850e-19
17280.60000	1.59044e-18	5.89003e-19
17282.30000	9.66968e-19	9.99000e-19
17283.90000	-8.49113e-19	9.60623e-19
17285.50000	-1.82875e-19	5.26684e-19
17287.20000	1.75062e-19	3.52294e-19
17288.80000	-1.11468e-19	3.43402e-19
17290.40000	-7.22534e-20	2.50390e-19
17292.00000	1.50099e-19	2.00090e-19
17293.70000	-2.61275e-19	1.84689e-19
17295.30000	-2.26687e-19	1.82478e-19
17296.90000	-1.91293e-19	1.83241e-19
17298.60000	-3.73510e-20	1.93502e-19
17300.20000	-4.90332e-19	3.01984e-19
17301.80000	-1.06590e-18	6.14096e-19
17303.40000	5.25766e-19	7.59650e-19
17305.10000	-2.61947e-20	6.17419e-19
17306.70000	3.25187e-19	2.71853e-19
17308.30000	1.82439e-19	2.06560e-19
17310.00000	-1.81959e-19	2.15514e-19
17311.60000	-1.47148e-19	2.69129e-19
17313.20000	-5.41097e-19	2.94116e-19
17314.80000	-1.26534e-19	2.88813e-19
17316.50000	2.37867e-19	2.66433e-19
17318.10000	3.96484e-19	2.92414e-19
17319.70000	-2.28132e-19	3.23529e-19
17321.40000	1.69492e-19	3.14450e-19
17323.00000	1.28042e-19	2.59827e-19
17324.60000	-5.53814e-19	2.58683e-19
17326.20000	-5.31637e-19	3.18368e-19
17327.90000	-9.67289e-19	5.80888e-19
17329.50000	-1.91484e-18	1.31288e-18
17331.10000	-7.80096e-19	1.53627e-18
17332.80000	3.50136e-19	1.11722e-18
17334.40000	2.82656e-19	4.34630e-19
17336.00000	-1.54486e-19	2.83358e-19
17337.60000	-1.78910e-19	2.76105e-19
17339.30000	3.30065e-19	3.09831e-19
17340.90000	-1.17904e-20	3.25341e-19
17342.50000	-3.15932e-19	3.19742e-19
17344.20000	-8.16638e-19	2.94895e-19
17345.80000	-3.06925e-19	2.56518e-19
17347.40000	-1.26385e-18	3.46285e-19
17349.10000	-9.16541e-19	6.97559e-19
17350.70000	-4.65398e-19	1.07287e-18
17352.30000	-5.86437e-19	1.01249e-18
17353.90000	-4.42676e-19	5.97673e-19
17355.60000	-9.31355e-20	4.76790e-19
17357.20000	8.17129e-19	6.85200e-19
17358.80000	1.42275e-18	1.04524e-18
17360.50000	4.92818e-19	1.05604e-18
17362.10000	-6.55990e-19	5.81130e-19
17363.70000	-3.85992e-19	2.67328e-19
17365.30000	-2.18324e-19	2.26802e-19
17367.00000	-1.12957e-20	2.09514e-19
17368.60000	-4.53547e-19	1.99628e-19
17370.20000	-2.13622e-19	2.03658e-19
17371.90000	-1.56387e-19	2.06164e-19
17373.50000	-1.91338e-19	2.22209e-19
17375.10000	-6.31888e-20	2.04571e-19
17376.70000	-6.17301e-20	2.07450e-19
17378.40000	-6.05656e-19	2.44546e-19
17380.00000	-2.27919e-19	4.40986e-19
17381.60000	-4.46424e-20	1.02803e-18
17383.30000	-1.79208e-18	1.57251e-18
17384.90000	-2.72193e-18	2.13640e-18
17386.50000	-1.93014e-18	2.25994e-18
17388.10000	-1.71368e-18	1.78864e-18
17389.80000	1.69155e-19	6.38584e-19
17391.40000	-1.07866e-19	3.11554e-19
17393.00000	-2.28385e-19	2.46335e-19
17394.70000	-1.83626e-19	2.19316e-19
17396.30000	-2.78912e-19	2.04453e-19
17397.90000	-6.78343e-20	2.02310e-19
17399.50000	-1.89411e-19	2.00023e-19
17401.20000	1.34528e-19	2.12390e-19
17402.80000	1.00787e-18	2.56781e-19
17404.40000	3.47146e-19	3.08956e-19
17406.10000	-3.50964e-19	3.14872e-19
17407.70000	-6.69137e-19	2.66029e-19
17409.30000	-4.63926e-19	2.10592e-19
17411.00000	-3.60155e-19	1.93416e-19
17412.60000	-4.58403e-19	2.20601e-19
17414.20000	-7.81484e-19	2.99483e-19
17415.80000	-3.43584e-19	3.59960e-19
17417.50000	-6.08336e-19	3.66912e-19
17419.10000	-3.84717e-19	3.25704e-19
17420.70000	-5.99005e-19	2.62586e-19
17422.40000	-3.18003e-19	2.59156e-19
17424.00000	-7.76869e-19	4.53926e-19
17425.60000	1.47269e-18	1.15427e-18
17427.20000	1.62175e-18	1.41529e-18
17428.90000	6.17764e-19	1.07496e-18
17430.50000	7.96880e-19	4.74476e-19
17432.10000	1.03720e-18	3.62806e-19
17433.80000	3.06964e-19	3.28246e-19
17435.40000	1.45296e-19	2.46008e-19
17437.00000	-2.22976e-19	2.00759e-19
17438.60000	5.47254e-20	1.96655e-19
17440.30000	2.58809e-19	2.09787e-19
17441.90000	9.05227e-20	2.60660e-19
17443.50000	-2.65144e-19	2.48554e-19
17445.20000	1.08284e-19	2.92027e-19
17446.80000	9.44529e-19	5.85376e-19
17448.40000	2.23144e-18	1.77894e-18
17450.00000	-8.76819e-19	2.22313e-18
17451.70000	4.52136e-19	1.70042e-18
17453.30000	1.05460e-18	5.94894e-19
17454.90000	3.52035e-19	3.44779e-19
17456.60000	7.16822e-19	2.63200e-19
17458.20000	9.49829e-20	2.27127e-19
17459.80000	-1.48006e-19	2.14577e-19
17461.40000	-2.90145e-19	2.01437e-19
17463.10000	-3.95454e-19	2.32769e-19
17464.70000	-1.24448e-19	2.13724e-19
17466.30000	-1.59479e-19	2.14402e-19
17468.00000	-1.76981e-19	2.22492e-19
17469.60000	2.91988e-19	2.23944e-19
17471.20000	2.87384e-19	2.17716e-19
17472.90000	1.76940e-19	2.10674e-19
17474.50000	3.87145e-19	2.12667e-19
17476.10000	8.16600e-20	2.31948e-19
17477.70000	-1.38192e-19	2.59936e-19
17479.40000	1.62156e-19	2.67827e-19
17481.00000	1.55324e-19	2.86797e-19
17482.60000	2.57457e-19	3.11069e-19
17484.30000	-3.24575e-19	3.00793e-19
17485.90000	-3.20077e-19	2.39516e-19
17487.50000	-1.00431e-19	2.12713e-19
17489.10000	1.31519e-19	2.16015e-19
17490.80000	-3.27298e-19	2.21267e-19
17492.40000	-3.56705e-19	2.45439e-19
17494.00000	-1.39345e-19	2.19235e-19
17495.70000	-1.54747e-19	2.02023e-19
17497.30000	-4.59643e-19	2.65023e-19
17498.90000	-7.53868e-19	4.72954e-19
17500.50000	-4.37488e-19	7.23381e-19
17502.20000	8.14527e-19	8.05324e-19
17503.80000	-7.05849e-19	1.08958e-18
17505.40000	3.77425e-20	1.45548e-18
17507.10000	3.67096e-19	1.65623e-18
17508.70000	2.35886e-19	5.90211e-19
17510.30000	7.91029e-20	2.73674e-19
17511.90000	-2.48762e-19	2.29278e-19
17513.60000	6.08487e-19	2.19479e-19
17515.20000	1.18379e-19	2.09984e-19
17516.80000	-2.31322e-20	2.16319e-19
17518.50000	1.10025e-19	2.07965e-19
17520.10000	-4.25676e-19	1.97154e-19
17521.70000	-9.70234e-20	1.93159e-19
17523.30000	3.06328e-19	1.97619e-19
17525.00000	1.25107e-19	2.83638e-19
17526.60000	-2.17055e-19	5.47614e-19
17528.20000	8.86246e-19	8.29003e-19
17529.90000	3.14007e-19	8.70864e-19
17531.50000	3.22866e-20	6.76521e-19
17533.10000	1.33336e-19	3.61462e-19
17534.80000	1.15391e-19	3.02222e-19
17536.40000	1.03082e-19	3.46788e-19
17538.00000	-2.29887e-20	3.40567e-19
17539.60000	9.73118e-21	2.83221e-19
17541.30000	6.13599e-20	3.06304e-19
17542.90000	-4.11715e-19	3.56568e-19
17544.50000	-3.85756e-19	3.42843e-19
17546.20000	-3.63546e-20	2.75070e-19
17547.80000	-8.07850e-20	2.75213e-19
17549.40000	-3.32530e-20	3.09617e-19
17551.00000	5.76867e-21	3.06268e-19
17552.70000	-2.80858e-19	2.45488e-19
17554.30000	-2.97397e-19	2.01014e-19
17555.90000	-2.21799e-19	1.84138e-19
17557.60000	-1.73711e-19	2.38967e-19
17559.20000	-1.29516e-19	1.98350e-19
17560.80000	-1.73972e-19	1.73076e-19
17562.40000	-2.09374e-19	1.81771e-19
17564.10000	-7.99171e-19	2.06596e-19
17565.70000	-4.74028e-19	2.34699e-19
17567.30000	-6.02360e-20	2.40393e-19
17569.00000	-2.20800e-19	2.25668e-19
17570.60000	1.25910e-19	2.08300e-19
17572.20000	-2.43992e-19	1.97551e-19
17573.80000	8.12539e-20	1.93619e-19
17575.50000	1.33700e-19	1.90524e-19
17577.10000	-2.56793e-19	1.98083e-19
17578.70000	-2.46387e-19	1.83065e-19
17580.40000	-2.74065e-19	1.76153e-19
17582.00000	1.60049e-19	1.78218e-19
17583.60000	6.15371e-20	1.83321e-19
17585.20000	-1.48324e-19	1.88262e-19
17586.90000	-1.59583e-19	1.90531e-19
17588.50000	-1.77794e-19	2.11122e-19
17590.10000	-4.14751e-19	2.31685e-19
17591.80000	-1.55800e-19	2.35480e-19
17593.40000	7.70123e-20	2.41515e-19
17595.00000	-4.22144e-19	2.54333e-19
17596.70000	-3.56204e-19	2.45961e-19
17598.30000	-1.11606e-19	2.17246e-19
17599.90000	-2.12058e-19	1.95827e-19
17601.50000	2.81402e-19	2.02420e-19
17603.20000	5.65172e-19	2.16402e-19
17604.80000	2.49778e-20	2.16775e-19
17606.40000	-7.55818e-20	2.02504e-19
17608.10000	-1.81841e-19	2.05773e-19
17609.70000	-3.33926e-19	2.62109e-19
17611.30000	-3.19377e-19	3.42843e-19
17612.90000	-3.60478e-19	3.80274e-19
17614.60000	-1.74745e-19	3.45842e-19
17616.20000	9.39550e-20	3.00523e-19
17617.80000	-1.28318e-20	2.36240e-19
17619.50000	-2.89057e-19	2.11047e-19
17621.10000	-4.39450e-19	2.58015e-19
17622.70000	4.50731e-21	3.60200e-19
17624.30000	2.61163e-20	3.82400e-19
17626.00000	1.80612e-19	3.64004e-19
17627.60000	-1.56928e-19	3.60546e-19
17629.20000	-2.17632e-19	3.47895e-19
17630.90000	4.73497e-20	2.64568e-19
17632.50000	7.26831e-20	2.11704e-19
17634.10000	1.19617e-19	1.98317e-19
17635.70000	4.13853e-20	1.96486e-19
17637.40000	-8.52106e-20	1.97412e-19
17639.00000	1.55422e-19	2.00494e-19
17640.60000	-1.12753e-19	2.06961e-19
17642.30000	-1.99358e-19	2.17521e-19
17643.90000	6.00152e-20	2.34240e-19
17645.50000	-2.74888e-19	3.01131e-19
17647.20000	3.31778e-19	5.51492e-19
17648.80000	3.56135e-19	1.18682e-18
17650.40000	3.59532e-19	1.89795e-18
17652.00000	-1.98704e-18	3.35762e-18
17653.70000	-5.33921e-19	3.83978e-18
17655.30000	5.33389e-19	2.66600e-18
17656.90000	-2.79939e-19	9.82010e-19
17658.60000	-3.35019e-19	7.27933e-19
17660.20000	-8.88421e-19	7.18683e-19
17661.80000	-5.42341e-19	7.59025e-19
17663.40000	1.22729e-19	8.76623e-19
17665.10000	4.28510e-19	8.16683e-19
17666.70000	-1.02780e-19	6.20005e-19
17668.30000	-1.00934e-18	7.30664e-19
17670.00000	1.44496e-18	1.59220e-18
17671.60000	2.57598e-18	2.24116e-18
17673.20000	9.06094e-20	1.84635e-18
17674.80000	-8.33760e-19	7.34543e-19
17676.50000	-7.92739e-19	3.50242e-19
17678.10000	-5.16596e-19	2.48948e-19
17679.70000	-1.82050e-19	2.56246e-19
17681.40000	-1.12753e-19	3.24953e-19
17683.00000	-3.26535e-20	4.59584e-19
17684.60000	5.42684e-19	5.69519e-19
17686.20000	3.98665e-19	6.03192e-19
17687.90000	3.51232e-20	5.85756e-19
17689.50000	6.37816e-19	5.28242e-19
17691.10000	7.52914e-19	4.39906e-19
17692.80000	5.78556e-20	3.61053e-19
17694.40000	-3.76688e-20	4.14262e-19
17696.00000	-6.88642e-20	7.77669e-19
17697.60000	1.25704e-18	1.13890e-18
17699.30000	1.82946e-18	1.16075e-18
17700.90000	6.64894e-19	8.01530e-19
17702.50000	-1.02979e-19	3.59941e-19
17704.20000	1.40917e-19	2.45871e-19
17705.80000	1.42313e-19	2.16458e-19
17707.40000	-1.96662e-19	2.09905e-19
17709.10000	1.45240e-19	2.04833e-19
17710.70000	1.16345e-19	2.03452e-19
17712.30000	-2.64836e-20	2.14455e-19
17713.90000	-2.33777e-19	2.01686e-19
17715.60000	-3.59330e-19	1.92199e-19
17717.20000	-2.29965e-20	1.89588e-19
17718.80000	1.28478e-19	1.92572e-19
17720.50000	6.11428e-20	2.15921e-19
17722.10000	1.13864e-19	2.75837e-19
17723.70000	3.80947e-19	3.16295e-19
17725.30000	7.81083e-19	2.92397e-19
17727.00000	1.27627e-18	2.45453e-19
17728.60000	2.51350e-18	2.67684e-19
17730.20000	4.69996e-18	4.67325e-19
17731.90000	9.15460e-18	5.94791e-19
17733.50000	1.36238e-17	6.44574e-19
17735.10000	1.54571e-17	6.20889e-19
17736.70000	1.62084e-17	5.11731e-19
17738.40000	1.52775e-17	3.45960e-19
17740.00000	1.18266e-17	2.72087e-19
17741.60000	8.54733e-18	2.53359e-19
17743.30000	5.71582e-18	2.36908e-19
17744.90000	3.32826e-18	2.21381e-19
17746.50000	1.50171e-18	2.09197e-19
17748.10000	8.70939e-19	2.02026e-19
17749.80000	4.70550e-19	2.01355e-19
17751.40000	-1.56076e-19	2.01395e-19
17753.00000	5.77292e-20	2.01430e-19
17754.70000	-2.19854e-20	1.52375e-19
17756.30000	-1.06371e-19	3.96987e-20
