#macsj0717_zall_1_bright.H.1731.fc.1d.esc.slc.txt
#Applied Total SLC: 1.3685118871252204
#Wavelength in (A) | Flux (erg/sec/cm2/A)| Flux Error
14560.30000	-4.91966e-18	1.41709e-18
14561.90000	-2.59861e-18	1.15517e-18
14563.50000	5.51430e-18	7.40094e-19
14565.20000	-6.05747e-18	6.93398e-19
14566.80000	4.95433e-18	3.86063e-18
14568.40000	6.88275e-19	3.01450e-18
14570.00000	3.95122e-18	2.12055e-18
14571.70000	-2.08486e-18	2.16302e-18
14573.30000	-3.15933e-18	2.29435e-18
14574.90000	-1.63753e-18	2.20693e-18
14576.60000	-1.45091e-18	1.83855e-18
14578.20000	-6.79036e-19	1.53878e-18
14579.80000	-4.81452e-19	1.40871e-18
14581.40000	-1.38544e-18	1.30081e-18
14583.10000	-2.00680e-18	1.25458e-18
14584.70000	2.07611e-19	1.30019e-18
14586.30000	1.72442e-18	1.34850e-18
14588.00000	-1.42826e-18	1.41604e-18
14589.60000	-3.41468e-18	1.57139e-18
14591.20000	-5.79888e-18	1.66106e-18
14592.90000	-3.00074e-19	1.53759e-18
14594.50000	-5.58724e-19	1.42737e-18
14596.10000	-2.99047e-18	1.43543e-18
14597.70000	-1.88456e-18	1.56123e-18
14599.40000	2.12518e-18	2.06393e-18
14601.00000	-3.16304e-18	3.44252e-18
14602.60000	-4.27237e-18	9.12674e-18
14604.30000	4.85296e-20	1.29697e-17
14605.90000	-1.04451e-17	1.21334e-17
14607.50000	-1.25256e-18	8.30174e-18
14609.10000	-5.36083e-18	4.66987e-18
14610.80000	-8.78130e-19	2.67129e-18
14612.40000	-2.94517e-19	1.95741e-18
14614.00000	1.05496e-18	1.71807e-18
14615.70000	1.00097e-18	1.69842e-18
14617.30000	4.28775e-20	1.63726e-18
14618.90000	-2.14847e-18	1.51508e-18
14620.50000	-2.83088e-19	1.28393e-18
14622.20000	2.28815e-18	1.14515e-18
14623.80000	4.21199e-20	1.15680e-18
14625.40000	8.31167e-19	1.29597e-18
14627.10000	7.18879e-19	1.40721e-18
14628.70000	-1.35991e-18	1.66077e-18
14630.30000	-3.94762e-19	1.76085e-18
14631.90000	-2.93169e-18	1.53186e-18
14633.60000	-2.75952e-18	1.49970e-18
14635.20000	1.48891e-18	1.52827e-18
14636.80000	4.80223e-20	1.47125e-18
14638.50000	-2.14536e-20	1.30170e-18
14640.10000	-2.16954e-18	1.10647e-18
14641.70000	-2.42874e-18	1.02471e-18
14643.30000	-1.24488e-18	1.11874e-18
14645.00000	-1.30371e-18	1.25733e-18
14646.60000	8.33477e-19	1.39870e-18
14648.20000	4.27899e-19	1.53334e-18
14649.90000	1.11886e-19	1.47301e-18
14651.50000	4.71463e-18	1.64828e-18
14653.10000	2.50134e-18	1.76143e-18
14654.80000	4.32979e-18	1.75165e-18
14656.40000	2.39473e-19	1.65386e-18
14658.00000	-2.72853e-19	1.45321e-18
14659.60000	-1.70235e-18	1.39706e-18
14661.30000	-2.80620e-18	1.81920e-18
14662.90000	-7.75069e-18	4.53846e-18
14664.50000	7.28898e-18	5.93032e-18
14666.20000	-4.53722e-18	5.82596e-18
14667.80000	-1.88510e-18	4.52370e-18
14669.40000	-3.25386e-18	2.41348e-18
14671.00000	-9.41793e-19	1.41616e-18
14672.70000	2.20265e-18	1.17875e-18
14674.30000	-7.41312e-19	1.01196e-18
14675.90000	8.09341e-20	9.67853e-19
14677.60000	-4.86791e-20	1.02479e-18
14679.20000	-2.00345e-18	1.11611e-18
14680.80000	-1.22928e-18	1.13987e-18
14682.40000	1.30486e-19	1.09685e-18
14684.10000	3.34984e-19	9.53100e-19
14685.70000	1.69940e-18	8.59501e-19
14687.30000	-6.11358e-19	8.45068e-19
14689.00000	-5.95684e-19	8.91725e-19
14690.60000	-4.57362e-19	9.45506e-19
14692.20000	9.33395e-19	1.14831e-18
14693.80000	2.27395e-18	1.80566e-18
14695.50000	1.95651e-17	4.53005e-18
14697.10000	4.46942e-18	7.55633e-18
14698.70000	-9.28163e-18	9.47623e-18
14700.40000	-5.16630e-18	6.51952e-18
14702.00000	1.60335e-18	4.21380e-18
14703.60000	-4.74878e-20	2.54249e-18
14705.20000	1.40786e-18	1.52221e-18
14706.90000	8.57744e-19	1.17528e-18
14708.50000	8.63468e-19	1.07349e-18
14710.10000	-6.74119e-19	1.23414e-18
14711.80000	2.44890e-20	1.44938e-18
14713.40000	2.73694e-18	1.48225e-18
14715.00000	2.08129e-18	1.50286e-18
14716.70000	1.51040e-18	1.14538e-18
14718.30000	4.75595e-19	1.04206e-18
14719.90000	1.15942e-18	9.07274e-19
14721.50000	7.89228e-19	8.29934e-19
14723.20000	9.68181e-19	8.09111e-19
14724.80000	1.09265e-18	7.92608e-19
14726.40000	4.98546e-19	7.68718e-19
14728.10000	2.01669e-19	7.49668e-19
14729.70000	6.59445e-19	7.36446e-19
14731.30000	5.59593e-19	7.31004e-19
14732.90000	1.46706e-18	7.61114e-19
14734.60000	9.55603e-19	8.57601e-19
14736.20000	-5.64511e-19	1.33217e-18
14737.80000	6.35783e-18	2.68609e-18
14739.50000	5.18402e-18	3.59575e-18
14741.10000	-3.11029e-18	3.83501e-18
14742.70000	2.77698e-19	2.64401e-18
14744.30000	1.42789e-18	1.40526e-18
14746.00000	1.69801e-19	8.04491e-19
14747.60000	4.25989e-19	6.70546e-19
14749.20000	5.52586e-19	6.53844e-19
14750.90000	9.48443e-20	7.49021e-19
14752.50000	-1.48830e-19	1.17654e-18
14754.10000	3.05527e-19	2.17333e-18
14755.70000	-2.97356e-18	2.42228e-18
14757.40000	-1.20364e-18	1.90319e-18
14759.00000	5.66994e-19	1.35091e-18
14760.60000	2.89945e-19	9.80053e-19
14762.30000	-1.81372e-19	8.00050e-19
14763.90000	-1.15484e-20	7.08046e-19
14765.50000	-1.72193e-19	7.18888e-19
14767.10000	-6.53484e-19	9.09241e-19
14768.80000	9.55973e-19	1.51817e-18
14770.40000	2.67476e-18	2.80043e-18
14772.00000	2.06402e-19	3.46346e-18
14773.70000	-6.69750e-19	3.01027e-18
14775.30000	7.81060e-19	1.96893e-18
14776.90000	-3.99722e-20	1.21136e-18
14778.60000	-1.06868e-18	1.16883e-18
14780.20000	1.54490e-18	1.84637e-18
14781.80000	4.49417e-18	3.74893e-18
14783.40000	2.13670e-18	4.55515e-18
14785.10000	2.36887e-18	3.89191e-18
14786.70000	4.05246e-18	2.45637e-18
14788.30000	2.66652e-18	1.43155e-18
14790.00000	-4.20066e-19	1.24470e-18
14791.60000	-6.95656e-19	1.35529e-18
14793.20000	-1.47835e-19	1.35989e-18
14794.80000	-1.53778e-18	1.47709e-18
14796.50000	5.52060e-18	2.16716e-18
14798.10000	6.09334e-18	3.88607e-18
14799.70000	7.14579e-18	4.62699e-18
14801.40000	5.20500e-18	4.14671e-18
14803.00000	-6.37907e-19	3.62876e-18
14804.60000	1.56816e-18	3.48476e-18
14806.20000	6.83325e-19	3.28680e-18
14807.90000	1.28077e-18	2.31779e-18
14809.50000	1.74084e-19	1.42303e-18
14811.10000	-4.68223e-19	9.65252e-19
14812.80000	4.87519e-19	8.10873e-19
14814.40000	-7.45605e-19	7.69169e-19
14816.00000	-9.84840e-19	7.36778e-19
14817.60000	-1.55210e-19	6.96538e-19
14819.30000	6.55644e-19	6.47933e-19
14820.90000	5.03618e-19	6.33788e-19
14822.50000	5.76483e-19	6.31628e-19
14824.20000	5.84542e-19	6.87933e-19
14825.80000	-1.33129e-18	8.75429e-19
14827.40000	-1.04814e-18	1.14255e-18
14829.00000	-4.44942e-19	1.92613e-18
14830.70000	-7.14213e-18	4.23957e-18
14832.30000	-8.22566e-18	6.01503e-18
14833.90000	2.12598e-18	5.67830e-18
14835.60000	2.43759e-19	3.81005e-18
14837.20000	-4.49859e-18	1.81966e-18
14838.80000	3.31841e-19	8.44975e-19
14840.50000	1.17429e-18	6.38189e-19
14842.10000	1.57298e-18	6.32521e-19
14843.70000	1.65624e-18	6.28846e-19
14845.30000	1.41682e-18	6.22386e-19
14847.00000	9.79265e-19	6.43503e-19
14848.60000	7.60774e-19	6.65745e-19
14850.20000	-3.67756e-19	6.63362e-19
14851.90000	7.47316e-19	6.36440e-19
14853.50000	8.45862e-19	6.07756e-19
14855.10000	4.74110e-19	6.24306e-19
14856.70000	-9.90307e-19	7.40732e-19
14858.40000	-1.50059e-18	9.60408e-19
14860.00000	3.14333e-19	1.30385e-18
14861.60000	1.28470e-18	2.40898e-18
14863.30000	-2.20519e-18	3.79461e-18
14864.90000	8.91509e-19	4.32982e-18
14866.50000	-3.44435e-18	3.68472e-18
14868.10000	8.39343e-19	1.78836e-18
14869.80000	8.34323e-19	8.89560e-19
14871.40000	6.75574e-19	6.75900e-19
14873.00000	-8.23518e-20	6.53671e-19
14874.70000	4.74651e-19	6.70705e-19
14876.30000	-2.56448e-19	6.91434e-19
14877.90000	8.43306e-20	7.16460e-19
14879.50000	4.39082e-19	7.83046e-19
14881.20000	7.03826e-19	9.70684e-19
14882.80000	3.80162e-18	1.65802e-18
14884.40000	-6.70645e-19	3.55768e-18
14886.10000	3.63037e-18	6.40874e-18
14887.70000	1.28259e-18	7.01201e-18
14889.30000	-6.96603e-18	1.91445e-17
14891.00000	-5.55447e-19	3.11934e-18
14892.60000	6.59485e-18	1.37895e-18
14894.20000	-6.36682e-19	7.58004e-19
14895.80000	8.37951e-19	7.19202e-19
14897.50000	1.31985e-18	6.40254e-19
14899.10000	1.49322e-19	6.03484e-19
14900.70000	1.93306e-19	5.94763e-19
14902.40000	-2.11720e-19	6.10794e-19
14904.00000	4.55244e-19	7.45415e-19
14905.60000	1.25545e-18	1.32996e-18
14907.20000	-2.87127e-18	2.02411e-18
14908.90000	-1.36869e-18	2.33556e-18
14910.50000	-2.59756e-18	2.06051e-18
14912.10000	1.30909e-18	1.42396e-18
14913.80000	1.23450e-18	9.05030e-19
14915.40000	7.14881e-19	6.78999e-19
14917.00000	8.36685e-19	6.76826e-19
14918.60000	4.05288e-19	6.67538e-19
14920.30000	-1.75609e-20	6.51157e-19
14921.90000	-9.06201e-20	6.38025e-19
14923.50000	-1.99864e-20	6.38099e-19
14925.20000	-6.12160e-19	6.86294e-19
14926.80000	8.16086e-19	8.93875e-19
14928.40000	-2.28396e-18	1.75243e-18
14930.00000	3.79557e-18	3.53885e-18
14931.70000	1.02802e-18	3.97116e-18
14933.30000	2.72458e-18	3.50336e-18
14934.90000	2.71149e-18	2.19293e-18
14936.60000	4.09301e-19	1.20573e-18
14938.20000	5.57857e-20	8.38786e-19
14939.80000	-3.08598e-19	8.30559e-19
14941.40000	6.12016e-19	8.07074e-19
14943.10000	7.96921e-19	7.39834e-19
14944.70000	1.22193e-18	6.78911e-19
14946.30000	3.72471e-19	6.50154e-19
14948.00000	1.44063e-19	6.32012e-19
14949.60000	4.13213e-19	6.22807e-19
14951.20000	-4.89404e-19	6.35388e-19
14952.90000	-3.06796e-19	7.80568e-19
14954.50000	-7.63938e-19	7.00477e-19
14956.10000	7.39110e-19	6.93663e-19
14957.70000	2.99155e-19	6.92660e-19
14959.40000	6.02260e-19	7.13449e-19
14961.00000	8.49537e-19	7.43793e-19
14962.60000	-1.39070e-18	7.99407e-19
14964.30000	-9.37576e-19	8.23287e-19
14965.90000	-7.90374e-20	7.87856e-19
14967.50000	3.78968e-19	7.09713e-19
14969.10000	1.80891e-19	6.70936e-19
14970.80000	1.20316e-18	6.70186e-19
14972.40000	1.18821e-18	6.73176e-19
14974.00000	-1.61484e-19	6.87295e-19
14975.70000	4.88143e-20	7.89271e-19
14977.30000	-2.87570e-19	7.77713e-19
14978.90000	-2.17981e-19	6.62131e-19
14980.50000	-4.71332e-19	6.47792e-19
14982.20000	3.87052e-19	6.66244e-19
14983.80000	-1.36496e-20	6.77319e-19
14985.40000	7.26078e-19	7.01152e-19
14987.10000	7.69648e-19	7.55583e-19
14988.70000	2.10912e-19	7.59651e-19
14990.30000	-5.96150e-19	8.06067e-19
14991.90000	2.68896e-19	8.38240e-19
14993.60000	4.95623e-19	8.50526e-19
14995.20000	8.09067e-19	8.11893e-19
14996.80000	1.29211e-18	7.62889e-19
14998.50000	9.55630e-19	7.36274e-19
15000.10000	4.03911e-19	7.12336e-19
15001.70000	1.57142e-18	7.15442e-19
15003.30000	6.14652e-19	8.21362e-19
15005.00000	7.11040e-20	1.01141e-18
15006.60000	-2.97542e-19	1.11054e-18
15008.20000	2.71227e-19	1.04340e-18
15009.90000	3.65691e-19	8.74954e-19
15011.50000	3.21643e-19	7.82384e-19
15013.10000	1.49353e-19	7.69885e-19
15014.80000	7.57859e-19	7.32429e-19
15016.40000	1.12105e-18	7.07187e-19
15018.00000	8.19937e-19	6.83035e-19
15019.60000	1.27258e-18	6.82363e-19
15021.30000	2.43092e-19	7.47145e-19
15022.90000	5.84194e-19	9.35728e-19
15024.50000	-1.84961e-19	1.16185e-18
15026.20000	3.21901e-19	1.22851e-18
15027.80000	1.04269e-18	1.08134e-18
15029.40000	6.31470e-19	8.38097e-19
15031.00000	6.02437e-19	6.96582e-19
15032.70000	1.28469e-18	6.49392e-19
15034.30000	4.17118e-19	6.52149e-19
15035.90000	-5.29588e-19	6.64151e-19
15037.60000	1.01988e-19	6.70266e-19
15039.20000	5.54115e-19	6.67594e-19
15040.80000	6.53656e-19	6.61654e-19
15042.40000	7.30535e-19	6.69616e-19
15044.10000	1.23206e-18	6.91530e-19
15045.70000	3.20341e-19	7.67608e-19
15047.30000	1.44553e-18	1.00205e-18
15049.00000	3.02102e-19	1.49962e-18
15050.60000	7.50443e-19	2.74008e-18
15052.20000	9.60168e-18	5.16568e-18
15053.80000	5.96002e-18	8.31643e-18
15055.50000	-1.84753e-18	9.64949e-18
15057.10000	7.02870e-19	7.65610e-18
15058.70000	-5.54566e-18	4.23338e-18
15060.40000	-3.26089e-18	1.87683e-18
15062.00000	-3.50035e-19	1.65773e-18
15063.60000	2.02432e-18	1.94905e-18
15065.20000	-2.03149e-18	2.72980e-18
15066.90000	1.72892e-18	4.15633e-18
15068.50000	4.15194e-18	5.22121e-18
15070.10000	2.80318e-18	4.68886e-18
15071.80000	4.03604e-18	2.95136e-18
15073.40000	1.80059e-18	1.37923e-18
15075.00000	3.47074e-19	8.46386e-19
15076.70000	-5.41285e-19	9.72615e-19
15078.30000	4.84858e-19	1.05148e-18
15079.90000	3.08977e-19	1.06681e-18
15081.50000	1.59566e-19	1.25173e-18
15083.20000	-3.08553e-19	1.42881e-18
15084.80000	-1.50846e-18	1.77106e-18
15086.40000	1.34086e-18	2.48386e-18
15088.10000	4.60144e-18	2.85503e-18
15089.70000	1.13475e-18	2.51149e-18
15091.30000	1.01105e-18	1.67801e-18
15092.90000	1.56916e-19	1.04645e-18
15094.60000	-1.47608e-19	8.11198e-19
15096.20000	-5.87765e-19	7.86020e-19
15097.80000	-8.07024e-19	8.20133e-19
15099.50000	2.23449e-19	8.15618e-19
15101.10000	7.42337e-19	7.76109e-19
15102.70000	7.93694e-20	8.47979e-19
15104.30000	1.17305e-19	9.62923e-19
15106.00000	7.35964e-19	9.69450e-19
15107.60000	9.37719e-19	1.01463e-18
15109.20000	1.56212e-18	1.12195e-18
15110.90000	1.39888e-18	1.42036e-18
15112.50000	-6.56006e-20	1.83234e-18
15114.10000	-8.60871e-19	1.62965e-18
15115.70000	-6.30701e-19	1.30109e-18
15117.40000	-3.03686e-20	9.96999e-19
15119.00000	-7.38412e-19	7.58622e-19
15120.60000	-3.39651e-20	6.71478e-19
15122.30000	6.51837e-19	6.42775e-19
15123.90000	-2.32785e-19	6.52595e-19
15125.50000	3.86862e-20	6.73814e-19
15127.10000	-1.90372e-19	6.97711e-19
15128.80000	2.66890e-19	7.22339e-19
15130.40000	5.65717e-19	7.43685e-19
15132.00000	-3.65936e-19	7.86096e-19
15133.70000	-6.24863e-19	8.42333e-19
15135.30000	-3.61980e-20	8.79153e-19
15136.90000	-3.30251e-19	8.37722e-19
15138.60000	-2.58920e-19	7.83914e-19
15140.20000	4.65598e-19	7.97736e-19
15141.80000	1.37704e-19	8.44943e-19
15143.40000	8.39415e-21	8.60355e-19
15145.10000	-4.11688e-19	8.94425e-19
15146.70000	1.64852e-19	9.71248e-19
15148.30000	7.28010e-19	9.56762e-19
15150.00000	1.44719e-18	9.74873e-19
15151.60000	3.30310e-19	9.00367e-19
15153.20000	-1.38425e-19	7.97380e-19
15154.80000	-4.73164e-19	6.99633e-19
15156.50000	-2.19364e-19	6.40406e-19
15158.10000	2.90151e-19	6.26700e-19
15159.70000	-5.01290e-19	6.31789e-19
15161.40000	-3.96706e-19	6.32618e-19
15163.00000	1.69314e-19	6.51256e-19
15164.60000	8.95535e-20	6.70272e-19
15166.20000	6.12406e-20	6.87720e-19
15167.90000	5.18076e-19	6.90947e-19
15169.50000	1.17905e-19	6.91508e-19
15171.10000	-1.50881e-19	6.75177e-19
15172.80000	1.13059e-18	6.65967e-19
15174.40000	1.45886e-18	6.55951e-19
15176.00000	4.99722e-19	6.76137e-19
15177.60000	9.47057e-21	7.85433e-19
15179.30000	-6.10863e-19	8.45304e-19
15180.90000	3.04235e-19	9.49044e-19
15182.50000	-2.62741e-19	1.32492e-18
15184.20000	-2.85931e-18	2.25001e-18
15185.80000	-1.23508e-18	4.05946e-18
15187.40000	9.87365e-19	4.35994e-18
15189.00000	2.21647e-18	3.21551e-18
15190.70000	2.71312e-19	1.64480e-18
15192.30000	2.86486e-19	8.58034e-19
15193.90000	1.49266e-18	6.43430e-19
15195.60000	3.42845e-19	6.04818e-19
15197.20000	-8.27104e-19	5.84688e-19
15198.80000	4.51775e-20	5.80629e-19
15200.50000	3.03432e-20	5.92436e-19
15202.10000	-6.23784e-19	5.99511e-19
15203.70000	-1.13178e-19	6.11573e-19
15205.30000	-1.86738e-19	6.53371e-19
15207.00000	1.64490e-19	6.98613e-19
15208.60000	2.48748e-19	6.13197e-19
15210.20000	1.02547e-19	6.03334e-19
15211.90000	2.69501e-19	6.12572e-19
15213.50000	3.61464e-19	6.01117e-19
15215.10000	5.31720e-19	5.93374e-19
15216.70000	6.87664e-19	5.87376e-19
15218.40000	2.86434e-19	5.82734e-19
15220.00000	7.66465e-19	5.77479e-19
15221.60000	7.77755e-19	5.82801e-19
15223.30000	4.89803e-19	5.86963e-19
15224.90000	3.13150e-19	5.91365e-19
15226.50000	5.51891e-19	5.98702e-19
15228.10000	7.41854e-19	6.39897e-19
15229.80000	5.53215e-20	7.06293e-19
15231.40000	7.20415e-19	6.64314e-19
15233.00000	8.16883e-19	7.31394e-19
15234.70000	1.01716e-18	9.47510e-19
15236.30000	2.07189e-18	1.65494e-18
15237.90000	4.26353e-19	3.79297e-18
15239.50000	3.44996e-19	7.19005e-18
15241.20000	-6.82549e-18	7.75876e-18
15242.80000	-2.22495e-18	5.76312e-18
15244.40000	-2.86302e-18	2.69277e-18
15246.10000	-9.23644e-20	1.13233e-18
15247.70000	2.81127e-19	7.71245e-19
15249.30000	5.12417e-19	7.36136e-19
15251.00000	9.51717e-20	6.06312e-19
15252.60000	6.22433e-19	5.87012e-19
15254.20000	1.11707e-18	5.69372e-19
15255.80000	2.79877e-19	5.54583e-19
15257.50000	9.33166e-19	5.69521e-19
15259.10000	1.34975e-18	5.83928e-19
15260.70000	7.65959e-19	5.41706e-19
15262.40000	4.33226e-19	5.79435e-19
15264.00000	8.87316e-19	6.37833e-19
15265.60000	7.84004e-19	6.86707e-19
15267.20000	5.95144e-19	7.28050e-19
15268.90000	4.17989e-19	7.46581e-19
15270.50000	2.92770e-19	7.25908e-19
15272.10000	-2.28462e-19	6.55504e-19
15273.80000	8.46605e-20	5.85183e-19
15275.40000	-9.16819e-20	5.53703e-19
15277.00000	4.11034e-19	5.54110e-19
15278.60000	4.08772e-19	5.80012e-19
15280.30000	2.66326e-19	6.80970e-19
15281.90000	1.25907e-18	8.98818e-19
15283.50000	2.40032e-18	1.44255e-18
15285.20000	2.26043e-18	3.13623e-18
15286.80000	-1.18062e-18	4.78184e-18
15288.40000	4.22491e-18	4.63295e-18
15290.00000	1.74374e-19	3.13180e-18
15291.70000	-3.05073e-18	1.61346e-18
15293.30000	-1.08255e-19	8.74082e-19
15294.90000	-1.73243e-19	6.09653e-19
15296.60000	2.52757e-19	5.59631e-19
15298.20000	4.63479e-19	5.46939e-19
15299.80000	1.88866e-19	5.45160e-19
15301.40000	4.12552e-19	5.50001e-19
15303.10000	2.84760e-19	5.51926e-19
15304.70000	2.43595e-19	5.62374e-19
15306.30000	2.07765e-19	6.02765e-19
15308.00000	-1.54053e-19	7.25266e-19
15309.60000	-9.32069e-19	9.10189e-19
15311.20000	8.84041e-20	9.39498e-19
15312.90000	8.34836e-19	8.26177e-19
15314.50000	-1.07987e-19	6.45241e-19
15316.10000	-1.80155e-19	5.82378e-19
15317.70000	5.40870e-20	5.73218e-19
15319.40000	5.11034e-19	5.73936e-19
15321.00000	5.73962e-19	5.71868e-19
15322.60000	-2.03726e-19	5.95195e-19
15324.30000	-1.55155e-19	6.79912e-19
15325.90000	3.96607e-19	1.02875e-18
15327.50000	1.13532e-18	1.59652e-18
15329.10000	-1.02981e-18	3.71514e-18
15330.80000	1.00448e-18	7.40297e-18
15332.40000	1.73936e-17	8.71706e-18
15334.00000	6.51213e-18	6.72214e-18
15335.70000	6.94200e-19	3.50829e-18
15337.30000	8.04474e-19	1.45809e-18
15338.90000	2.22123e-19	7.45059e-19
15340.50000	5.31084e-19	6.24515e-19
15342.20000	1.95740e-20	5.85827e-19
15343.80000	3.60901e-19	6.07339e-19
15345.40000	-3.60358e-19	7.61699e-19
15347.10000	-1.04645e-18	1.14329e-18
15348.70000	-4.81941e-19	1.28145e-18
15350.30000	-4.05435e-19	1.14721e-18
15351.90000	-2.94795e-19	8.02311e-19
15353.60000	9.99130e-19	6.23508e-19
15355.20000	2.20329e-19	6.25924e-19
15356.80000	-6.78638e-20	6.17640e-19
15358.50000	6.76481e-19	5.68682e-19
15360.10000	6.16768e-19	5.32181e-19
15361.70000	9.16510e-19	5.17028e-19
15363.30000	-1.45298e-19	5.01142e-19
15365.00000	1.58241e-19	4.99348e-19
15366.60000	3.90506e-20	4.99453e-19
15368.20000	-3.04628e-19	5.09507e-19
15369.90000	-2.33361e-19	5.75599e-19
15371.50000	-1.10766e-18	7.45313e-19
15373.10000	-6.53538e-19	9.31610e-19
15374.80000	-1.21900e-18	1.14830e-18
15376.40000	-1.16064e-18	1.30154e-18
15378.00000	-1.44594e-19	1.57535e-18
15379.60000	9.00252e-19	9.31751e-19
15381.30000	1.14707e-18	7.05810e-19
15382.90000	2.60522e-20	6.00607e-19
15384.50000	3.02308e-19	6.62014e-19
15386.20000	4.87099e-19	8.70067e-19
15387.80000	1.13513e-18	1.04234e-18
15389.40000	-5.68261e-19	1.23731e-18
15391.00000	-5.47199e-19	1.54831e-18
15392.70000	-1.49212e-18	2.75818e-18
15394.30000	-4.30914e-18	4.09772e-18
15395.90000	-3.77490e-18	4.10062e-18
15397.60000	-2.29523e-18	2.72163e-18
15399.20000	3.84520e-19	1.21552e-18
15400.80000	1.38811e-18	6.78282e-19
15402.40000	3.20151e-19	6.96183e-19
15404.10000	2.04077e-19	9.66577e-19
15405.70000	-1.48908e-18	9.49558e-19
15407.30000	-6.28497e-19	9.32537e-19
15409.00000	3.56815e-19	8.89319e-19
15410.60000	8.88390e-19	8.95881e-19
15412.20000	-6.03068e-19	8.23282e-19
15413.80000	1.76156e-19	7.13585e-19
15415.50000	-9.00234e-19	6.12859e-19
15417.10000	1.42528e-19	6.72673e-19
15418.70000	4.80556e-20	5.90435e-19
15420.40000	-4.63215e-19	6.18040e-19
15422.00000	9.88768e-19	7.05936e-19
15423.60000	1.62838e-19	7.97261e-19
15425.20000	-3.50421e-19	9.15294e-19
15426.90000	-5.69963e-19	1.33111e-18
15428.50000	-2.84191e-18	3.08839e-18
15430.10000	-1.98037e-18	6.31331e-18
15431.80000	4.45910e-18	6.77090e-18
15433.40000	6.64529e-18	5.90042e-18
15435.00000	7.95029e-19	3.31898e-18
15436.70000	4.06136e-19	1.54695e-18
15438.30000	5.72019e-20	9.66811e-19
15439.90000	-2.34256e-19	8.58197e-19
15441.50000	1.89123e-19	6.85641e-19
15443.20000	-1.08193e-19	5.65026e-19
15444.80000	-1.15682e-19	5.27739e-19
15446.40000	-2.65991e-19	5.54083e-19
15448.10000	-3.72349e-19	5.16285e-19
15449.70000	-6.14585e-19	5.07435e-19
15451.30000	2.20012e-19	5.09051e-19
15452.90000	1.64984e-19	5.12131e-19
15454.60000	-6.67104e-19	5.05716e-19
15456.20000	1.15730e-19	5.20550e-19
15457.80000	-2.45782e-19	6.13868e-19
15459.50000	-1.60477e-18	9.52134e-19
15461.10000	-5.38277e-19	1.32170e-18
15462.70000	-6.05441e-20	1.33268e-18
15464.30000	-1.01835e-18	1.04465e-18
15466.00000	9.80350e-19	7.98595e-19
15467.60000	8.18237e-20	7.19717e-19
15469.20000	5.55739e-19	7.01584e-19
15470.90000	-5.64730e-19	7.93484e-19
15472.50000	1.16622e-18	9.76378e-19
15474.10000	5.12887e-20	1.09521e-18
15475.70000	5.88397e-19	9.81891e-19
15477.40000	3.99428e-19	6.97531e-19
15479.00000	1.26282e-19	5.31466e-19
15480.60000	-2.63518e-20	4.87558e-19
15482.30000	-8.64952e-21	4.96615e-19
15483.90000	2.84882e-19	5.54652e-19
15485.50000	1.08166e-18	8.04336e-19
15487.10000	1.95040e-18	1.19429e-18
15488.80000	-6.29338e-19	1.27790e-18
15490.40000	6.70022e-19	1.04023e-18
15492.00000	1.01568e-19	7.02903e-19
15493.70000	-3.51875e-20	5.66166e-19
15495.30000	6.70170e-19	6.01101e-19
15496.90000	-8.88427e-20	8.47105e-19
15498.60000	3.63478e-19	1.73538e-18
15500.20000	-4.81741e-19	2.28889e-18
15501.80000	-2.88800e-19	2.11052e-18
15503.40000	1.32031e-19	1.51687e-18
15505.10000	1.39332e-18	1.16354e-18
15506.70000	6.46659e-19	1.57722e-18
15508.30000	-1.60202e-18	2.92669e-18
15510.00000	2.07848e-19	3.17084e-18
15511.60000	2.33126e-18	2.44593e-18
15513.20000	-6.12367e-19	1.44886e-18
15514.80000	4.05721e-19	1.22719e-18
15516.50000	3.18878e-18	1.74240e-18
15518.10000	1.18013e-18	1.80039e-18
15519.70000	4.87449e-20	1.35880e-18
15521.40000	2.77523e-19	7.85873e-19
15523.00000	8.28425e-19	5.39192e-19
15524.60000	7.55596e-20	5.00180e-19
15526.20000	5.89159e-19	4.84932e-19
15527.90000	1.29496e-19	4.92236e-19
15529.50000	8.29043e-19	5.02185e-19
15531.10000	3.29185e-19	5.18525e-19
15532.80000	-3.69695e-19	5.60818e-19
15534.40000	6.09567e-19	6.91129e-19
15536.00000	1.33930e-18	1.20737e-18
15537.60000	-5.69227e-19	3.18152e-18
15539.30000	7.75444e-19	4.23880e-18
15540.90000	-5.30205e-19	4.41222e-18
15542.50000	2.44121e-19	3.75744e-18
15544.20000	2.26968e-18	3.60547e-18
15545.80000	2.54301e-18	3.66615e-18
15547.40000	-6.64627e-19	3.55535e-18
15549.10000	-2.55326e-18	2.15698e-18
15550.70000	-6.88089e-19	8.23258e-19
15552.30000	1.52191e-19	5.51453e-19
15553.90000	2.31723e-19	5.20730e-19
15555.60000	5.93759e-19	5.00882e-19
15557.20000	2.99704e-19	5.14279e-19
15558.80000	3.45488e-19	5.84379e-19
15560.50000	-3.84904e-19	6.76200e-19
15562.10000	1.25684e-19	7.17620e-19
15563.70000	6.32996e-19	6.89417e-19
15565.30000	5.72186e-19	7.88545e-19
15567.00000	1.81905e-18	1.83623e-18
15568.60000	1.00421e-18	2.24462e-18
15570.20000	1.68728e-18	2.51227e-18
15571.90000	-1.37868e-18	2.00111e-18
15573.50000	-1.06713e-18	1.13083e-18
15575.10000	7.88292e-19	7.20955e-19
15576.70000	1.08453e-18	6.53497e-19
15578.40000	7.02970e-19	7.85783e-19
15580.00000	4.58638e-19	7.54992e-19
15581.60000	-5.56301e-19	7.56721e-19
15583.30000	2.11101e-19	6.51408e-19
15584.90000	1.14983e-18	5.86986e-19
15586.50000	3.87556e-19	5.22195e-19
15588.10000	-4.93767e-19	5.31609e-19
15589.80000	6.53254e-19	5.57863e-19
15591.40000	1.24096e-18	6.42927e-19
15593.00000	1.73040e-18	1.00504e-18
15594.70000	1.17921e-18	2.70170e-18
15596.30000	2.61421e-18	6.23838e-18
15597.90000	5.95059e-18	5.02509e-18
15599.50000	1.05532e-17	3.57485e-18
15601.20000	-2.08951e-18	1.50083e-18
15602.80000	-1.04880e-19	7.37653e-19
15604.40000	6.69356e-19	5.66950e-19
15606.10000	8.54280e-20	5.26714e-19
15607.70000	-1.19360e-19	5.10178e-19
15609.30000	2.44471e-19	5.51190e-19
15611.00000	4.19089e-19	7.16090e-19
15612.60000	-1.69549e-19	8.83216e-19
15614.20000	1.26123e-18	9.76721e-19
15615.80000	4.55121e-19	6.88749e-19
15617.50000	1.20954e-18	5.65227e-19
15619.10000	5.65027e-19	5.64745e-19
15620.70000	5.10861e-19	5.70596e-19
15622.40000	-1.88057e-19	5.39645e-19
15624.00000	8.51157e-21	5.22336e-19
15625.60000	-6.97583e-19	5.98792e-19
15627.20000	1.06568e-19	9.51671e-19
15628.90000	-4.53487e-19	2.26350e-18
15630.50000	-1.37808e-18	3.64105e-18
15632.10000	1.48397e-18	3.59686e-18
15633.80000	4.89582e-18	2.24467e-18
15635.40000	3.18862e-18	9.62784e-19
15637.00000	7.59157e-19	5.89144e-19
15638.60000	1.44886e-18	6.11897e-19
15640.30000	3.72936e-19	6.71337e-19
15641.90000	-2.30935e-19	6.44304e-19
15643.50000	-4.09189e-20	5.79988e-19
15645.20000	-3.11958e-19	5.29911e-19
15646.80000	-3.69171e-19	5.34994e-19
15648.40000	-2.52859e-20	6.12271e-19
15650.00000	-1.58505e-20	9.04096e-19
15651.70000	2.37390e-18	2.12999e-18
15653.30000	2.71985e-18	5.04264e-18
15654.90000	-5.37976e-19	6.49189e-18
15656.60000	-1.91122e-18	6.25747e-18
15658.20000	7.11847e-19	3.04238e-18
15659.80000	-7.75939e-20	1.79714e-18
15661.40000	5.61084e-19	1.00952e-18
15663.10000	6.90139e-19	5.70783e-19
15664.70000	-7.81790e-19	4.99490e-19
15666.30000	5.91016e-20	4.83328e-19
15668.00000	1.45295e-19	4.70878e-19
15669.60000	-4.44832e-19	4.63581e-19
15671.20000	-4.97562e-19	4.68596e-19
15672.90000	1.23006e-19	4.75281e-19
15674.50000	6.22769e-19	4.78608e-19
15676.10000	6.51884e-19	4.79479e-19
15677.70000	2.66560e-19	4.86754e-19
15679.40000	1.10411e-18	5.20782e-19
15681.00000	1.35611e-18	6.09764e-19
15682.60000	-3.69381e-19	5.87148e-19
15684.30000	-5.87020e-19	6.03875e-19
15685.90000	9.13946e-20	5.79985e-19
15687.50000	3.20948e-19	5.38270e-19
15689.10000	9.62190e-19	5.20344e-19
15690.80000	6.01335e-19	5.16104e-19
15692.40000	2.17859e-19	5.17913e-19
15694.00000	-1.16576e-19	5.25636e-19
15695.70000	6.23612e-19	5.99741e-19
15697.30000	5.14258e-19	8.02962e-19
15698.90000	-6.99775e-19	1.26382e-18
15700.50000	-1.83901e-18	2.56220e-18
15702.20000	1.59666e-18	3.23155e-18
15703.80000	-4.61811e-22	2.76501e-18
15705.40000	-8.21098e-19	1.41545e-18
15707.10000	-2.53149e-20	7.37462e-19
15708.70000	2.07186e-19	5.79064e-19
15710.30000	6.09170e-19	6.26249e-19
15711.90000	5.39227e-19	6.25040e-19
15713.60000	-2.53522e-19	5.45708e-19
15715.20000	7.33718e-22	4.73501e-19
15716.80000	3.08918e-19	4.93776e-19
15718.50000	6.79778e-19	6.25781e-19
15720.10000	2.53867e-19	7.13453e-19
15721.70000	-3.30290e-19	7.00522e-19
15723.30000	-2.75350e-19	8.19977e-19
15725.00000	1.73336e-19	8.41672e-19
15726.60000	-3.66050e-19	7.15026e-19
15728.20000	4.63269e-19	5.92860e-19
15729.90000	1.24087e-18	6.00554e-19
15731.50000	9.93345e-19	6.83992e-19
15733.10000	3.06647e-19	7.09423e-19
15734.80000	2.99409e-20	6.87420e-19
15736.40000	1.60295e-19	7.11804e-19
15738.00000	4.55226e-19	7.61210e-19
15739.60000	-7.82122e-20	7.21577e-19
15741.30000	-2.35619e-19	5.90074e-19
15742.90000	1.41781e-19	5.55624e-19
15744.50000	8.07360e-19	7.21084e-19
15746.20000	-1.12689e-20	6.49021e-19
15747.80000	-7.36974e-19	6.50608e-19
15749.40000	-8.05748e-19	6.58310e-19
15751.00000	5.82095e-19	6.93871e-19
15752.70000	6.75305e-20	6.68938e-19
15754.30000	3.85302e-20	5.72054e-19
15755.90000	-2.16779e-19	5.69256e-19
15757.60000	4.16007e-19	8.56641e-19
15759.20000	-4.19825e-19	1.33247e-18
15760.80000	-2.10636e-18	1.25379e-18
15762.40000	8.85898e-19	1.03157e-18
15764.10000	1.24247e-18	8.48955e-19
15765.70000	9.31365e-19	8.17290e-19
15767.30000	-4.46897e-20	7.62406e-19
15769.00000	-2.14372e-19	6.30275e-19
15770.60000	-3.17737e-19	5.41545e-19
15772.20000	-2.78633e-19	5.58958e-19
15773.80000	2.49927e-19	6.65629e-19
15775.50000	9.50984e-19	6.53533e-19
15777.10000	5.41133e-19	7.47754e-19
15778.70000	-4.00932e-19	1.03011e-18
15780.40000	1.07443e-18	1.40916e-18
15782.00000	6.53776e-19	1.66191e-18
15783.60000	7.87761e-19	1.45310e-18
15785.20000	1.22291e-19	8.64400e-19
15786.90000	1.46382e-19	6.16422e-19
15788.50000	7.84358e-19	5.61593e-19
15790.10000	5.88923e-19	5.96287e-19
15791.80000	-6.07603e-20	7.05754e-19
15793.40000	4.66080e-19	7.81210e-19
15795.00000	5.42356e-19	6.77968e-19
15796.70000	-2.00178e-20	5.46402e-19
15798.30000	-2.87957e-19	5.29583e-19
15799.90000	3.43573e-19	6.66504e-19
15801.50000	1.39520e-18	9.98652e-19
15803.20000	9.29582e-19	1.20678e-18
15804.80000	-3.35779e-19	1.26815e-18
15806.40000	-9.26500e-19	1.39301e-18
15808.10000	-2.53169e-18	1.53981e-18
15809.70000	-2.98123e-19	1.38682e-18
15811.30000	1.72130e-18	9.35756e-19
15812.90000	9.45599e-20	6.20516e-19
15814.60000	2.00252e-19	4.98407e-19
15816.20000	5.25966e-19	4.73973e-19
15817.80000	5.52196e-19	4.83168e-19
15819.50000	1.07045e-18	4.97984e-19
15821.10000	2.78817e-19	5.43072e-19
15822.70000	-1.00551e-18	6.14975e-19
15824.30000	9.27071e-20	7.65636e-19
15826.00000	6.31434e-19	1.05890e-18
15827.60000	8.70885e-19	1.78158e-18
15829.20000	2.31904e-18	3.75650e-18
15830.90000	7.59176e-18	6.49938e-18
15832.50000	4.91182e-18	9.49207e-18
15834.10000	-6.42132e-17	8.98706e-18
15835.70000	-3.09184e-17	4.97027e-18
15837.40000	2.28889e-18	1.69827e-18
15839.00000	-1.48130e-18	1.26939e-18
15840.60000	1.16669e-18	1.52451e-18
15842.30000	1.57878e-18	1.80364e-18
15843.90000	2.89325e-19	2.20803e-18
15845.50000	1.40448e-18	3.34384e-18
15847.20000	5.10521e-18	5.19011e-18
15848.80000	1.96981e-17	5.17763e-18
15850.40000	1.61190e-17	3.14815e-18
15852.00000	-1.11603e-19	1.32877e-18
15853.70000	-1.24877e-18	8.24689e-19
15855.30000	3.91056e-19	7.52510e-19
15856.90000	5.44447e-19	7.02862e-19
15858.60000	1.30326e-18	7.21720e-19
15860.20000	1.62826e-18	8.94858e-19
15861.80000	1.16948e-18	1.06519e-18
15863.40000	6.87625e-19	1.08935e-18
15865.10000	-1.31774e-18	1.31295e-18
15866.70000	-6.40472e-19	2.00112e-18
15868.30000	-9.40811e-19	2.80586e-18
15870.00000	-5.00187e-18	2.84061e-18
15871.60000	-2.56439e-18	2.09232e-18
15873.20000	-1.05432e-19	1.42677e-18
15874.80000	1.01589e-18	1.10273e-18
15876.50000	-2.78743e-19	8.18504e-19
15878.10000	2.90499e-19	6.01876e-19
15879.70000	3.35848e-19	5.52233e-19
15881.40000	-6.52201e-19	5.88884e-19
15883.00000	-2.73763e-19	6.04955e-19
15884.60000	4.26350e-19	5.85547e-19
15886.20000	1.41904e-18	6.54255e-19
15887.90000	1.11539e-18	7.74123e-19
15889.50000	9.07237e-19	8.55030e-19
15891.10000	2.86840e-19	8.40147e-19
15892.80000	-2.48994e-20	9.51889e-19
15894.40000	7.46244e-19	1.26315e-18
15896.00000	1.54382e-19	1.56826e-18
15897.60000	3.97450e-19	1.62838e-18
15899.30000	-1.77172e-19	1.42446e-18
15900.90000	4.91460e-19	1.12263e-18
15902.50000	3.78748e-19	7.28555e-19
15904.20000	-1.98275e-19	5.33858e-19
15905.80000	4.39250e-19	4.63552e-19
15907.40000	6.45408e-19	4.48630e-19
15909.10000	2.68227e-19	4.74625e-19
15910.70000	2.26977e-20	5.95403e-19
15912.30000	-1.96473e-19	7.49351e-19
15913.90000	2.12427e-20	8.58514e-19
15915.60000	-7.21523e-19	9.49734e-19
15917.20000	-4.51057e-20	8.70391e-19
15918.80000	-1.28473e-19	6.61142e-19
15920.50000	1.75446e-20	4.90646e-19
15922.10000	-1.11299e-19	4.90345e-19
15923.70000	-2.90064e-19	5.67957e-19
15925.30000	-1.25344e-20	6.20927e-19
15927.00000	-3.98840e-19	6.94510e-19
15928.60000	2.69976e-19	8.30866e-19
15930.20000	5.17039e-19	7.41883e-19
15931.90000	2.31595e-19	6.71024e-19
15933.50000	6.56812e-20	6.90165e-19
15935.10000	2.57443e-19	6.93359e-19
15936.70000	7.55249e-19	5.92319e-19
15938.40000	1.11299e-18	5.52333e-19
15940.00000	-8.15818e-21	4.80902e-19
15941.60000	3.15903e-19	4.44241e-19
15943.30000	1.74667e-19	4.55727e-19
15944.90000	-1.59103e-19	4.68788e-19
15946.50000	-1.22873e-19	5.45279e-19
15948.10000	-2.08783e-19	4.88587e-19
15949.80000	2.52412e-19	4.94272e-19
15951.40000	1.90808e-19	4.92359e-19
15953.00000	-5.27006e-19	4.87640e-19
15954.70000	8.22164e-20	4.92140e-19
15956.30000	6.70646e-19	4.70991e-19
15957.90000	6.63519e-19	5.13737e-19
15959.50000	2.39109e-19	4.55103e-19
15961.20000	-7.17805e-19	4.43610e-19
15962.80000	-3.50392e-19	4.49429e-19
15964.40000	-2.47553e-19	4.78129e-19
15966.10000	-4.48959e-19	5.28114e-19
15967.70000	-5.07752e-20	7.25465e-19
15969.30000	6.54177e-20	1.56785e-18
15971.00000	-9.36594e-19	3.69463e-18
15972.60000	7.65997e-19	4.34560e-18
15974.20000	-1.69523e-17	3.54650e-18
15975.80000	-3.93279e-18	1.47248e-18
15977.50000	7.49132e-19	6.63715e-19
15979.10000	-1.32189e-18	6.14313e-19
15980.70000	1.83955e-19	5.24547e-19
15982.40000	-1.12737e-18	5.00264e-19
15984.00000	-3.78983e-19	4.99720e-19
15985.60000	1.78978e-19	4.73680e-19
15987.20000	6.28053e-19	4.39443e-19
15988.90000	2.39224e-19	4.32139e-19
15990.50000	2.27411e-19	4.33395e-19
15992.10000	2.72238e-19	4.39874e-19
15993.80000	9.13338e-19	4.55843e-19
15995.40000	1.42439e-18	4.55535e-19
15997.00000	2.77162e-18	4.56425e-19
15998.60000	2.78916e-18	4.55416e-19
16000.30000	2.01281e-18	5.21425e-19
16001.90000	1.40387e-18	4.53344e-19
16003.50000	1.40864e-18	4.47150e-19
16005.20000	1.61334e-18	4.48138e-19
16006.80000	2.38283e-18	4.59121e-19
16008.40000	3.32574e-18	4.64477e-19
16010.00000	3.45579e-18	4.71097e-19
16011.70000	3.27693e-18	5.03036e-19
16013.30000	1.90658e-18	5.54914e-19
16014.90000	1.69958e-18	5.57800e-19
16016.60000	1.56667e-18	5.37307e-19
16018.20000	7.29249e-19	5.17928e-19
16019.80000	-5.37290e-20	5.17775e-19
16021.40000	2.04118e-19	5.34645e-19
16023.10000	3.05423e-21	6.13045e-19
16024.70000	1.43363e-19	7.28304e-19
16026.30000	-1.46635e-18	1.28717e-18
16028.00000	7.08071e-18	3.57360e-18
16029.60000	1.78178e-17	7.42404e-18
16031.20000	1.30016e-17	8.01158e-18
16032.90000	-1.23469e-17	5.72672e-18
16034.50000	-5.58973e-19	1.99734e-18
16036.10000	9.26462e-19	7.74356e-19
16037.70000	3.13703e-19	6.23218e-19
16039.40000	1.20023e-18	6.96473e-19
16041.00000	6.02728e-19	8.56842e-19
16042.60000	9.05511e-19	8.95939e-19
16044.30000	-1.57588e-19	7.79762e-19
16045.90000	5.22949e-19	5.91379e-19
16047.50000	1.39301e-19	4.90315e-19
16049.10000	5.52786e-19	4.69840e-19
16050.80000	1.98982e-19	4.71510e-19
16052.40000	-6.93389e-19	4.88972e-19
16054.00000	-4.00269e-19	5.59554e-19
16055.70000	5.14507e-19	6.85180e-19
16057.30000	1.25689e-19	7.84000e-19
16058.90000	1.25796e-19	7.95282e-19
16060.50000	-2.68854e-19	6.97755e-19
16062.20000	4.37712e-19	5.89517e-19
16063.80000	3.74031e-19	5.52266e-19
16065.40000	1.03030e-18	5.89121e-19
16067.10000	2.69507e-19	6.10355e-19
16068.70000	-5.69588e-19	5.96673e-19
16070.30000	8.70271e-20	5.98906e-19
16071.90000	-1.53227e-19	7.11054e-19
16073.60000	5.45401e-19	9.34887e-19
16075.20000	-7.48789e-19	1.18337e-18
16076.80000	3.60938e-19	2.39161e-18
16078.50000	3.25673e-19	4.55234e-18
16080.10000	-2.60243e-18	4.91216e-18
16081.70000	-1.46306e-17	3.97978e-18
16083.30000	-3.86733e-18	1.32332e-18
16085.00000	1.25842e-18	6.20903e-19
16086.60000	1.44278e-18	5.37051e-19
16088.20000	6.95413e-20	5.15065e-19
16089.90000	4.88225e-20	5.23074e-19
16091.50000	-2.84919e-19	5.46023e-19
16093.10000	-2.01245e-19	5.57280e-19
16094.80000	5.14909e-19	6.08332e-19
16096.40000	-6.24630e-20	6.69639e-19
16098.00000	-3.31488e-19	6.77679e-19
16099.60000	9.15747e-19	6.57666e-19
16101.30000	8.37339e-19	5.04264e-19
16102.90000	2.59973e-19	5.00201e-19
16104.50000	5.43084e-19	4.91909e-19
16106.20000	-5.17213e-20	4.73323e-19
16107.80000	3.85296e-19	4.68272e-19
16109.40000	-5.02689e-20	4.72455e-19
16111.00000	-6.22562e-19	4.87344e-19
16112.70000	6.47294e-19	4.90330e-19
16114.30000	4.89945e-19	5.24295e-19
16115.90000	1.03963e-18	6.84602e-19
16117.60000	3.69768e-19	9.06646e-19
16119.20000	-1.12840e-18	9.47689e-19
16120.80000	3.71957e-19	8.61694e-19
16122.40000	-9.83862e-20	7.91129e-19
16124.10000	-3.22059e-19	1.24693e-18
16125.70000	-5.52211e-18	4.07916e-18
16127.30000	1.23795e-17	7.78133e-18
16129.00000	-6.33739e-18	8.45796e-18
16130.60000	3.32031e-17	5.65180e-18
16132.20000	-1.12247e-18	1.97955e-18
16133.80000	-8.02534e-19	8.44064e-19
16135.50000	8.15389e-19	6.35096e-19
16137.10000	3.39862e-19	5.59164e-19
16138.70000	8.89267e-19	5.18013e-19
16140.40000	2.51679e-19	5.02420e-19
16142.00000	-5.74013e-19	4.92136e-19
16143.60000	-1.05164e-19	4.87817e-19
16145.20000	9.92617e-19	4.78080e-19
16146.90000	5.95255e-19	4.72412e-19
16148.50000	2.91845e-19	4.65788e-19
16150.10000	-8.75908e-19	4.88691e-19
16151.80000	2.01190e-19	5.08178e-19
16153.40000	5.91810e-19	5.17017e-19
16155.00000	-5.28560e-19	5.39820e-19
16156.70000	1.30181e-18	7.41629e-19
16158.30000	2.29271e-18	1.13464e-18
16159.90000	-4.87870e-19	1.18331e-18
16161.50000	9.77941e-20	9.03141e-19
16163.20000	5.70429e-19	5.62205e-19
16164.80000	6.06757e-19	4.85777e-19
16166.40000	-5.94165e-19	4.80104e-19
16168.10000	-1.30165e-18	5.11455e-19
16169.70000	-1.22806e-18	5.64168e-19
16171.30000	-1.21010e-18	6.11322e-19
16172.90000	-6.77015e-19	5.96619e-19
16174.60000	6.76418e-19	5.37432e-19
16176.20000	4.71610e-19	4.97631e-19
16177.80000	-3.79590e-19	4.89239e-19
16179.50000	-1.23917e-19	4.88945e-19
16181.10000	-2.41820e-19	4.94894e-19
16182.70000	6.22098e-19	5.13377e-19
16184.30000	3.15027e-19	5.27418e-19
16186.00000	-2.36984e-19	5.42967e-19
16187.60000	6.30661e-19	5.82147e-19
16189.20000	-9.77997e-19	6.64705e-19
16190.90000	3.75030e-19	1.08255e-18
16192.50000	-1.26382e-18	3.14172e-18
16194.10000	-1.24373e-18	4.09307e-18
16195.70000	-5.01896e-18	3.89145e-18
16197.40000	-5.10423e-18	1.84570e-18
16199.00000	1.01730e-18	7.90823e-19
16200.60000	2.83937e-19	5.48658e-19
16202.30000	5.08276e-19	5.12479e-19
16203.90000	-4.63453e-19	5.08427e-19
16205.50000	-7.91116e-20	5.51174e-19
16207.20000	6.08700e-19	6.80985e-19
16208.80000	5.13909e-19	7.79362e-19
16210.40000	7.22116e-19	7.88160e-19
16212.00000	1.71544e-21	6.81726e-19
16213.70000	2.58502e-19	5.59225e-19
16215.30000	4.11926e-19	4.77812e-19
16216.90000	7.47451e-19	5.01193e-19
16218.60000	1.74751e-19	6.49011e-19
16220.20000	1.94502e-19	9.01021e-19
16221.80000	-6.74266e-19	1.06678e-18
16223.40000	-3.27258e-20	1.10825e-18
16225.10000	5.85585e-19	8.17211e-19
16226.70000	3.86299e-19	8.26718e-19
16228.30000	-3.49740e-19	9.87775e-19
16230.00000	3.78942e-19	1.34728e-18
16231.60000	-1.12858e-18	2.56295e-18
16233.20000	4.84047e-18	5.01907e-18
16234.80000	4.41530e-18	6.48424e-18
16236.50000	-6.54280e-19	5.80640e-18
16238.10000	-4.21812e-18	2.76984e-18
16239.70000	-1.64398e-18	1.13142e-18
16241.40000	-1.62852e-19	7.07359e-19
16243.00000	9.16576e-19	7.20756e-19
16244.60000	1.52007e-18	9.26061e-19
16246.20000	2.25865e-19	9.58361e-19
16247.90000	2.30561e-19	7.73035e-19
16249.50000	3.81523e-20	6.50426e-19
16251.10000	-4.52356e-19	7.08535e-19
16252.80000	3.53524e-19	7.67498e-19
16254.40000	1.72599e-19	6.92464e-19
16256.00000	-5.69746e-19	5.99835e-19
16257.60000	-4.64477e-19	6.44035e-19
16259.30000	8.61574e-20	6.49720e-19
16260.90000	4.93607e-20	5.46496e-19
16262.50000	1.60309e-19	5.13938e-19
16264.20000	4.13685e-19	5.16942e-19
16265.80000	-5.01098e-19	5.40119e-19
16267.40000	-8.01915e-19	6.67629e-19
16269.10000	-4.82255e-19	9.61310e-19
16270.70000	-3.48846e-19	1.02497e-18
16272.30000	-7.28085e-19	7.67149e-19
16273.90000	-2.23463e-19	5.39675e-19
16275.60000	-4.69720e-19	5.19855e-19
16277.20000	-4.98653e-19	6.56260e-19
16278.80000	1.88009e-19	8.14330e-19
16280.50000	1.77415e-19	7.89337e-19
16282.10000	4.36610e-19	6.20730e-19
16283.70000	3.17279e-19	5.39981e-19
16285.30000	6.52330e-20	5.03491e-19
16287.00000	-4.10083e-19	4.54472e-19
16288.60000	-5.21232e-19	4.45757e-19
16290.20000	-7.81026e-19	4.68454e-19
16291.90000	-1.26644e-19	5.55900e-19
16293.50000	-8.33901e-20	5.39923e-19
16295.10000	-1.01487e-19	4.40859e-19
16296.70000	-5.56523e-21	4.47102e-19
16298.40000	2.89119e-19	5.54043e-19
16300.00000	8.48590e-19	8.77349e-19
16301.60000	4.04349e-19	1.28626e-18
16303.30000	-4.00034e-19	1.32175e-18
16304.90000	-4.17653e-19	1.15466e-18
16306.50000	4.15714e-20	1.17675e-18
16308.10000	1.60175e-18	1.21133e-18
16309.80000	1.86933e-18	8.81387e-19
16311.40000	-4.06961e-20	6.87674e-19
16313.00000	-1.77192e-18	9.06925e-19
16314.70000	-3.43997e-18	1.93917e-18
16316.30000	-6.08074e-19	3.04787e-18
16317.90000	4.65294e-18	2.94609e-18
16319.50000	5.23212e-18	1.64520e-18
16321.20000	1.54378e-18	6.88430e-19
16322.80000	-4.56441e-20	4.99882e-19
16324.40000	7.17144e-19	4.67282e-19
16326.10000	4.62051e-19	4.50791e-19
16327.70000	-2.75732e-19	4.46079e-19
16329.30000	-6.83676e-20	4.44772e-19
16331.00000	6.70579e-19	4.43881e-19
16332.60000	8.36445e-19	4.47046e-19
16334.20000	1.92916e-19	4.50468e-19
16335.80000	-5.58137e-19	4.89595e-19
16337.50000	5.25476e-19	6.90235e-19
16339.10000	-2.33134e-18	1.24689e-18
16340.70000	-1.80181e-18	2.06071e-18
16342.40000	1.41935e-18	2.10483e-18
16344.00000	3.02047e-18	1.44986e-18
16345.60000	4.83662e-19	9.62418e-19
16347.20000	2.07106e-19	1.29473e-18
16348.90000	-5.28619e-18	2.71774e-18
16350.50000	-2.13284e-18	4.73798e-18
16352.10000	-2.72699e-18	4.30676e-18
16353.80000	-1.50304e-18	2.62232e-18
16355.40000	-2.82210e-19	1.12065e-18
16357.00000	-1.95586e-19	1.11572e-18
16358.60000	-5.45385e-20	1.41919e-18
16360.30000	6.99616e-20	1.63689e-18
16361.90000	-1.65531e-18	1.53625e-18
16363.50000	-2.13529e-19	1.22451e-18
16365.20000	1.15786e-19	1.06061e-18
16366.80000	4.04911e-19	8.47608e-19
16368.40000	4.77481e-19	7.02364e-19
16370.00000	-4.19999e-19	7.01799e-19
16371.70000	3.85862e-19	6.67837e-19
16373.30000	-2.69292e-19	6.20876e-19
16374.90000	3.39903e-19	5.22848e-19
16376.60000	3.43286e-19	4.56533e-19
16378.20000	-3.45456e-19	4.36940e-19
16379.80000	2.06465e-19	4.56776e-19
16381.40000	1.48386e-19	4.63578e-19
16383.10000	1.02098e-19	5.20709e-19
16384.70000	4.41409e-19	9.16486e-19
16386.30000	2.98336e-18	2.13508e-18
16388.00000	2.90942e-20	3.73925e-18
16389.60000	1.58052e-18	3.30107e-18
16391.20000	3.30752e-18	1.58646e-18
16392.90000	6.71745e-20	6.97804e-19
16394.50000	-6.33717e-19	6.06307e-19
16396.10000	3.63473e-19	6.46467e-19
16397.70000	-5.44647e-20	6.42823e-19
16399.40000	-3.01521e-19	5.58754e-19
16401.00000	2.72516e-19	4.69900e-19
16402.60000	2.51881e-19	4.47559e-19
16404.30000	-3.65130e-19	4.47440e-19
16405.90000	4.21306e-20	4.88111e-19
16407.50000	-3.40551e-19	6.66560e-19
16409.10000	8.50677e-19	6.90544e-19
16410.80000	5.48939e-19	8.29429e-19
16412.40000	-5.74050e-19	1.50068e-18
16414.00000	-2.29488e-18	2.28275e-18
16415.70000	-1.02235e-18	2.25063e-18
16417.30000	1.52265e-18	1.29387e-18
16418.90000	1.38318e-19	5.68320e-19
16420.50000	5.41794e-19	4.51311e-19
16422.20000	1.83357e-19	4.34397e-19
16423.80000	6.70595e-19	4.30084e-19
16425.40000	2.90821e-19	4.30649e-19
16427.10000	3.02809e-19	4.39437e-19
16428.70000	4.36030e-20	4.56389e-19
16430.30000	-6.68837e-19	4.68373e-19
16431.90000	3.18856e-19	4.77318e-19
16433.60000	2.40524e-19	4.79717e-19
16435.20000	-5.36224e-19	5.33960e-19
16436.80000	4.73268e-19	7.51895e-19
16438.50000	5.24551e-19	1.62420e-18
16440.10000	3.81775e-18	3.45588e-18
16441.70000	1.09124e-17	4.72019e-18
16443.30000	2.38403e-17	4.42012e-18
16445.00000	2.69944e-18	2.67326e-18
16446.60000	1.18419e-18	2.19541e-18
16448.20000	-1.55206e-18	2.10421e-18
16449.90000	-3.46381e-18	1.47387e-18
16451.50000	-4.47321e-19	7.38958e-19
16453.10000	-8.56071e-19	6.40629e-19
16454.80000	-2.96721e-19	6.44967e-19
16456.40000	5.70097e-19	6.60437e-19
16458.00000	-1.67543e-19	6.42028e-19
16459.60000	6.09309e-19	6.20401e-19
16461.30000	2.43668e-19	6.37891e-19
16462.90000	-2.76181e-19	4.73683e-19
16464.50000	4.19439e-19	4.58748e-19
16466.20000	-1.01478e-18	4.56500e-19
16467.80000	3.31558e-19	4.56308e-19
16469.40000	-9.98903e-20	4.74590e-19
16471.00000	-7.52962e-20	6.22844e-19
16472.70000	-1.01236e-18	1.11910e-18
16474.30000	7.39681e-19	2.24959e-18
16475.90000	-2.87351e-18	3.18243e-18
16477.60000	-4.67809e-18	3.87962e-18
16479.20000	-5.17898e-18	3.56972e-18
16480.80000	-6.35448e-18	2.56504e-18
16482.40000	-1.31841e-18	1.65486e-18
16484.10000	-6.38650e-19	6.84019e-19
16485.70000	6.27409e-19	5.01064e-19
16487.30000	4.00684e-19	4.80246e-19
16489.00000	-9.73136e-20	5.11849e-19
16490.60000	1.69991e-19	4.57083e-19
16492.20000	3.33799e-19	4.51624e-19
16493.80000	-2.11461e-19	4.84430e-19
16495.50000	-1.02997e-19	5.05965e-19
16497.10000	-2.38645e-19	6.09337e-19
16498.70000	-2.66783e-19	1.36948e-18
16500.40000	-5.18617e-19	4.22023e-18
16502.00000	5.88758e-18	5.29128e-18
16503.60000	2.29524e-17	4.71894e-18
16505.20000	-1.23631e-18	2.03442e-18
16506.90000	4.43257e-19	8.00532e-19
16508.50000	9.13378e-19	5.21897e-19
16510.10000	-1.22562e-19	4.64086e-19
16511.80000	1.63762e-19	4.41270e-19
16513.40000	3.29753e-19	4.36778e-19
16515.00000	-2.33842e-19	4.35203e-19
16516.70000	-4.23630e-19	4.34483e-19
16518.30000	1.73976e-19	4.44432e-19
16519.90000	3.37627e-19	4.47829e-19
16521.50000	-2.27577e-19	4.53146e-19
16523.20000	3.94070e-19	4.73045e-19
16524.80000	-1.46366e-19	4.65092e-19
16526.40000	2.93480e-19	6.19815e-19
16528.10000	9.81057e-19	7.34692e-19
16529.70000	1.81934e-18	8.06256e-19
16531.30000	7.58766e-19	7.40019e-19
16532.90000	-6.00250e-19	6.38700e-19
16534.60000	-7.38272e-19	5.27962e-19
16536.20000	-4.55760e-19	5.13915e-19
16537.80000	1.77500e-19	6.83449e-19
16539.50000	5.37086e-19	7.29331e-19
16541.10000	-9.86642e-19	7.31866e-19
16542.70000	-2.43482e-19	6.78247e-19
16544.30000	2.19762e-19	6.68622e-19
16546.00000	-9.38178e-21	5.28614e-19
16547.60000	4.05423e-19	4.62304e-19
16549.20000	5.11464e-19	5.52325e-19
16550.90000	5.51666e-20	1.31293e-18
16552.50000	-2.68391e-18	2.81656e-18
16554.10000	-3.96666e-19	3.01313e-18
16555.70000	1.44768e-18	2.07784e-18
16557.40000	-9.38941e-19	1.04494e-18
16559.00000	-4.76130e-19	7.40160e-19
16560.60000	8.53295e-19	6.56490e-19
16562.30000	3.11190e-19	5.07827e-19
16563.90000	1.23240e-19	4.35711e-19
16565.50000	2.40386e-20	4.25287e-19
16567.20000	-1.77432e-19	4.28878e-19
16568.80000	5.08074e-19	4.17725e-19
16570.40000	-3.30233e-19	4.01571e-19
16572.00000	-5.73164e-19	4.05230e-19
16573.70000	-8.10665e-20	4.49188e-19
16575.30000	8.09658e-19	3.92753e-19
16576.90000	-1.63411e-19	3.97035e-19
16578.60000	-9.87032e-20	4.00974e-19
16580.20000	5.32402e-19	4.35711e-19
16581.80000	1.66560e-19	5.11245e-19
16583.40000	2.01984e-19	7.51808e-19
16585.10000	1.11402e-18	1.22553e-18
16586.70000	-1.07375e-18	1.28369e-18
16588.30000	3.27276e-19	9.31442e-19
16590.00000	-4.44157e-20	6.05138e-19
16591.60000	6.13249e-19	4.58399e-19
16593.20000	5.00295e-19	4.24326e-19
16594.80000	9.91692e-20	4.34520e-19
16596.50000	2.47356e-19	4.29168e-19
16598.10000	-6.62910e-19	4.10541e-19
16599.70000	7.20301e-21	4.04710e-19
16601.40000	1.77900e-19	4.14937e-19
16603.00000	7.78284e-19	4.28659e-19
16604.60000	6.89611e-19	4.44107e-19
16606.20000	3.51030e-19	5.47839e-19
16607.90000	8.67939e-19	9.65927e-19
16609.50000	7.71438e-19	1.43686e-18
16611.10000	1.34737e-18	1.59366e-18
16612.80000	6.15802e-19	1.30135e-18
16614.40000	-3.79995e-20	8.39300e-19
16616.00000	1.32369e-18	5.18001e-19
16617.60000	1.28655e-18	4.20258e-19
16619.30000	9.66227e-19	4.07848e-19
16620.90000	4.70362e-19	4.04424e-19
16622.50000	6.72510e-19	3.96424e-19
16624.20000	4.25563e-19	3.92504e-19
16625.80000	1.07911e-19	3.98890e-19
16627.40000	-2.82325e-19	4.03169e-19
16629.10000	-1.16772e-19	4.01805e-19
16630.70000	1.74788e-19	3.95244e-19
16632.30000	1.94665e-19	3.95140e-19
16633.90000	3.74381e-19	4.15762e-19
16635.60000	2.53347e-19	4.49586e-19
16637.20000	8.22823e-19	4.74311e-19
16638.80000	4.88664e-19	4.59799e-19
16640.50000	-1.73453e-19	4.88233e-19
16642.10000	5.48025e-20	4.41223e-19
16643.70000	8.31078e-20	4.04736e-19
16645.30000	4.12583e-19	4.08239e-19
16647.00000	5.36719e-19	4.16986e-19
16648.60000	7.07852e-20	4.44364e-19
16650.20000	1.60815e-19	4.43584e-19
16651.90000	-1.05579e-20	4.78344e-19
16653.50000	2.76987e-19	5.76737e-19
16655.10000	-4.67898e-19	5.61770e-19
16656.70000	-1.83716e-19	5.52609e-19
16658.40000	4.52582e-19	6.02991e-19
16660.00000	-8.00566e-20	6.46007e-19
16661.60000	-5.02775e-19	5.95437e-19
16663.30000	-1.61613e-19	5.28753e-19
16664.90000	-1.19772e-19	5.15565e-19
16666.50000	-1.84656e-19	5.27346e-19
16668.10000	1.37282e-19	5.03195e-19
16669.80000	-3.29115e-20	4.56208e-19
16671.40000	3.02173e-19	4.25956e-19
16673.00000	3.40847e-19	4.17697e-19
16674.70000	3.10949e-19	4.20884e-19
16676.30000	1.70351e-19	4.70422e-19
16677.90000	3.88311e-19	4.79154e-19
16679.50000	2.92322e-19	4.46658e-19
16681.20000	2.81347e-20	4.74537e-19
16682.80000	2.42688e-19	5.26182e-19
16684.40000	-2.24317e-20	6.80676e-19
16686.10000	-1.15317e-18	1.18647e-18
16687.70000	-5.60188e-19	2.67506e-18
16689.30000	3.16390e-18	4.58397e-18
16691.00000	5.97392e-19	7.81000e-18
16692.60000	3.43761e-17	8.53301e-18
16694.20000	3.17960e-17	5.97765e-18
16695.80000	1.25699e-18	2.02443e-18
16697.50000	5.31048e-19	9.69451e-19
16699.10000	-7.28117e-20	1.02487e-18
16700.70000	-7.50365e-19	1.39165e-18
16702.40000	7.65001e-19	1.77478e-18
16704.00000	8.37117e-19	1.85544e-18
16705.60000	-1.67495e-18	2.52397e-18
16707.20000	2.08881e-19	4.29498e-18
16708.90000	9.03066e-18	5.90364e-18
16710.50000	-1.64580e-18	4.22067e-18
16712.10000	-6.29536e-18	1.64026e-18
16713.80000	4.30123e-19	8.04128e-19
16715.40000	-1.51897e-18	7.19785e-19
16717.00000	6.90986e-19	8.30178e-19
16718.60000	2.13460e-19	8.83067e-19
16720.30000	1.04046e-18	9.15476e-19
16721.90000	7.85764e-19	9.10179e-19
16723.50000	1.31091e-18	1.10170e-18
16725.20000	-1.15793e-18	1.10119e-18
16726.80000	-8.68711e-19	8.94361e-19
16728.40000	5.77923e-19	1.26839e-18
16730.00000	2.43558e-18	2.04558e-18
16731.70000	5.41025e-18	2.81785e-18
16733.30000	1.10133e-18	2.79787e-18
16734.90000	2.48872e-18	2.05333e-18
16736.60000	1.81482e-18	9.35824e-19
16738.20000	-3.55071e-19	5.43812e-19
16739.80000	-3.50693e-19	4.88018e-19
16741.40000	-7.65110e-20	4.51378e-19
16743.10000	-1.44415e-19	4.40290e-19
16744.70000	-1.58125e-19	4.33564e-19
16746.30000	2.32687e-19	4.29468e-19
16748.00000	3.19803e-19	4.52904e-19
16749.60000	2.56502e-19	5.05052e-19
16751.20000	-5.56607e-19	6.88329e-19
16752.90000	-7.24219e-19	1.00769e-18
16754.50000	-2.70430e-20	1.27246e-18
16756.10000	-4.29724e-19	1.22080e-18
16757.70000	-8.32469e-19	9.87283e-19
16759.40000	-4.54633e-19	1.07635e-18
16761.00000	-4.34582e-20	1.20792e-18
16762.60000	1.18027e-18	1.38114e-18
16764.30000	-2.54092e-19	1.35642e-18
16765.90000	5.22925e-20	1.21201e-18
16767.50000	-2.78320e-19	7.98477e-19
16769.10000	-1.73716e-19	4.86479e-19
16770.80000	-4.71288e-21	4.31374e-19
16772.40000	1.63704e-19	4.32929e-19
16774.00000	8.35746e-19	5.17991e-19
16775.70000	-1.30453e-19	5.17590e-19
16777.30000	5.47298e-19	4.23854e-19
16778.90000	8.91533e-20	4.06552e-19
16780.50000	-3.84088e-19	4.53170e-19
16782.20000	-8.16557e-19	4.09957e-19
16783.80000	-7.00996e-20	4.13103e-19
16785.40000	2.17041e-19	4.08865e-19
16787.10000	6.87324e-19	4.09916e-19
16788.70000	1.07261e-19	4.09772e-19
16790.30000	6.24938e-20	4.25956e-19
16791.90000	2.51352e-19	5.41751e-19
16793.60000	3.02568e-19	5.19354e-19
16795.20000	4.66040e-19	5.11136e-19
16796.80000	6.93251e-20	5.51516e-19
16798.50000	1.85953e-19	6.74575e-19
16800.10000	8.53637e-19	7.16571e-19
16801.70000	2.24392e-19	6.72331e-19
16803.30000	-7.65796e-19	8.29827e-19
16805.00000	3.24571e-19	8.06407e-19
16806.60000	9.06909e-19	6.56932e-19
16808.20000	-8.06987e-20	4.98831e-19
16809.90000	2.23160e-19	6.27985e-19
16811.50000	8.22859e-19	5.92436e-19
16813.10000	4.64550e-20	4.35759e-19
16814.80000	-2.62919e-19	4.31323e-19
16816.40000	1.08139e-18	4.48824e-19
16818.00000	5.55259e-19	4.35243e-19
16819.60000	-5.55642e-20	4.37876e-19
16821.30000	-2.68260e-19	4.38880e-19
16822.90000	-5.61058e-19	4.43755e-19
16824.50000	-3.00291e-19	4.48498e-19
16826.20000	3.72692e-19	4.81252e-19
16827.80000	9.09822e-19	4.32165e-19
16829.40000	4.86282e-19	4.36755e-19
16831.00000	-1.18078e-20	4.46533e-19
16832.70000	2.28465e-19	4.60720e-19
16834.30000	6.04317e-19	4.89064e-19
16835.90000	-6.26271e-19	6.57099e-19
16837.60000	-2.63770e-18	1.84952e-18
16839.20000	-2.50153e-18	3.72074e-18
16840.80000	-4.04206e-18	4.00271e-18
16842.40000	4.27639e-18	2.94861e-18
16844.10000	-2.57085e-19	1.13730e-18
16845.70000	-5.64112e-19	6.46429e-19
16847.30000	-2.01195e-19	5.28837e-19
16849.00000	-3.54421e-19	5.09835e-19
16850.60000	-9.05747e-19	5.17360e-19
16852.20000	7.63366e-19	5.80244e-19
16853.80000	9.71539e-19	5.29499e-19
16855.50000	-1.66633e-19	4.68630e-19
16857.10000	9.51936e-20	4.32869e-19
16858.70000	3.19378e-19	4.24567e-19
16860.40000	-4.35081e-19	4.21402e-19
16862.00000	-5.71844e-19	4.41706e-19
16863.60000	1.06994e-19	4.46749e-19
16865.20000	3.98186e-20	4.40461e-19
16866.90000	-1.66653e-19	4.54871e-19
16868.50000	6.16853e-21	4.82075e-19
16870.10000	1.00415e-18	5.61093e-19
16871.80000	6.94264e-19	5.72840e-19
16873.40000	6.67869e-19	7.58302e-19
16875.00000	5.79145e-19	6.34565e-19
16876.70000	-6.69876e-19	6.63865e-19
16878.30000	1.75185e-19	6.20935e-19
16879.90000	-6.48634e-20	5.21662e-19
16881.50000	-3.06384e-20	5.45663e-19
16883.20000	1.65938e-19	5.67982e-19
16884.80000	-1.68606e-19	5.46829e-19
16886.40000	-3.86546e-19	5.91781e-19
16888.10000	9.20928e-19	7.76143e-19
16889.70000	7.46850e-19	9.29822e-19
16891.30000	-2.34935e-19	7.68789e-19
16892.90000	8.41616e-19	6.18998e-19
16894.60000	-7.42670e-19	5.97758e-19
16896.20000	1.62117e-18	7.32322e-19
16897.80000	-9.67545e-20	9.10987e-19
16899.50000	1.54999e-18	1.40329e-18
16901.10000	-6.75150e-19	4.72758e-18
16902.70000	6.73324e-18	7.56877e-18
16904.30000	1.83892e-17	7.51800e-18
16906.00000	2.88504e-17	4.48813e-18
16907.60000	2.29753e-18	1.94210e-18
16909.20000	3.31913e-19	1.25921e-18
16910.90000	2.10202e-19	9.93139e-19
16912.50000	7.75136e-19	8.23369e-19
16914.10000	3.04483e-19	7.01930e-19
16915.70000	1.08104e-18	6.15349e-19
16917.40000	5.63267e-19	5.01785e-19
16919.00000	5.98557e-19	4.73801e-19
16920.60000	1.36072e-18	4.59727e-19
16922.30000	5.62536e-19	4.44899e-19
16923.90000	-1.69148e-19	4.40847e-19
16925.50000	-1.50127e-21	4.47371e-19
16927.20000	2.61209e-19	4.45982e-19
16928.80000	7.74559e-19	4.37619e-19
16930.40000	5.16981e-19	4.38159e-19
16932.00000	4.43540e-19	4.40027e-19
16933.70000	-5.62227e-19	4.38571e-19
16935.30000	-1.46005e-19	4.32339e-19
16936.90000	3.28571e-19	4.51924e-19
16938.60000	-2.75462e-19	4.98222e-19
16940.20000	-3.24855e-20	4.50945e-19
16941.80000	1.85406e-19	4.90384e-19
16943.40000	1.41345e-18	5.24130e-19
16945.10000	1.04348e-18	5.63795e-19
16946.70000	2.12103e-19	5.61691e-19
16948.30000	2.93416e-19	5.56145e-19
16950.00000	1.32687e-19	6.09333e-19
16951.60000	1.65133e-18	1.31462e-18
16953.20000	-5.19776e-19	3.83810e-18
16954.80000	6.75101e-18	4.60850e-18
16956.50000	2.45913e-17	3.73601e-18
16958.10000	-2.25751e-18	1.54315e-18
16959.70000	-1.35731e-18	7.87002e-19
16961.40000	3.56948e-19	5.53310e-19
16963.00000	-9.12347e-20	4.62058e-19
16964.60000	6.90342e-19	4.44074e-19
16966.20000	4.84329e-19	4.38122e-19
16967.90000	6.30909e-19	4.39477e-19
16969.50000	4.04498e-19	4.44740e-19
16971.10000	3.18962e-19	4.48972e-19
16972.80000	4.71810e-19	4.48969e-19
16974.40000	3.12345e-19	4.49058e-19
16976.00000	1.26754e-20	4.43888e-19
16977.60000	6.48880e-19	4.26546e-19
16979.30000	4.16011e-19	4.30159e-19
16980.90000	1.96632e-19	4.13906e-19
16982.50000	-3.65803e-19	4.35930e-19
16984.20000	6.39874e-19	4.73500e-19
16985.80000	-2.07106e-20	5.27585e-19
16987.40000	-4.18722e-20	5.83659e-19
16989.10000	1.59889e-21	6.30309e-19
16990.70000	1.48995e-19	6.43165e-19
16992.30000	3.11194e-19	5.64466e-19
16993.90000	5.27185e-20	5.01046e-19
16995.60000	5.79521e-19	5.15335e-19
16997.20000	2.56280e-19	5.20341e-19
16998.80000	5.91833e-19	5.18413e-19
17000.50000	-5.14257e-19	5.43676e-19
17002.10000	8.32263e-19	6.26324e-19
17003.70000	-8.30356e-19	8.63412e-19
17005.30000	7.34534e-19	2.31946e-18
17007.00000	-1.44823e-17	6.61447e-18
17008.60000	7.77980e-18	7.94057e-18
17010.20000	1.58862e-17	6.24148e-18
17011.90000	-7.69911e-18	2.63039e-18
17013.50000	1.01833e-18	1.32199e-18
17015.10000	-4.87107e-19	8.18047e-19
17016.70000	-2.36714e-19	5.81307e-19
17018.40000	-2.27767e-19	4.97351e-19
17020.00000	-3.08828e-19	4.68702e-19
17021.60000	6.84375e-19	4.57112e-19
17023.30000	2.56277e-19	4.56392e-19
17024.90000	4.05787e-19	4.45181e-19
17026.50000	3.94698e-19	4.37260e-19
17028.10000	-3.00980e-20	4.75681e-19
17029.80000	-3.88876e-19	4.96622e-19
17031.40000	2.16326e-19	4.37953e-19
17033.00000	2.20044e-19	4.34508e-19
17034.70000	1.48421e-19	4.32146e-19
17036.30000	4.18667e-19	4.33854e-19
17037.90000	9.64289e-19	4.36239e-19
17039.50000	6.32569e-19	4.38670e-19
17041.20000	6.23662e-19	4.35996e-19
17042.80000	7.51379e-19	4.37835e-19
17044.40000	8.51628e-20	4.39376e-19
17046.10000	1.50595e-19	4.45014e-19
17047.70000	2.18829e-19	4.91565e-19
17049.30000	5.66535e-19	5.54119e-19
17051.00000	5.08732e-19	5.86945e-19
17052.60000	9.10351e-19	6.78759e-19
17054.20000	5.05104e-20	9.15300e-19
17055.80000	3.33791e-20	1.29075e-18
17057.50000	-6.38164e-19	1.29549e-18
17059.10000	-1.20968e-18	8.91056e-19
17060.70000	-1.19199e-19	5.48725e-19
17062.40000	1.19155e-19	4.48686e-19
17064.00000	2.47431e-19	4.36169e-19
17065.60000	3.07495e-19	4.51239e-19
17067.20000	3.05719e-20	5.22996e-19
17068.90000	3.72560e-19	6.98060e-19
17070.50000	2.47718e-19	8.66395e-19
17072.10000	2.20027e-19	9.20131e-19
17073.80000	1.60220e-19	1.04664e-18
17075.40000	-8.24017e-18	1.77566e-18
17077.00000	-4.08272e-18	3.88693e-18
17078.60000	2.06900e-17	4.28890e-18
17080.30000	1.99551e-17	2.85206e-18
17081.90000	2.73362e-18	1.07594e-18
17083.50000	-1.04121e-18	6.55840e-19
17085.20000	7.62596e-19	5.57050e-19
17086.80000	4.61331e-19	5.23463e-19
17088.40000	7.87661e-19	4.84954e-19
17090.00000	1.14975e-19	4.51008e-19
17091.70000	-5.82699e-19	4.57867e-19
17093.30000	-7.23410e-19	4.83841e-19
17094.90000	1.49659e-19	5.10813e-19
17096.60000	6.10020e-19	5.56641e-19
17098.20000	2.12574e-19	6.42909e-19
17099.80000	3.91824e-19	7.28273e-19
17101.40000	-2.93803e-20	7.64006e-19
17103.10000	2.54465e-20	8.14202e-19
17104.70000	4.58914e-19	7.95783e-19
17106.30000	-7.28311e-19	7.67862e-19
17108.00000	-1.77709e-19	7.39578e-19
17109.60000	7.31617e-19	7.46597e-19
17111.20000	8.24160e-20	7.65696e-19
17112.90000	9.21003e-20	7.10329e-19
17114.50000	4.35088e-19	6.92891e-19
17116.10000	2.99686e-19	6.91770e-19
17117.70000	4.83568e-19	7.64046e-19
17119.40000	2.72383e-18	1.20323e-18
17121.00000	4.01816e-18	3.46803e-18
17122.60000	3.88928e-18	6.35782e-18
17124.30000	3.74918e-17	6.65822e-18
17125.90000	3.61542e-17	4.21785e-18
17127.50000	3.28711e-18	1.67172e-18
17129.10000	-9.37506e-20	8.40674e-19
17130.80000	6.94774e-19	6.00881e-19
17132.40000	-7.09772e-19	5.31682e-19
17134.00000	3.22889e-19	4.84939e-19
17135.70000	1.83550e-19	4.76650e-19
17137.30000	-2.53262e-19	4.47664e-19
17138.90000	4.64099e-19	4.61537e-19
17140.50000	1.17090e-19	4.38759e-19
17142.20000	-3.38247e-19	4.33176e-19
17143.80000	-5.69057e-19	4.42166e-19
17145.40000	-7.30349e-19	4.81663e-19
17147.10000	2.63288e-19	4.65614e-19
17148.70000	4.55964e-19	4.34182e-19
17150.30000	6.97218e-19	4.34050e-19
17151.90000	1.86183e-19	4.28069e-19
17153.60000	-6.93061e-19	4.24608e-19
17155.20000	2.33312e-21	4.23450e-19
17156.80000	-8.28749e-20	4.23635e-19
17158.50000	-3.10878e-19	4.22705e-19
17160.10000	8.66669e-19	4.27879e-19
17161.70000	5.90844e-19	4.53038e-19
17163.30000	3.91609e-19	5.01805e-19
17165.00000	2.22628e-19	5.24210e-19
17166.60000	-3.04692e-19	5.48701e-19
17168.20000	-7.96411e-20	6.49925e-19
17169.90000	4.86667e-20	7.91334e-19
17171.50000	5.49407e-19	1.04347e-18
17173.10000	2.70626e-19	1.19802e-18
17174.80000	1.25507e-18	1.21559e-18
17176.40000	5.83265e-19	1.08890e-18
17178.00000	6.54091e-19	8.86545e-19
17179.60000	6.17202e-20	7.79046e-19
17181.30000	5.10445e-19	7.33975e-19
17182.90000	5.09612e-19	5.37591e-19
17184.50000	-7.11607e-20	5.19375e-19
17186.20000	-7.10947e-19	7.08256e-19
17187.80000	-1.26825e-18	1.13060e-18
17189.40000	6.49906e-19	1.16046e-18
17191.00000	1.50545e-19	8.28842e-19
17192.70000	-1.95918e-19	6.10868e-19
17194.30000	1.10050e-19	6.52400e-19
17195.90000	-3.27867e-19	7.33089e-19
17197.60000	-1.73248e-19	6.72826e-19
17199.20000	5.16858e-19	5.13861e-19
17200.80000	7.66092e-20	4.55850e-19
17202.40000	4.92485e-19	4.50651e-19
17204.10000	4.21862e-19	4.73835e-19
17205.70000	8.26614e-19	6.50749e-19
17207.30000	-9.11979e-20	1.31766e-18
17209.00000	2.85659e-18	3.24413e-18
17210.60000	2.71238e-18	3.68261e-18
17212.20000	1.54125e-19	2.81538e-18
17213.80000	-1.27935e-18	1.74781e-18
17215.50000	1.34321e-18	1.33966e-18
17217.10000	1.29330e-18	1.27739e-18
17218.70000	6.14560e-19	8.72123e-19
17220.40000	2.31328e-19	8.28037e-19
17222.00000	-1.54056e-18	8.76852e-19
17223.60000	-8.84859e-19	7.30807e-19
17225.20000	-2.42014e-19	5.18281e-19
17226.90000	-8.35685e-19	5.25153e-19
17228.50000	-3.75097e-19	6.58539e-19
17230.10000	4.65648e-19	7.98977e-19
17231.80000	7.05807e-19	8.08154e-19
17233.40000	5.36598e-19	7.03159e-19
17235.00000	3.84657e-19	5.56118e-19
17236.70000	1.35412e-18	4.86470e-19
17238.30000	8.92382e-19	5.21651e-19
17239.90000	-2.12357e-19	7.84253e-19
17241.50000	1.33441e-18	1.32689e-18
17243.20000	4.50406e-19	1.82369e-18
17244.80000	-1.13987e-18	2.36357e-18
17246.40000	-3.90973e-19	3.57438e-18
17248.10000	9.50176e-18	4.74807e-18
17249.70000	2.20515e-18	4.40616e-18
17251.30000	4.04546e-18	2.60707e-18
17252.90000	4.42314e-19	1.04407e-18
17254.60000	-4.54558e-19	9.52187e-19
17256.20000	-5.00901e-19	1.22617e-18
17257.80000	7.89737e-19	1.33482e-18
17259.50000	9.00923e-19	1.05267e-18
17261.10000	1.04845e-19	6.01728e-19
17262.70000	8.92196e-19	4.78387e-19
17264.30000	6.40030e-19	4.44673e-19
17266.00000	2.01010e-19	4.33354e-19
17267.60000	7.94184e-19	4.36457e-19
17269.20000	1.00136e-18	5.09856e-19
17270.90000	3.86327e-19	5.53919e-19
17272.50000	3.63126e-19	8.10018e-19
17274.10000	-7.89089e-19	1.10061e-18
17275.70000	2.68846e-19	1.13352e-18
17277.40000	4.07045e-19	8.51253e-19
17279.00000	1.92951e-18	9.19819e-19
17280.60000	3.90973e-19	1.55809e-18
17282.30000	-1.40112e-18	2.28095e-18
17283.90000	4.07982e-18	2.16722e-18
17285.50000	9.43900e-19	1.29978e-18
17287.20000	1.23397e-20	8.47350e-19
17288.80000	1.01940e-18	7.32299e-19
17290.40000	6.37082e-19	5.82960e-19
17292.00000	2.45777e-19	4.96283e-19
17293.70000	7.93597e-19	4.60239e-19
17295.30000	4.97594e-19	4.53034e-19
17296.90000	5.45132e-20	4.47097e-19
17298.60000	3.89718e-19	4.97657e-19
17300.20000	-2.23000e-19	8.04815e-19
17301.80000	-2.07852e-18	1.44322e-18
17303.40000	-2.14115e-18	1.68806e-18
17305.10000	-9.75889e-19	1.38125e-18
17306.70000	-1.09555e-18	6.92731e-19
17308.30000	8.31416e-19	5.19772e-19
17310.00000	5.61039e-19	5.83028e-19
17311.60000	6.69846e-19	7.07763e-19
17313.20000	5.63783e-19	7.15639e-19
17314.80000	5.05059e-19	6.72725e-19
17316.50000	7.47496e-19	6.39627e-19
17318.10000	3.76498e-19	7.14407e-19
17319.70000	4.10051e-20	7.84851e-19
17321.40000	6.49515e-20	7.61142e-19
17323.00000	-3.20308e-19	6.43222e-19
17324.60000	-1.24468e-18	6.39801e-19
17326.20000	1.07483e-18	8.31773e-19
17327.90000	-1.64161e-18	1.62945e-18
17329.50000	1.59990e-19	3.33077e-18
17331.10000	-2.08226e-19	3.56857e-18
17332.80000	-1.01731e-17	2.75026e-18
17334.40000	-1.91998e-18	1.15429e-18
17336.00000	8.65732e-19	7.10568e-19
17337.60000	3.40583e-20	6.58692e-19
17339.30000	-1.41429e-19	7.23768e-19
17340.90000	-1.01712e-18	7.65983e-19
17342.50000	6.43647e-19	7.54722e-19
17344.20000	5.21736e-19	6.84318e-19
17345.80000	-4.30661e-19	6.25146e-19
17347.40000	-1.01750e-18	9.16361e-19
17349.10000	-1.56978e-18	1.68576e-18
17350.70000	-2.12431e-19	2.37452e-18
17352.30000	2.55791e-18	2.25098e-18
17353.90000	-7.18367e-19	1.44968e-18
17355.60000	-1.67042e-18	1.19924e-18
17357.20000	-3.44052e-18	1.72244e-18
17358.80000	-8.74186e-19	2.41853e-18
17360.50000	4.50203e-18	2.41493e-18
17362.10000	4.01261e-18	1.47920e-18
17363.70000	-1.77277e-19	6.57214e-19
17365.30000	-4.92922e-19	4.99113e-19
17367.00000	8.20657e-20	4.96886e-19
17368.60000	2.53439e-19	4.86949e-19
17370.20000	1.70648e-19	4.90969e-19
17371.90000	-2.19717e-19	4.88800e-19
17373.50000	-3.55335e-19	4.78284e-19
17375.10000	-2.10801e-19	4.83186e-19
17376.70000	-5.74459e-19	5.21852e-19
17378.40000	2.87464e-19	6.43938e-19
17380.00000	1.83728e-18	1.19170e-18
17381.60000	-5.26290e-18	2.67013e-18
17383.30000	3.03922e-18	3.87088e-18
17384.90000	-8.55455e-19	4.95352e-18
17386.50000	-4.72803e-18	5.21044e-18
17388.10000	-2.60079e-17	4.36821e-18
17389.80000	-2.90775e-18	1.81135e-18
17391.40000	3.06042e-19	7.97299e-19
17393.00000	-2.84627e-19	5.77331e-19
17394.70000	3.34054e-19	5.10001e-19
17396.30000	-8.10163e-19	4.81783e-19
17397.90000	-7.28240e-19	4.71785e-19
17399.50000	1.54205e-19	4.71110e-19
17401.20000	2.48526e-19	5.03408e-19
17402.80000	-4.03316e-20	6.06765e-19
17404.40000	-5.95546e-19	7.18094e-19
17406.10000	5.36145e-19	7.24961e-19
17407.70000	1.22756e-18	7.86017e-19
17409.30000	-2.27622e-19	5.07388e-19
17411.00000	-3.19902e-20	4.56243e-19
17412.60000	4.13719e-19	6.25897e-19
17414.20000	-9.42552e-19	7.23141e-19
17415.80000	2.51371e-19	8.18674e-19
17417.50000	-4.62847e-19	8.39718e-19
17419.10000	-1.95915e-19	7.65105e-19
17420.70000	2.04761e-19	6.42713e-19
17422.40000	1.02998e-18	6.57439e-19
17424.00000	-2.39232e-18	1.31221e-18
17425.60000	-1.34439e-18	2.73059e-18
17427.20000	-2.17953e-18	3.13644e-18
17428.90000	6.92883e-20	2.54788e-18
17430.50000	-1.48545e-18	1.19155e-18
17432.10000	5.16532e-19	8.60875e-19
17433.80000	9.71842e-19	7.72369e-19
17435.40000	5.66049e-19	7.01350e-19
17437.00000	-1.44698e-19	5.08468e-19
17438.60000	4.52549e-19	4.65138e-19
17440.30000	2.31670e-19	4.59772e-19
17441.90000	1.92426e-19	4.74640e-19
17443.50000	5.21653e-19	5.17031e-19
17445.20000	6.44654e-19	7.25993e-19
17446.80000	3.56934e-18	1.85685e-18
17448.40000	-2.65079e-18	4.35679e-18
17450.00000	-5.56709e-19	5.23371e-18
17451.70000	2.76548e-17	4.82782e-18
17453.30000	6.06716e-18	1.73165e-18
17454.90000	-4.08167e-19	8.72201e-19
17456.60000	1.64799e-19	5.95184e-19
17458.20000	-2.64064e-19	4.90291e-19
17459.80000	-7.64916e-19	4.43050e-19
17461.40000	-5.27882e-19	4.27664e-19
17463.10000	4.12134e-19	4.22581e-19
17464.70000	9.28627e-20	4.32848e-19
17466.30000	-3.21734e-19	4.90283e-19
17468.00000	6.70178e-19	4.75624e-19
17469.60000	3.14235e-19	4.64144e-19
17471.20000	-2.08758e-19	5.20389e-19
17472.90000	5.55921e-19	4.54859e-19
17474.50000	6.18108e-19	4.67894e-19
17476.10000	-6.98773e-19	5.18577e-19
17477.70000	3.76311e-19	5.74605e-19
17479.40000	-6.18422e-20	5.87969e-19
17481.00000	-6.13433e-20	6.47266e-19
17482.60000	-3.44561e-20	7.09527e-19
17484.30000	6.39563e-19	6.90822e-19
17485.90000	-2.06016e-19	5.58888e-19
17487.50000	5.26728e-19	4.91387e-19
17489.10000	8.22187e-19	5.02827e-19
17490.80000	3.65505e-19	5.03326e-19
17492.40000	-2.07209e-19	4.68446e-19
17494.00000	1.37244e-20	4.53413e-19
17495.70000	-2.00141e-19	4.67759e-19
17497.30000	1.44256e-18	6.65505e-19
17498.90000	-1.19051e-18	1.14011e-18
17500.50000	-6.78541e-19	1.58416e-18
17502.20000	2.60864e-18	1.85320e-18
17503.80000	-8.23602e-19	2.76721e-18
17505.40000	-4.41883e-18	3.23802e-18
17507.10000	-5.73872e-18	2.95956e-18
17508.70000	-7.39401e-19	1.46476e-18
17510.30000	-4.79204e-19	6.33659e-19
17511.90000	-1.47107e-19	4.86921e-19
17513.60000	-4.05676e-20	4.52466e-19
17515.20000	-2.81577e-19	4.39931e-19
17516.80000	4.82406e-20	4.36841e-19
17518.50000	-5.78745e-20	4.35384e-19
17520.10000	1.49034e-19	4.39058e-19
17521.70000	2.85610e-19	4.45646e-19
17523.30000	9.66923e-19	5.06886e-19
17525.00000	5.54598e-19	7.85207e-19
17526.60000	-1.58238e-18	1.38146e-18
17528.20000	-2.13369e-18	1.91048e-18
17529.90000	1.24990e-18	1.93561e-18
17531.50000	-9.02627e-19	1.41185e-18
17533.10000	-1.17356e-19	8.21343e-19
17534.80000	5.70678e-19	6.39262e-19
17536.40000	5.21094e-19	6.56022e-19
17538.00000	-4.32959e-20	6.22509e-19
17539.60000	6.61926e-19	5.94479e-19
17541.30000	7.00321e-19	7.88026e-19
17542.90000	-2.30107e-19	8.21233e-19
17544.50000	-1.91052e-19	7.64421e-19
17546.20000	-7.24093e-19	5.76539e-19
17547.80000	1.64137e-19	5.57350e-19
17549.40000	1.46486e-19	6.18339e-19
17551.00000	6.40699e-19	6.14031e-19
17552.70000	6.69194e-19	5.18721e-19
17554.30000	-5.47339e-20	4.30029e-19
17555.90000	-8.76989e-20	4.16013e-19
17557.60000	2.34671e-20	4.19864e-19
17559.20000	-6.24192e-19	4.14296e-19
17560.80000	-5.22854e-19	4.21228e-19
17562.40000	-1.14219e-18	4.39268e-19
17564.10000	-7.43852e-19	4.87595e-19
17565.70000	-2.79085e-19	5.40145e-19
17567.30000	-7.03928e-20	5.50838e-19
17569.00000	-3.06503e-19	5.08539e-19
17570.60000	-1.22629e-19	4.61342e-19
17572.20000	-8.30305e-19	4.38445e-19
17573.80000	3.86776e-19	4.28474e-19
17575.50000	-3.84768e-19	4.21652e-19
17577.10000	-4.51640e-19	4.19042e-19
17578.70000	4.49239e-19	4.28569e-19
17580.40000	1.05825e-18	5.08161e-19
17582.00000	7.18889e-19	4.45804e-19
17583.60000	6.38227e-19	4.14563e-19
17585.20000	-3.50840e-19	4.13969e-19
17586.90000	-6.17857e-19	4.28466e-19
17588.50000	-1.31982e-18	4.94733e-19
17590.10000	1.56652e-19	5.52393e-19
17591.80000	-4.33501e-20	5.48703e-19
17593.40000	5.89731e-19	6.26970e-19
17595.00000	7.72109e-19	6.63275e-19
17596.70000	3.20897e-19	5.96310e-19
17598.30000	-6.46437e-19	5.00748e-19
17599.90000	-2.09467e-19	4.55174e-19
17601.50000	-1.69240e-19	4.74778e-19
17603.20000	-6.92176e-19	5.17901e-19
17604.80000	-5.58306e-19	5.33711e-19
17606.40000	4.46409e-19	5.05003e-19
17608.10000	5.05307e-19	5.06221e-19
17609.70000	4.13778e-19	6.37705e-19
17611.30000	1.02701e-18	7.75544e-19
17612.90000	-3.15947e-19	8.32859e-19
17614.60000	6.56282e-19	7.81719e-19
17616.20000	5.80409e-19	6.82710e-19
17617.80000	3.86759e-19	5.54904e-19
17619.50000	4.34742e-20	4.78207e-19
17621.10000	-9.98294e-19	6.02749e-19
17622.70000	2.10671e-20	7.77680e-19
17624.30000	-7.10473e-19	8.05256e-19
17626.00000	-4.21647e-19	7.51086e-19
17627.60000	-1.49457e-19	7.49938e-19
17629.20000	-5.21429e-19	7.39415e-19
17630.90000	-1.75063e-19	5.99947e-19
17632.50000	-1.53919e-19	4.75814e-19
17634.10000	-2.39870e-19	4.61877e-19
17635.70000	-2.16987e-19	4.87305e-19
17637.40000	-4.67465e-20	4.62755e-19
17639.00000	1.38503e-19	4.67726e-19
17640.60000	9.73859e-20	4.73240e-19
17642.30000	-3.03328e-19	5.02778e-19
17643.90000	-5.08016e-19	5.50403e-19
17645.50000	2.50302e-19	7.79246e-19
17647.20000	-5.77898e-19	1.52789e-18
17648.80000	-1.20488e-18	2.90135e-18
17650.40000	8.99524e-18	5.07262e-18
17652.00000	6.30943e-18	7.83680e-18
17653.70000	4.67256e-17	8.32146e-18
17655.30000	5.86255e-17	6.16014e-18
17656.90000	3.25004e-18	2.00089e-18
17658.60000	-1.11313e-18	1.31539e-18
17660.20000	1.84575e-18	1.30694e-18
17661.80000	-2.01215e-18	1.46502e-18
17663.40000	5.97372e-21	1.63187e-18
17665.10000	6.67155e-19	1.62091e-18
17666.70000	-2.44383e-19	1.55471e-18
17668.30000	-3.47840e-18	2.14483e-18
17670.00000	-5.26940e-18	3.79039e-18
17671.60000	-7.98386e-18	5.09375e-18
17673.20000	1.31239e-17	4.51148e-18
17674.80000	1.28277e-17	2.11227e-18
17676.50000	1.49140e-18	8.94399e-19
17678.10000	4.37523e-19	6.01960e-19
17679.70000	9.36039e-19	5.36384e-19
17681.40000	1.01946e-18	7.18530e-19
17683.00000	-2.80802e-20	1.00872e-18
17684.60000	-1.35459e-18	1.24380e-18
17686.20000	-1.61261e-18	1.28222e-18
17687.90000	-9.63376e-19	1.27773e-18
17689.50000	-6.63955e-19	1.17300e-18
17691.10000	-1.01760e-19	9.83456e-19
17692.80000	1.52330e-19	8.11237e-19
17694.40000	-1.91204e-19	1.15813e-18
17696.00000	-4.08372e-19	1.85769e-18
17697.60000	-1.39242e-19	2.59882e-18
17699.30000	1.61883e-19	2.57707e-18
17700.90000	-1.23046e-19	1.89220e-18
17702.50000	-1.02699e-18	8.30096e-19
17704.20000	-4.98376e-19	5.39254e-19
17705.80000	7.01878e-19	4.79487e-19
17707.40000	5.82154e-19	5.08659e-19
17709.10000	8.72812e-21	4.89440e-19
17710.70000	-1.96351e-19	5.00344e-19
17712.30000	1.38225e-19	4.89110e-19
17713.90000	5.58599e-19	4.64667e-19
17715.60000	-1.66499e-19	4.54425e-19
17717.20000	8.41372e-19	4.57348e-19
17718.80000	-1.18877e-19	4.63973e-19
17720.50000	1.65526e-19	5.30082e-19
17722.10000	3.78013e-19	6.62488e-19
17723.70000	5.67213e-19	7.12447e-19
17725.30000	1.92206e-20	6.49025e-19
17727.00000	-4.17805e-19	5.55972e-19
17728.60000	-2.54855e-20	6.97208e-19
17730.20000	-7.51086e-19	1.04326e-18
17731.90000	-2.06747e-19	1.30267e-18
17733.50000	-5.82608e-19	1.40693e-18
17735.10000	-4.57140e-19	1.26102e-18
17736.70000	-8.41736e-19	1.05840e-18
17738.40000	4.43555e-19	6.16501e-19
17740.00000	-3.95868e-19	4.80464e-19
17741.60000	-2.92175e-19	4.51662e-19
17743.30000	3.11596e-19	4.42146e-19
17744.90000	1.00808e-18	4.30190e-19
17746.50000	8.39671e-19	4.29985e-19
17748.10000	4.86774e-19	4.35792e-19
17749.80000	5.76761e-19	4.38839e-19
17751.40000	-2.77626e-19	4.48813e-19
17753.00000	5.88270e-19	4.53960e-19
17754.70000	5.40165e-19	4.49318e-19
17756.30000	3.50706e-19	4.49807e-19
17757.90000	-9.22469e-19	4.58391e-19
17759.50000	3.96127e-19	4.63271e-19
17761.20000	2.58553e-19	4.55553e-19
17762.80000	6.31533e-19	4.59764e-19
17764.40000	-4.73129e-19	4.88369e-19
17766.10000	7.05967e-19	5.40491e-19
17767.70000	8.25292e-19	5.57899e-19
17769.30000	7.16397e-19	6.13768e-19
17771.00000	-5.03150e-19	7.08024e-19
17772.60000	-2.57339e-19	8.31021e-19
17774.20000	-2.52954e-19	8.57475e-19
17775.80000	-7.23666e-19	8.91185e-19
17777.50000	-2.40260e-19	9.66449e-19
17779.10000	-4.87691e-19	9.93010e-19
17780.70000	1.17784e-19	8.40454e-19
17782.40000	-2.88651e-19	6.28941e-19
17784.00000	-5.55625e-19	6.31925e-19
17785.60000	1.89795e-19	6.97299e-19
17787.20000	2.31474e-19	6.88429e-19
17788.90000	4.24354e-19	5.63997e-19
17790.50000	5.54022e-19	4.99770e-19
17792.10000	5.80684e-19	4.79621e-19
17793.80000	2.13727e-19	5.25023e-19
17795.40000	6.48379e-19	4.71909e-19
17797.00000	3.56262e-19	4.48308e-19
17798.60000	3.38180e-19	4.59241e-19
17800.30000	1.65491e-19	4.69341e-19
17801.90000	-2.01197e-19	4.88622e-19
17803.50000	-3.39767e-20	5.01354e-19
17805.20000	7.73029e-19	5.35871e-19
17806.80000	1.10235e-18	7.33834e-19
17808.40000	-1.02655e-18	1.44591e-18
17810.00000	-1.72048e-18	3.60409e-18
17811.70000	4.83219e-18	4.29150e-18
17813.30000	8.26655e-18	3.23802e-18
17814.90000	-1.04700e-18	1.14285e-18
17816.60000	9.93566e-19	7.79908e-19
17818.20000	-3.07644e-19	7.88434e-19
17819.80000	-3.49410e-19	8.31589e-19
17821.40000	-7.20512e-20	8.15190e-19
17823.10000	-3.93479e-19	7.72975e-19
17824.70000	-5.81552e-19	7.40777e-19
17826.30000	5.83919e-19	7.42760e-19
17828.00000	1.29371e-18	9.13755e-19
17829.60000	1.58403e-18	1.18118e-18
17831.20000	7.14865e-19	1.18778e-18
17832.90000	-3.46454e-19	1.03843e-18
17834.50000	9.97007e-20	8.76264e-19
17836.10000	1.46201e-19	7.80375e-19
17837.70000	-6.88502e-20	6.25020e-19
17839.40000	-1.58158e-19	5.19122e-19
17841.00000	3.54855e-19	5.44696e-19
17842.60000	4.73393e-19	6.45282e-19
17844.30000	3.75046e-19	7.13798e-19
17845.90000	6.94078e-19	7.09739e-19
17847.50000	2.13237e-19	7.78341e-19
17849.10000	-2.06875e-19	9.99163e-19
17850.80000	4.74377e-19	1.20484e-18
17852.40000	4.06351e-19	1.21046e-18
17854.00000	1.42614e-19	1.04804e-18
17855.70000	-1.35818e-19	8.54191e-19
17857.30000	-1.28006e-19	7.13528e-19
17858.90000	2.26895e-19	6.46081e-19
17860.50000	3.48546e-19	7.18055e-19
17862.20000	5.14793e-19	6.92979e-19
17863.80000	3.68319e-19	5.65933e-19
17865.40000	4.15510e-19	5.42391e-19
17867.10000	-1.01068e-19	5.68504e-19
17868.70000	5.36309e-19	6.47130e-19
17870.30000	5.42807e-20	6.70899e-19
17871.90000	-4.96094e-19	6.46898e-19
17873.60000	-2.26215e-19	6.93852e-19
17875.20000	-2.75899e-19	9.16747e-19
17876.80000	5.14322e-18	1.89878e-18
17878.50000	-1.19848e-18	5.86866e-18
17880.10000	2.69221e-19	7.87472e-18
17881.70000	3.66513e-17	7.01236e-18
17883.30000	2.25031e-17	2.77412e-18
17885.00000	-8.35128e-19	1.16488e-18
