#macsj1149_mos_1.K.2185.fc.1d.esc.slc.txt
#Applied Total SLC: 1.0812353409768591
#Wavelength in (A) | Flux (erg/sec/cm2/A)| Flux Error
19370.70000	-3.10749e-19	6.79456e-18
19372.90000	-1.06760e-19	6.36508e-19
19375.10000	1.38570e-19	4.04890e-20
19377.20000	1.36629e-19	7.41606e-20
19379.40000	4.27119e-19	9.52617e-20
19381.60000	1.20673e-20	3.47278e-19
19383.80000	-3.16726e-19	4.79041e-19
19385.90000	-4.86875e-19	4.98128e-19
19388.10000	-8.53911e-19	5.97600e-19
19390.30000	-4.63078e-20	7.92270e-19
19392.40000	-2.55163e-19	1.06395e-18
19394.60000	2.95601e-18	1.53087e-18
19396.80000	4.10366e-18	2.33726e-18
19399.00000	8.98971e-19	2.44261e-18
19401.10000	-1.24345e-18	1.89784e-18
19403.30000	-2.96066e-18	9.87881e-19
19405.50000	-1.67909e-18	5.96393e-19
19407.60000	-7.28672e-19	5.11668e-19
19409.80000	-5.25094e-19	5.03935e-19
19412.00000	-9.02494e-20	5.04988e-19
19414.20000	4.10852e-20	5.11345e-19
19416.30000	-2.85596e-19	4.96087e-19
19418.50000	8.53310e-20	4.41620e-19
19420.70000	-1.50251e-20	3.97140e-19
19422.90000	-4.63362e-19	3.88827e-19
19425.00000	2.19642e-19	3.77615e-19
19427.20000	3.07395e-19	3.67215e-19
19429.40000	-7.54977e-20	3.73018e-19
19431.50000	-2.95992e-19	3.92882e-19
19433.70000	-1.75611e-19	4.31211e-19
19435.90000	5.31998e-20	4.65650e-19
19438.10000	-7.07148e-19	4.52019e-19
19440.20000	-5.34615e-19	4.41725e-19
19442.40000	3.13433e-20	4.36596e-19
19444.60000	-5.11205e-19	4.47468e-19
19446.70000	-3.56796e-19	5.46984e-19
19448.90000	-3.46235e-19	4.61768e-19
19451.10000	3.89717e-19	4.33499e-19
19453.30000	3.10706e-19	3.95622e-19
19455.40000	1.94960e-20	3.94821e-19
19457.60000	-2.22294e-19	4.98460e-19
19459.80000	-5.61611e-19	6.64982e-19
19461.90000	4.36508e-19	6.90077e-19
19464.10000	-3.66618e-19	6.13310e-19
19466.30000	2.49052e-19	5.36781e-19
19468.50000	-5.56607e-20	5.75011e-19
19470.60000	2.26156e-19	6.35730e-19
19472.80000	-1.10420e-18	6.28467e-19
19475.00000	8.90575e-20	5.90016e-19
19477.20000	-5.89339e-19	5.36086e-19
19479.30000	2.59103e-19	5.26724e-19
19481.50000	3.60458e-19	5.75669e-19
19483.70000	5.50711e-19	5.63762e-19
19485.80000	5.65461e-19	4.97088e-19
19488.00000	1.17429e-19	4.59884e-19
19490.20000	-1.19810e-18	4.14190e-19
19492.40000	2.18679e-19	3.83769e-19
19494.50000	3.71551e-20	4.03307e-19
19496.70000	1.88160e-19	4.48357e-19
19498.90000	2.85619e-19	4.66551e-19
19501.00000	-8.08075e-19	4.40702e-19
19503.20000	3.14574e-19	3.96051e-19
19505.40000	8.21991e-19	4.30655e-19
19507.60000	-2.20570e-19	5.92961e-19
19509.70000	-4.73441e-20	7.38579e-19
19511.90000	-1.00559e-18	1.02942e-18
19514.10000	1.92909e-18	1.11479e-18
19516.20000	-2.18494e-18	1.59079e-18
19518.40000	7.11917e-20	1.91637e-18
19520.60000	-1.30462e-18	1.71254e-18
19522.80000	-8.82762e-19	1.21509e-18
19524.90000	-3.31379e-19	1.13195e-18
19527.10000	7.85713e-19	1.24001e-18
19529.30000	-7.60543e-19	1.26836e-18
19531.40000	-1.26273e-19	1.04116e-18
19533.60000	2.60973e-19	8.75923e-19
19535.80000	6.89548e-19	9.71072e-19
19538.00000	1.24132e-18	1.07751e-18
19540.10000	-8.76585e-19	1.19837e-18
19542.30000	-5.16107e-19	9.81840e-19
19544.50000	7.93049e-19	8.36957e-19
19546.70000	-2.04269e-19	6.92263e-19
19548.80000	-1.30505e-19	6.80856e-19
19551.00000	-1.56353e-19	9.29800e-19
19553.20000	1.89586e-18	1.41075e-18
19555.30000	4.30869e-18	1.81839e-18
19557.50000	5.29700e-18	2.30783e-18
19559.70000	-1.49093e-18	2.67799e-18
19561.90000	2.09835e-18	2.43827e-18
19564.00000	1.70068e-18	1.62939e-18
19566.20000	4.60372e-19	9.16309e-19
19568.40000	-4.85553e-19	7.82406e-19
19570.50000	-7.49631e-19	9.10838e-19
19572.70000	5.25933e-19	1.12461e-18
19574.90000	-1.51053e-18	1.12727e-18
19577.10000	-1.40458e-18	9.37744e-19
19579.20000	-2.32520e-19	7.61359e-19
19581.40000	-4.53810e-19	6.57079e-19
19583.60000	1.74031e-19	5.95427e-19
19585.70000	-5.63210e-19	5.82197e-19
19587.90000	-9.35638e-19	7.35224e-19
19590.10000	1.97738e-18	1.24438e-18
19592.30000	6.42965e-20	1.79414e-18
19594.40000	-3.97197e-19	1.64519e-18
19596.60000	3.04759e-19	9.93977e-19
19598.80000	-6.08405e-19	5.28850e-19
19601.00000	-3.60282e-19	4.02521e-19
19603.10000	4.30514e-19	3.56727e-19
19605.30000	1.29502e-20	3.95569e-19
19607.50000	-1.72766e-19	4.65078e-19
19609.60000	7.51845e-19	5.26812e-19
19611.80000	1.34990e-18	5.61731e-19
19614.00000	2.39978e-19	6.91862e-19
19616.20000	3.17026e-19	1.05325e-18
19618.30000	-1.41422e-18	1.32034e-18
19620.50000	-2.49846e-20	1.21008e-18
19622.70000	-6.86249e-19	8.27460e-19
19624.80000	-4.86934e-19	6.64933e-19
19627.00000	-4.40837e-19	7.14369e-19
19629.20000	9.13206e-19	7.94734e-19
19631.40000	1.85834e-18	7.72716e-19
19633.50000	3.02846e-19	6.89883e-19
19635.70000	-7.57414e-19	7.22408e-19
19637.90000	-1.21134e-18	1.09007e-18
19640.00000	4.24376e-18	2.25900e-18
19642.20000	1.92727e-18	2.64550e-18
19644.40000	1.82434e-19	2.09676e-18
19646.60000	2.95085e-19	1.11924e-18
19648.70000	2.44820e-19	7.11001e-19
19650.90000	1.03065e-20	5.64419e-19
19653.10000	-2.70487e-19	4.87105e-19
19655.20000	3.13161e-19	4.46929e-19
19657.40000	2.18910e-19	4.25770e-19
19659.60000	-1.73879e-19	4.23292e-19
19661.80000	-1.80168e-19	4.10760e-19
19663.90000	2.59067e-19	4.08228e-19
19666.10000	-3.82609e-19	4.36232e-19
19668.30000	-8.04149e-20	4.83126e-19
19670.50000	-4.06860e-19	5.24766e-19
19672.60000	2.84855e-19	6.82136e-19
19674.80000	-4.57460e-19	1.12002e-18
19677.00000	-9.79750e-19	1.56139e-18
19679.10000	1.96830e-18	1.44414e-18
19681.30000	1.40132e-18	9.30718e-19
19683.50000	6.71280e-19	6.08892e-19
19685.70000	5.78963e-19	4.76865e-19
19687.80000	3.39884e-19	4.26374e-19
19690.00000	-9.55707e-19	3.84293e-19
19692.20000	-7.54516e-20	4.14326e-19
19694.30000	-1.01903e-18	5.65786e-19
19696.50000	4.08698e-19	1.05408e-18
19698.70000	2.21761e-18	1.81667e-18
19700.90000	2.72838e-18	2.71048e-18
19703.00000	4.74002e-19	2.21845e-18
19705.20000	-2.43865e-18	1.41953e-18
19707.40000	-1.65364e-18	6.66401e-19
19709.50000	4.11312e-19	4.50576e-19
19711.70000	4.94251e-19	3.95402e-19
19713.90000	1.33032e-19	3.76326e-19
19716.10000	3.66237e-19	3.68183e-19
19718.20000	7.37153e-19	3.42763e-19
19720.40000	-2.79746e-19	3.34361e-19
19722.60000	2.39867e-19	3.28718e-19
19724.80000	-1.64428e-19	3.13473e-19
19726.90000	1.28160e-19	2.93134e-19
19729.10000	2.03581e-19	3.23936e-19
19731.30000	-2.55100e-19	5.84439e-19
19733.40000	-6.63102e-19	9.73825e-19
19735.60000	2.77157e-18	1.22117e-18
19737.80000	-3.36624e-19	1.10704e-18
19740.00000	-1.91130e-18	8.13237e-19
19742.10000	5.73577e-19	4.46987e-19
19744.30000	-1.59910e-19	3.46834e-19
19746.50000	-5.54780e-19	4.94629e-19
19748.60000	2.60080e-19	1.32465e-18
19750.80000	-2.41445e-18	1.57238e-18
19753.00000	-1.03838e-18	1.74448e-18
19755.20000	-2.33428e-19	9.66795e-19
19757.30000	8.35906e-19	6.51071e-19
19759.50000	1.00924e-18	6.20918e-19
19761.70000	-7.27745e-19	5.48479e-19
19763.80000	-1.32166e-20	4.83406e-19
19766.00000	-9.44517e-20	4.85274e-19
19768.20000	2.73661e-19	1.34795e-18
19770.40000	-2.64371e-18	2.23119e-18
19772.50000	-6.04045e-18	2.34545e-18
19774.70000	-4.54432e-18	1.69520e-18
19776.90000	-3.64897e-19	8.39872e-19
19779.10000	-7.41263e-19	5.75673e-19
19781.20000	-1.81284e-19	4.93201e-19
19783.40000	-2.99581e-19	3.77863e-19
19785.60000	-2.11213e-19	2.97336e-19
19787.70000	5.67012e-19	2.77741e-19
19789.90000	-2.84103e-19	2.72073e-19
19792.10000	6.86997e-21	2.81150e-19
19794.30000	3.23985e-20	2.90823e-19
19796.40000	-4.20971e-20	3.63552e-19
19798.60000	2.37557e-19	3.19796e-19
19800.80000	3.56146e-19	3.17028e-19
19802.90000	1.58336e-19	3.46840e-19
19805.10000	4.09389e-19	4.05804e-19
19807.30000	7.35399e-19	4.18892e-19
19809.50000	-2.52443e-19	4.10483e-19
19811.60000	-4.24595e-19	3.85952e-19
19813.80000	-2.69003e-19	3.49401e-19
19816.00000	3.39911e-19	3.18428e-19
19818.10000	-4.45265e-20	3.17295e-19
19820.30000	3.58899e-20	2.98264e-19
19822.50000	3.25426e-19	3.19243e-19
19824.70000	4.10377e-19	3.39381e-19
19826.80000	4.42578e-19	3.33184e-19
19829.00000	3.28464e-19	3.01857e-19
19831.20000	2.95224e-19	2.77306e-19
19833.30000	1.39184e-19	3.06194e-19
19835.50000	-8.54752e-19	5.58670e-19
19837.70000	-3.99966e-19	1.17378e-18
19839.90000	-1.27204e-18	1.38433e-18
19842.00000	-1.59985e-18	1.11390e-18
19844.20000	-7.85962e-20	5.65480e-19
19846.40000	-3.72182e-19	3.33502e-19
19848.60000	-1.86444e-19	2.83339e-19
19850.70000	2.94760e-19	2.78231e-19
19852.90000	1.28081e-19	2.81308e-19
19855.10000	-6.79301e-20	2.55325e-19
19857.20000	-1.04559e-19	2.50194e-19
19859.40000	-4.07986e-20	2.49152e-19
19861.60000	8.06182e-21	2.59962e-19
19863.80000	4.73955e-19	2.67986e-19
19865.90000	-1.67905e-19	3.08836e-19
19868.10000	1.80358e-19	3.14806e-19
19870.30000	3.28507e-20	3.00829e-19
19872.40000	-4.60164e-19	2.80778e-19
19874.60000	-1.42260e-19	2.63492e-19
19876.80000	4.10969e-19	2.47211e-19
19879.00000	3.29713e-21	2.71421e-19
19881.10000	-1.16864e-19	2.65620e-19
19883.30000	-7.55791e-20	2.45480e-19
19885.50000	1.04861e-19	2.61618e-19
19887.60000	1.49685e-19	3.53911e-19
19889.80000	-5.79697e-19	5.91758e-19
19892.00000	-4.57692e-21	7.36567e-19
19894.20000	-5.24581e-19	7.38437e-19
19896.30000	-4.20180e-19	6.28588e-19
19898.50000	-2.11825e-19	5.41512e-19
19900.70000	-3.23799e-19	5.16626e-19
19902.90000	-2.49768e-19	5.53981e-19
19905.00000	-4.92900e-20	5.51927e-19
19907.20000	1.32018e-19	4.99077e-19
19909.40000	7.64118e-20	5.09820e-19
19911.50000	4.21649e-19	4.95515e-19
19913.70000	5.88614e-19	5.19738e-19
19915.90000	5.38786e-19	4.28961e-19
19918.10000	1.62821e-19	3.75502e-19
19920.20000	-1.14029e-19	4.38719e-19
19922.40000	3.46263e-19	6.66726e-19
19924.60000	-2.15913e-19	7.85111e-19
19926.70000	-6.18043e-19	7.28529e-19
19928.90000	-4.02647e-19	5.30990e-19
19931.10000	-3.15441e-19	3.51091e-19
19933.30000	1.01430e-20	2.77605e-19
19935.40000	5.76008e-20	2.62868e-19
19937.60000	1.23050e-19	2.69736e-19
19939.80000	2.19029e-19	2.67897e-19
19941.90000	5.10394e-20	2.63010e-19
19944.10000	6.09829e-19	2.64034e-19
19946.30000	2.25114e-19	2.76794e-19
19948.50000	-1.55465e-20	3.27844e-19
19950.60000	2.33697e-19	3.85953e-19
19952.80000	2.61649e-19	4.11939e-19
19955.00000	-2.50023e-20	4.45381e-19
19957.20000	-6.23913e-19	4.81002e-19
19959.30000	4.65035e-20	4.98012e-19
19961.50000	4.08282e-19	4.37473e-19
19963.70000	2.96853e-19	3.84145e-19
19965.80000	4.21220e-20	3.78020e-19
19968.00000	3.28700e-20	4.57177e-19
19970.20000	1.40758e-19	5.22186e-19
19972.40000	6.73570e-19	4.28955e-19
19974.50000	5.10005e-19	4.10279e-19
19976.70000	1.16519e-19	4.22560e-19
19978.90000	2.69899e-20	4.47826e-19
19981.00000	-4.91109e-19	4.76729e-19
19983.20000	3.24531e-19	5.08216e-19
19985.40000	-1.01961e-19	5.35737e-19
19987.60000	3.03942e-19	6.17789e-19
19989.70000	2.16183e-19	6.88039e-19
19991.90000	4.39933e-19	6.98350e-19
19994.10000	1.05531e-18	7.17856e-19
19996.20000	7.82637e-19	7.95180e-19
19998.40000	4.30232e-19	8.81245e-19
20000.60000	-1.27984e-18	1.26603e-18
20002.80000	-3.24495e-18	2.50218e-18
20004.90000	6.55537e-18	5.20752e-18
20007.10000	1.56280e-17	7.82138e-18
20009.30000	1.23631e-17	7.54640e-18
20011.40000	2.70816e-18	4.33455e-18
20013.60000	5.77625e-18	2.04811e-18
20015.80000	3.68469e-19	1.41987e-18
20018.00000	-6.00932e-20	1.28454e-18
20020.10000	-8.73532e-19	1.26985e-18
20022.30000	3.46394e-19	1.43484e-18
20024.50000	-2.09251e-18	1.51895e-18
20026.70000	-3.71700e-19	1.62837e-18
20028.80000	4.39335e-18	2.40493e-18
20031.00000	1.96842e-18	4.59869e-18
20033.20000	-2.92484e-19	5.15742e-18
20035.30000	3.41294e-18	4.03837e-18
20037.50000	-3.71226e-18	2.15899e-18
20039.70000	-6.85609e-19	1.46630e-18
20041.90000	-1.03756e-18	1.29137e-18
20044.00000	-2.93661e-18	1.27626e-18
20046.20000	-3.09043e-18	1.36435e-18
20048.40000	-1.12562e-18	1.46260e-18
20050.50000	-1.56716e-18	1.33692e-18
20052.70000	4.56388e-19	1.32216e-18
20054.90000	1.02372e-19	1.27970e-18
20057.10000	1.26721e-18	1.28797e-18
20059.20000	2.14425e-18	1.18329e-18
20061.40000	-5.85181e-19	1.04819e-18
20063.60000	1.08479e-18	9.77030e-19
20065.70000	-2.46529e-18	1.17100e-18
20067.90000	4.28743e-19	1.82764e-18
20070.10000	1.80293e-19	1.97821e-18
20072.30000	-1.81417e-19	1.57270e-18
20074.40000	1.19801e-18	9.56872e-19
20076.60000	-1.33961e-18	7.00823e-19
20078.80000	4.29448e-19	6.39541e-19
20081.00000	1.00434e-18	5.82881e-19
20083.10000	-9.17185e-19	5.20791e-19
20085.30000	-6.58018e-19	4.99029e-19
20087.50000	-2.56113e-19	4.75954e-19
20089.60000	-3.55504e-19	4.84422e-19
20091.80000	2.88731e-19	5.61270e-19
20094.00000	-6.15025e-20	7.88022e-19
20096.20000	-4.89096e-19	1.14195e-18
20098.30000	3.38316e-19	1.35906e-18
20100.50000	-1.16584e-18	1.34389e-18
20102.70000	5.27158e-19	1.04206e-18
20104.80000	8.91156e-19	8.98272e-19
20107.00000	-1.21629e-18	8.88303e-19
20109.20000	2.36698e-19	1.02258e-18
20111.40000	3.76805e-19	9.79860e-19
20113.50000	3.35831e-18	1.18429e-18
20115.70000	1.90406e-18	1.35800e-18
20117.90000	-1.10290e-18	1.34338e-18
20120.00000	1.00236e-18	1.20570e-18
20122.20000	-1.17210e-18	1.08350e-18
20124.40000	1.12025e-18	1.46304e-18
20126.60000	1.83614e-18	1.37931e-18
20128.70000	-1.38539e-19	1.29850e-18
20130.90000	-9.74894e-19	1.03894e-18
20133.10000	1.86991e-19	9.39764e-19
20135.20000	1.19341e-18	9.14835e-19
20137.40000	-9.37606e-19	8.42277e-19
20139.60000	6.16740e-20	7.84753e-19
20141.80000	1.11376e-18	7.92271e-19
20143.90000	-2.70073e-19	7.69448e-19
20146.10000	1.72779e-18	7.25787e-19
20148.30000	9.85304e-19	7.83828e-19
20150.50000	3.47658e-19	8.70838e-19
20152.60000	-1.04493e-18	7.31632e-19
20154.80000	-3.35008e-19	7.00898e-19
20157.00000	1.54158e-19	7.64295e-19
20159.10000	-4.49624e-21	8.07899e-19
20161.30000	3.39709e-19	8.41293e-19
20163.50000	5.87598e-19	8.88378e-19
20165.70000	3.55647e-19	9.20678e-19
20167.80000	-3.86733e-19	8.74205e-19
20170.00000	3.86465e-19	9.02288e-19
20172.20000	-1.58096e-18	9.53956e-19
20174.30000	-2.70109e-18	9.79194e-19
20176.50000	3.53597e-19	9.31136e-19
20178.70000	-1.25755e-18	8.95559e-19
20180.90000	-7.83653e-19	1.02922e-18
20183.00000	3.71014e-19	8.40250e-19
20185.20000	5.72749e-19	6.48022e-19
20187.40000	-2.32231e-20	8.27940e-19
20189.50000	9.34719e-19	1.37792e-18
20191.70000	-4.16083e-18	2.00271e-18
20193.90000	-5.39834e-19	2.03216e-18
20196.10000	4.27192e-19	1.44116e-18
20198.20000	2.15541e-19	7.57471e-19
20200.40000	4.83799e-19	5.56832e-19
20202.60000	-9.03096e-20	6.31423e-19
20204.80000	-5.19295e-19	7.40959e-19
20206.90000	5.57617e-19	7.59267e-19
20209.10000	8.94091e-19	6.69108e-19
20211.30000	7.56378e-20	5.09849e-19
20213.40000	5.45152e-19	6.14152e-19
20215.60000	-3.39707e-19	6.04650e-19
20217.80000	7.03349e-19	7.51130e-19
20220.00000	-9.13117e-19	4.90908e-19
20222.10000	1.03314e-20	4.53960e-19
20224.30000	3.08385e-19	5.06413e-19
20226.50000	2.07918e-19	3.95421e-19
20228.60000	1.00745e-18	4.32380e-19
20230.80000	4.75167e-19	4.39393e-19
20233.00000	-1.92053e-19	4.04478e-19
20235.20000	-6.23821e-20	3.95627e-19
20237.30000	5.70781e-19	4.18127e-19
20239.50000	6.64262e-20	4.48513e-19
20241.70000	-6.86727e-19	4.28906e-19
20243.80000	-4.70043e-21	3.75931e-19
20246.00000	-4.69811e-19	3.97957e-19
20248.20000	-3.24126e-19	4.11907e-19
20250.40000	-4.32402e-19	4.13678e-19
20252.50000	2.83590e-19	3.60212e-19
20254.70000	-8.73765e-20	3.63790e-19
20256.90000	-2.09915e-19	3.69458e-19
20259.10000	7.02980e-19	3.46862e-19
20261.20000	6.51204e-20	3.46826e-19
20263.40000	1.44506e-19	3.63961e-19
20265.60000	-3.82702e-20	3.97987e-19
20267.70000	-3.14679e-19	4.30905e-19
20269.90000	-1.10071e-18	5.78329e-19
20272.10000	-5.44005e-18	1.47638e-18
20274.30000	7.23580e-18	3.14420e-18
20276.40000	5.49650e-18	3.41896e-18
20278.60000	-1.81631e-18	2.23719e-18
20280.80000	-3.87553e-21	1.10516e-18
20282.90000	-5.20994e-21	5.82990e-19
20285.10000	4.10612e-19	5.33692e-19
20287.30000	-7.50515e-19	5.01767e-19
20289.50000	8.21381e-19	5.70433e-19
20291.60000	-4.12846e-20	5.90592e-19
20293.80000	-1.21477e-18	5.40684e-19
20296.00000	-7.75688e-19	5.13524e-19
20298.10000	-5.55741e-19	5.13082e-19
20300.30000	3.40926e-19	4.95676e-19
20302.50000	3.80243e-22	3.98751e-19
20304.70000	2.75849e-19	3.95381e-19
20306.80000	9.27554e-20	3.99408e-19
20309.00000	6.96665e-20	3.69163e-19
20311.20000	5.40515e-19	3.26076e-19
20313.40000	-1.51162e-19	3.36993e-19
20315.50000	7.30935e-19	4.95245e-19
20317.70000	-3.33924e-21	6.39572e-19
20319.90000	-1.21295e-18	6.61704e-19
20322.00000	1.05045e-20	5.54976e-19
20324.20000	1.32464e-19	4.33430e-19
20326.40000	-2.77523e-19	3.37541e-19
20328.60000	-1.46704e-19	3.22281e-19
20330.70000	4.02579e-19	3.42090e-19
20332.90000	2.32346e-19	4.04493e-19
20335.10000	-1.65291e-18	7.87972e-19
20337.20000	6.89696e-19	1.78842e-18
20339.40000	2.59655e-18	2.26105e-18
20341.60000	5.39636e-19	1.84583e-18
20343.80000	-7.28753e-19	9.56574e-19
20345.90000	-7.59845e-19	6.93259e-19
20348.10000	3.74266e-19	5.83784e-19
20350.30000	5.34745e-19	4.89539e-19
20352.40000	-3.06185e-19	3.48109e-19
20354.60000	-2.25382e-19	3.19130e-19
20356.80000	3.69092e-19	3.19958e-19
20359.00000	5.32891e-19	3.18436e-19
20361.10000	4.05738e-20	3.07816e-19
20363.30000	-1.60296e-19	3.03806e-19
20365.50000	4.04525e-19	3.00955e-19
20367.60000	3.36977e-19	3.13248e-19
20369.80000	3.00881e-19	3.24796e-19
20372.00000	3.98175e-20	3.10165e-19
20374.20000	7.65432e-20	2.84060e-19
20376.30000	1.74482e-19	2.80335e-19
20378.50000	-9.16933e-20	3.03783e-19
20380.70000	-2.76007e-19	2.98284e-19
20382.90000	2.15465e-19	2.90809e-19
20385.00000	9.87356e-20	2.93292e-19
20387.20000	2.42015e-19	2.95963e-19
20389.40000	4.45568e-19	2.97438e-19
20391.50000	-1.45157e-19	3.03733e-19
20393.70000	5.37917e-19	3.15662e-19
20395.90000	-4.60712e-19	3.23628e-19
20398.10000	-1.18234e-19	3.31109e-19
20400.20000	-2.16006e-19	3.43405e-19
20402.40000	-7.37415e-20	4.10004e-19
20404.60000	-1.43437e-19	4.85715e-19
20406.70000	1.19640e-18	6.48944e-19
20408.90000	-6.19433e-18	1.44467e-18
20411.10000	-2.11114e-17	3.24109e-18
20413.30000	-5.59493e-18	3.57267e-18
20415.40000	-2.08736e-18	2.28329e-18
20417.60000	-8.74762e-20	8.31241e-19
20419.80000	8.30942e-21	4.78476e-19
20421.90000	6.60642e-19	3.78548e-19
20424.10000	2.38240e-19	3.50514e-19
20426.30000	3.12919e-19	3.32072e-19
20428.50000	1.73107e-19	3.30142e-19
20430.60000	-3.44226e-19	3.26757e-19
20432.80000	-1.76014e-19	3.15893e-19
20435.00000	-1.61989e-19	3.00258e-19
20437.20000	2.82943e-19	2.93686e-19
20439.30000	4.19478e-19	2.90912e-19
20441.50000	-8.51089e-20	3.09931e-19
20443.70000	2.06807e-19	3.23125e-19
20445.80000	3.38141e-19	3.03688e-19
20448.00000	-2.08429e-20	2.89554e-19
20450.20000	2.30689e-19	2.84021e-19
20452.40000	-2.34220e-19	2.97280e-19
20454.50000	2.10102e-19	3.25967e-19
20456.70000	-2.34666e-19	3.58606e-19
20458.90000	1.11195e-20	3.51023e-19
20461.00000	4.53407e-19	3.23849e-19
20463.20000	-2.87862e-19	2.92502e-19
20465.40000	4.70945e-19	2.97647e-19
20467.60000	-3.41542e-19	3.01724e-19
20469.70000	-1.68266e-19	3.04907e-19
20471.90000	-3.82634e-19	3.12748e-19
20474.10000	-7.52026e-20	3.17545e-19
20476.20000	3.36844e-19	3.25805e-19
20478.40000	-1.40659e-19	3.29456e-19
20480.60000	2.26975e-19	3.43428e-19
20482.80000	2.28306e-19	4.05264e-19
20484.90000	-4.19278e-19	4.79695e-19
20487.10000	2.42192e-19	4.94105e-19
20489.30000	1.90682e-19	5.09581e-19
20491.50000	5.41164e-19	4.31070e-19
20493.60000	2.34975e-19	5.11639e-19
20495.80000	2.02466e-18	9.78974e-19
20498.00000	-2.13075e-18	1.78672e-18
20500.10000	-6.00331e-19	1.93663e-18
20502.30000	4.64902e-19	1.23156e-18
20504.50000	-8.59728e-20	5.77080e-19
20506.70000	-2.21435e-19	4.79995e-19
20508.80000	-6.45775e-19	4.59322e-19
20511.00000	4.46108e-19	4.65683e-19
20513.20000	-7.49997e-19	5.39499e-19
20515.30000	5.00849e-19	6.20713e-19
20517.50000	3.31565e-19	6.15213e-19
20519.70000	-3.02657e-19	5.49582e-19
20521.90000	-2.21530e-19	6.27999e-19
20524.00000	-6.93618e-19	6.91644e-19
20526.20000	2.99624e-19	6.63110e-19
20528.40000	1.11699e-20	5.68257e-19
20530.50000	3.29848e-19	5.38333e-19
20532.70000	4.46755e-19	5.84966e-19
20534.90000	4.15731e-19	6.21582e-19
20537.10000	1.07015e-18	6.54134e-19
20539.20000	4.58974e-19	7.50268e-19
20541.40000	7.40621e-19	7.72084e-19
20543.60000	1.25414e-19	7.14106e-19
20545.80000	7.45328e-19	5.86305e-19
20547.90000	8.21057e-19	5.93222e-19
20550.10000	1.60047e-19	7.07858e-19
20552.30000	4.62788e-19	8.26843e-19
20554.40000	-3.94555e-19	8.77018e-19
20556.60000	1.41223e-18	8.29797e-19
20558.80000	-3.42397e-18	1.38584e-18
20561.00000	-8.32490e-18	3.04569e-18
20563.10000	2.05796e-18	3.83230e-18
20565.30000	3.14504e-18	3.26036e-18
20567.50000	-2.15611e-18	1.53605e-18
20569.60000	-8.94561e-19	7.35168e-19
20571.80000	1.48632e-20	7.14303e-19
20574.00000	-1.28888e-18	8.29331e-19
20576.20000	-4.73102e-19	8.71055e-19
20578.30000	1.50552e-18	8.04075e-19
20580.50000	9.36843e-19	7.48651e-19
20582.70000	-9.37921e-19	8.20915e-19
20584.80000	-5.88024e-19	6.00413e-19
20587.00000	4.82016e-19	4.25890e-19
20589.20000	3.60882e-20	3.75935e-19
20591.40000	7.05226e-19	3.72132e-19
20593.50000	5.71756e-19	3.60414e-19
20595.70000	6.00424e-19	3.42521e-19
20597.90000	-7.19163e-21	3.22029e-19
20600.00000	-6.38128e-19	3.25187e-19
20602.20000	-5.46873e-20	3.24708e-19
20604.40000	-1.42983e-19	3.30308e-19
20606.60000	-1.02233e-19	3.93034e-19
20608.70000	-1.72235e-19	3.67443e-19
20610.90000	-4.03033e-19	3.60708e-19
20613.10000	-4.27378e-19	3.70482e-19
20615.30000	2.37743e-19	3.85294e-19
20617.40000	3.00717e-19	3.88604e-19
20619.60000	2.41075e-19	3.90352e-19
20621.80000	-2.15810e-19	4.15994e-19
20623.90000	1.00302e-18	4.16923e-19
20626.10000	6.46875e-19	4.31592e-19
20628.30000	2.73714e-19	4.86969e-19
20630.50000	2.25628e-19	4.93887e-19
20632.60000	2.77961e-19	4.59893e-19
20634.80000	-2.31948e-19	4.80609e-19
20637.00000	2.02932e-19	4.64441e-19
20639.10000	3.44830e-19	5.11137e-19
20641.30000	-1.93098e-19	4.61857e-19
20643.50000	-1.77019e-19	4.52021e-19
20645.70000	3.75364e-19	4.86011e-19
20647.80000	-7.37329e-19	5.39672e-19
20650.00000	5.37734e-20	5.97392e-19
20652.20000	1.34179e-19	5.82132e-19
20654.30000	4.79220e-19	5.45542e-19
20656.50000	4.60017e-19	5.35515e-19
20658.70000	1.59258e-19	4.89988e-19
20660.90000	-1.12543e-20	4.98665e-19
20663.00000	7.48481e-19	5.34018e-19
20665.20000	6.36425e-20	5.31858e-19
20667.40000	-4.84473e-19	4.59815e-19
20669.60000	-5.20050e-19	4.95419e-19
20671.70000	-8.25317e-19	5.45085e-19
20673.90000	-8.02556e-19	5.32838e-19
20676.10000	4.66276e-19	4.50250e-19
20678.20000	5.81841e-19	5.11542e-19
20680.40000	1.07698e-19	4.69657e-19
20682.60000	5.51515e-19	4.23875e-19
20684.80000	3.19302e-19	4.20515e-19
20686.90000	-2.26293e-20	4.92850e-19
20689.10000	1.15367e-20	5.03245e-19
20691.30000	1.83342e-19	4.06168e-19
20693.40000	1.75057e-19	4.16126e-19
20695.60000	3.78333e-20	4.08236e-19
20697.80000	3.09722e-19	3.84599e-19
20700.00000	2.52250e-19	3.86316e-19
20702.10000	6.63222e-19	4.07981e-19
20704.30000	2.05281e-19	4.16270e-19
20706.50000	2.40669e-19	3.91197e-19
20708.60000	-5.30836e-20	3.96350e-19
20710.80000	-2.87162e-19	4.06685e-19
20713.00000	-3.62184e-19	3.90443e-19
20715.20000	-3.16976e-19	3.89800e-19
20717.30000	-3.60518e-19	4.21844e-19
20719.50000	9.74007e-21	4.53376e-19
20721.70000	-1.55845e-19	4.82425e-19
20723.80000	2.40174e-19	8.25370e-19
20726.00000	1.01826e-18	1.91878e-18
20728.20000	4.45005e-18	2.67572e-18
20730.40000	3.05115e-18	2.37697e-18
20732.50000	-4.92902e-18	1.85842e-18
20734.70000	-4.70072e-19	6.53826e-19
20736.90000	3.93939e-19	5.43261e-19
20739.10000	8.47004e-19	5.66269e-19
20741.20000	1.27684e-19	5.75009e-19
20743.40000	4.70894e-19	4.56189e-19
20745.60000	1.02414e-18	5.03943e-19
20747.70000	5.11904e-19	3.82035e-19
20749.90000	1.69456e-19	3.75268e-19
20752.10000	-1.87672e-19	3.51585e-19
20754.30000	2.87630e-19	3.39281e-19
20756.40000	-8.46106e-20	3.52857e-19
20758.60000	1.01250e-19	3.53436e-19
20760.80000	3.08461e-19	3.40726e-19
20762.90000	-3.29462e-21	3.18754e-19
20765.10000	5.56112e-19	3.18881e-19
20767.30000	7.65934e-19	3.18104e-19
20769.50000	3.63967e-19	3.22552e-19
20771.60000	1.21120e-19	3.59801e-19
20773.80000	6.69717e-20	3.27879e-19
20776.00000	-1.33827e-19	3.30631e-19
20778.10000	5.36524e-19	3.23841e-19
20780.30000	4.78894e-19	3.17188e-19
20782.50000	4.33999e-19	3.17371e-19
20784.70000	5.79848e-20	3.21471e-19
20786.80000	3.68318e-19	3.20025e-19
20789.00000	2.96213e-19	3.13321e-19
20791.20000	6.41794e-20	3.05204e-19
20793.40000	2.02950e-19	2.99643e-19
20795.50000	-2.31727e-19	2.94949e-19
20797.70000	9.28086e-20	3.05796e-19
20799.90000	8.22721e-19	3.82674e-19
20802.00000	-1.07783e-19	5.03861e-19
20804.20000	5.68150e-20	5.68406e-19
20806.40000	-5.83526e-19	5.40937e-19
20808.60000	-4.24797e-19	4.62668e-19
20810.70000	-3.80651e-19	3.95307e-19
20812.90000	-2.88431e-19	4.47842e-19
20815.10000	1.97847e-20	5.04094e-19
20817.20000	6.89448e-19	4.77412e-19
20819.40000	2.12097e-19	3.94777e-19
20821.60000	1.78149e-19	4.69803e-19
20823.80000	-5.20255e-20	5.30016e-19
20825.90000	8.08421e-19	5.65364e-19
20828.10000	4.06366e-19	5.36579e-19
20830.30000	9.99040e-19	5.25320e-19
20832.40000	7.59498e-19	4.82152e-19
20834.60000	-3.23723e-19	3.50709e-19
20836.80000	2.64191e-19	3.69770e-19
20839.00000	-3.10292e-19	3.84167e-19
20841.10000	3.06303e-19	3.85730e-19
20843.30000	2.91434e-19	3.31704e-19
20845.50000	-2.19315e-19	3.30480e-19
20847.70000	-2.72325e-19	3.26915e-19
20849.80000	-4.18028e-21	3.53137e-19
20852.00000	8.62897e-19	4.00729e-19
20854.20000	2.41835e-19	4.37988e-19
20856.30000	-1.72945e-19	7.26470e-19
20858.50000	4.09876e-18	1.15814e-18
20860.70000	1.86337e-18	1.27710e-18
20862.90000	-5.08424e-19	1.00444e-18
20865.00000	-3.10215e-19	5.44248e-19
20867.20000	-2.30567e-19	4.34204e-19
20869.40000	1.31576e-19	4.49943e-19
20871.50000	4.97348e-19	5.00650e-19
20873.70000	4.72127e-19	5.49864e-19
20875.90000	1.23265e-18	5.43942e-19
20878.10000	1.07203e-19	4.29965e-19
20880.20000	2.87582e-19	3.73093e-19
20882.40000	-4.00535e-20	4.19898e-19
20884.60000	3.63469e-19	4.34279e-19
20886.70000	-3.87382e-19	4.01605e-19
20888.90000	-3.75898e-19	3.32599e-19
20891.10000	-4.11020e-19	3.23833e-19
20893.30000	3.21226e-19	3.21470e-19
20895.40000	-5.30710e-20	3.18703e-19
20897.60000	-2.83491e-19	3.19353e-19
20899.80000	-2.73655e-19	3.32484e-19
20901.90000	2.34492e-20	3.49106e-19
20904.10000	1.97001e-18	5.70973e-19
20906.30000	-1.33649e-20	1.14514e-18
20908.50000	-4.45681e-18	1.60682e-18
20910.60000	-2.89373e-18	1.50807e-18
20912.80000	1.02751e-18	1.05939e-18
20915.00000	9.61712e-19	5.52522e-19
20917.20000	-9.78420e-19	4.92051e-19
20919.30000	4.67573e-19	4.46986e-19
20921.50000	-1.67306e-19	3.79737e-19
20923.70000	-6.71259e-20	3.24448e-19
20925.80000	-2.24569e-19	4.09301e-19
20928.00000	6.02620e-19	3.12679e-19
20930.20000	6.60847e-19	3.05780e-19
20932.40000	-1.71205e-19	3.08176e-19
20934.50000	-4.93125e-21	3.15677e-19
20936.70000	9.56425e-20	3.33524e-19
20938.90000	3.29832e-19	3.24503e-19
20941.00000	2.44112e-19	3.20279e-19
20943.20000	-7.86265e-19	3.13130e-19
20945.40000	-1.32862e-20	3.15475e-19
20947.60000	3.64806e-19	3.16844e-19
20949.70000	3.88122e-19	3.13867e-19
20951.90000	-1.76096e-19	3.23567e-19
20954.10000	1.50332e-19	3.17443e-19
20956.20000	5.13586e-19	3.10991e-19
20958.40000	-2.70381e-19	3.17352e-19
20960.60000	2.34163e-19	3.04503e-19
20962.80000	-3.02704e-19	3.06849e-19
20964.90000	-8.00295e-19	2.98927e-19
20967.10000	1.93681e-19	2.99615e-19
20969.30000	3.12671e-19	3.04593e-19
20971.50000	2.46803e-19	3.08023e-19
20973.60000	2.49164e-19	3.04956e-19
20975.80000	1.70103e-19	3.00201e-19
20978.00000	2.74429e-19	2.99208e-19
20980.10000	2.24573e-20	3.03488e-19
20982.30000	-3.77890e-19	3.15860e-19
20984.50000	1.98483e-19	3.07512e-19
20986.70000	-1.13781e-19	2.98756e-19
20988.80000	-2.95931e-20	3.04640e-19
20991.00000	7.54274e-21	3.05574e-19
20993.20000	1.68167e-19	3.01059e-19
20995.30000	-2.30677e-19	2.98591e-19
20997.50000	7.33757e-19	2.99068e-19
20999.70000	-2.17817e-19	3.08779e-19
21001.90000	4.73598e-19	3.43542e-19
21004.00000	-1.19040e-19	3.99931e-19
21006.20000	-4.98437e-20	4.04010e-19
21008.40000	-1.98920e-19	4.06860e-19
21010.50000	-2.30859e-19	5.06712e-19
21012.70000	3.87989e-19	5.61048e-19
21014.90000	-3.77914e-19	5.04688e-19
21017.10000	4.71392e-19	4.39731e-19
21019.20000	9.36673e-19	4.25830e-19
21021.40000	3.17442e-19	4.49665e-19
21023.60000	-6.25991e-19	5.16348e-19
21025.80000	4.17791e-19	5.32772e-19
21027.90000	3.90195e-19	5.01539e-19
21030.10000	1.28510e-18	6.61260e-19
21032.30000	-8.28510e-19	7.06901e-19
21034.40000	-1.26403e-19	6.63064e-19
21036.60000	6.08519e-19	4.84494e-19
21038.80000	5.08330e-19	5.15740e-19
21041.00000	-2.72698e-19	4.11544e-19
21043.10000	7.30231e-19	3.85107e-19
21045.30000	4.84079e-19	3.70750e-19
21047.50000	-1.23265e-19	3.68000e-19
21049.60000	1.03705e-19	4.07874e-19
21051.80000	-1.08470e-18	5.10387e-19
21054.00000	-6.61929e-19	5.36227e-19
21056.20000	-2.16682e-20	4.67679e-19
21058.30000	1.25835e-18	5.98666e-19
21060.50000	-1.10458e-18	8.82652e-19
21062.70000	-1.14017e-18	9.32656e-19
21064.80000	1.67053e-18	9.50466e-19
21067.00000	-1.06480e-18	9.92948e-19
21069.20000	-3.35245e-19	9.62097e-19
21071.40000	-9.19643e-19	7.22144e-19
21073.50000	-1.29728e-18	5.69188e-19
21075.70000	6.70173e-19	5.07929e-19
21077.90000	1.67742e-19	4.28767e-19
21080.00000	6.06964e-19	3.62659e-19
21082.20000	-7.93817e-20	3.33427e-19
21084.40000	7.60207e-19	3.35918e-19
21086.60000	-5.12064e-19	4.37851e-19
21088.70000	-1.33397e-19	5.23056e-19
21090.90000	-2.67037e-19	5.50424e-19
21093.10000	-2.42804e-19	6.40928e-19
21095.30000	1.14744e-19	7.63025e-19
21097.40000	9.24644e-19	7.62257e-19
21099.60000	3.90145e-19	6.60268e-19
21101.80000	1.61997e-18	8.16112e-19
21103.90000	-8.70413e-19	1.08012e-18
21106.10000	6.34295e-19	1.07847e-18
21108.30000	5.63119e-19	8.67602e-19
21110.50000	-5.67892e-20	5.93865e-19
21112.60000	2.94451e-18	8.91190e-19
21114.80000	-2.78874e-18	1.19714e-18
21117.00000	-4.44821e-19	1.17699e-18
21119.10000	-6.23106e-19	7.08391e-19
21121.30000	3.18870e-19	3.80682e-19
21123.50000	-3.12608e-19	3.35368e-19
21125.70000	-5.59374e-20	3.34793e-19
21127.80000	2.44805e-19	3.33631e-19
21130.00000	-1.26135e-19	4.24066e-19
21132.20000	5.51229e-19	3.88170e-19
21134.30000	-6.42821e-19	3.86320e-19
21136.50000	1.90503e-19	3.18644e-19
21138.70000	8.07110e-19	3.15086e-19
21140.90000	1.77891e-19	3.11321e-19
21143.00000	6.19032e-19	3.14391e-19
21145.20000	4.31125e-19	2.99632e-19
21147.40000	4.80180e-19	3.04765e-19
21149.60000	2.87648e-19	3.20705e-19
21151.70000	5.03783e-19	4.28794e-19
21153.90000	7.14343e-19	8.14460e-19
21156.10000	3.06219e-19	8.62358e-19
21158.20000	1.11500e-18	7.60924e-19
21160.40000	1.04113e-18	4.32796e-19
21162.60000	1.43103e-19	3.47190e-19
21164.80000	3.06552e-19	3.32081e-19
21166.90000	-5.89645e-19	3.41039e-19
21169.10000	-9.81365e-19	3.49695e-19
21171.30000	-6.30425e-19	4.40862e-19
21173.40000	-5.38724e-19	1.04457e-18
21175.60000	1.83908e-19	1.54512e-18
21177.80000	-1.00178e-18	1.46425e-18
21180.00000	3.82367e-19	8.57434e-19
21182.10000	-2.61709e-19	5.24873e-19
21184.30000	-1.75299e-19	4.81948e-19
21186.50000	-9.07070e-19	4.13158e-19
21188.60000	1.86200e-19	5.04052e-19
21190.80000	-5.83881e-19	4.81011e-19
21193.00000	2.00660e-19	5.40846e-19
21195.20000	-1.69441e-19	5.01425e-19
21197.30000	-4.62488e-19	4.25211e-19
21199.50000	5.93236e-19	3.51310e-19
21201.70000	2.97187e-20	3.96587e-19
21203.80000	2.02828e-19	4.43686e-19
21206.00000	-6.99654e-20	4.29886e-19
21208.20000	-2.11363e-19	3.97046e-19
21210.40000	-6.07305e-19	3.89118e-19
21212.50000	-2.76890e-19	3.85857e-19
21214.70000	-2.68830e-19	3.80187e-19
21216.90000	2.23648e-19	4.14192e-19
21219.10000	4.60175e-19	4.34524e-19
21221.20000	3.16174e-19	4.01345e-19
21223.40000	1.11975e-19	3.50908e-19
21225.60000	-4.19267e-19	3.56119e-19
21227.70000	9.12719e-19	4.75890e-19
21229.90000	-1.39644e-18	9.51921e-19
21232.10000	-1.25462e-18	1.16161e-18
21234.30000	-1.30420e-18	9.21030e-19
21236.40000	-3.49602e-19	5.22568e-19
21238.60000	-4.06204e-19	3.52434e-19
21240.80000	-1.51762e-19	3.42642e-19
21242.90000	3.17323e-19	3.80958e-19
21245.10000	-3.50737e-19	5.78308e-19
21247.30000	-1.25004e-18	1.31286e-18
21249.50000	-3.65735e-18	1.59162e-18
21251.60000	1.02566e-18	1.31173e-18
21253.80000	1.40777e-18	6.11500e-19
21256.00000	6.03629e-19	3.85859e-19
21258.10000	-5.69188e-19	3.73880e-19
21260.30000	9.08639e-19	4.04775e-19
21262.50000	8.29270e-20	3.37205e-19
21264.70000	-3.50594e-20	3.35858e-19
21266.80000	-1.29720e-19	3.24636e-19
21269.00000	-4.07069e-19	3.25198e-19
21271.20000	1.74564e-19	3.39127e-19
21273.40000	-2.61445e-19	3.80720e-19
21275.50000	1.89252e-19	5.41610e-19
21277.70000	2.35338e-19	7.23016e-19
21279.90000	3.19819e-19	7.10096e-19
21282.00000	-3.88740e-19	5.55573e-19
21284.20000	-3.89467e-19	3.68131e-19
21286.40000	2.36163e-19	3.27198e-19
21288.60000	-5.10658e-19	3.43617e-19
21290.70000	-2.56324e-19	3.72006e-19
21292.90000	-2.08974e-19	3.84135e-19
21295.10000	-4.74362e-20	3.66730e-19
21297.20000	2.05016e-19	3.27357e-19
21299.40000	2.73902e-19	3.26623e-19
21301.60000	-2.35949e-19	3.24452e-19
21303.80000	4.79743e-19	3.31113e-19
21305.90000	1.79269e-19	3.27408e-19
21308.10000	2.36359e-19	3.33066e-19
21310.30000	-2.99858e-19	3.48719e-19
21312.40000	1.31829e-18	4.56839e-19
21314.60000	1.84953e-18	6.79585e-19
21316.80000	-9.38282e-19	7.88045e-19
21319.00000	9.93676e-19	7.82527e-19
21321.10000	7.19323e-19	7.61616e-19
21323.30000	6.19881e-20	8.82983e-19
21325.50000	-2.04448e-18	9.99211e-19
21327.70000	-4.03213e-18	8.96860e-19
21329.80000	-1.39622e-18	5.38734e-19
21332.00000	-3.60917e-19	3.83784e-19
21334.20000	1.25718e-19	3.62360e-19
21336.30000	-4.06780e-19	3.60185e-19
21338.50000	5.08107e-19	3.48826e-19
21340.70000	1.53136e-19	3.38346e-19
21342.90000	-1.70239e-19	3.42952e-19
21345.00000	-4.03974e-19	3.45967e-19
21347.20000	-2.48860e-19	3.40705e-19
21349.40000	6.81387e-19	3.46849e-19
21351.50000	2.73819e-19	3.89387e-19
21353.70000	-1.02258e-19	4.65952e-19
21355.90000	2.00045e-19	4.83048e-19
21358.10000	1.69227e-19	4.87089e-19
21360.20000	1.24402e-19	4.44915e-19
21362.40000	2.02564e-19	3.98423e-19
21364.60000	1.33014e-19	3.59926e-19
21366.70000	1.27442e-19	3.63515e-19
21368.90000	7.64950e-20	4.14418e-19
21371.10000	5.93561e-19	5.22100e-19
21373.30000	3.08939e-19	5.00897e-19
21375.40000	-3.38968e-20	4.75103e-19
21377.60000	-2.56744e-19	4.56315e-19
21379.80000	-1.21827e-18	4.89627e-19
21381.90000	-7.71619e-19	4.54118e-19
21384.10000	2.11657e-19	3.98105e-19
21386.30000	1.87786e-19	4.12802e-19
21388.50000	2.04405e-19	3.93130e-19
21390.60000	1.74944e-19	3.46471e-19
21392.80000	2.30475e-20	3.48544e-19
21395.00000	2.26958e-19	3.48175e-19
21397.20000	5.81226e-20	3.53650e-19
21399.30000	-2.21369e-19	3.40795e-19
21401.50000	3.71548e-20	3.47737e-19
21403.70000	-1.85665e-19	3.45301e-19
21405.80000	2.19835e-19	3.43173e-19
21408.00000	-2.59813e-19	3.44499e-19
21410.20000	-6.89596e-19	3.45171e-19
21412.40000	2.44001e-19	3.53381e-19
21414.50000	6.75461e-20	3.66292e-19
21416.70000	2.55794e-19	3.91167e-19
21418.90000	1.03443e-19	4.07752e-19
21421.00000	-1.30019e-19	4.21096e-19
21423.20000	-4.14233e-19	4.10646e-19
21425.40000	8.40392e-20	3.90921e-19
21427.60000	-3.06419e-19	3.67671e-19
21429.70000	-1.35115e-19	3.78983e-19
21431.90000	2.81579e-19	3.81108e-19
21434.10000	3.94465e-19	3.72236e-19
21436.20000	4.07371e-19	3.70074e-19
21438.40000	5.52530e-20	3.96082e-19
21440.60000	-1.64567e-19	3.96813e-19
21442.80000	-1.10713e-19	3.70113e-19
21444.90000	2.61763e-19	3.54044e-19
21447.10000	4.18811e-19	3.51750e-19
21449.30000	-2.76453e-19	3.58305e-19
21451.50000	-3.12575e-19	3.52084e-19
21453.60000	1.09722e-19	3.53088e-19
21455.80000	2.49389e-20	3.55443e-19
21458.00000	-2.26917e-20	3.55637e-19
21460.10000	-3.76527e-19	3.49603e-19
21462.30000	-1.74498e-20	3.49664e-19
21464.50000	8.84256e-20	3.58466e-19
21466.70000	4.10107e-20	3.52558e-19
21468.80000	-2.72534e-19	3.60345e-19
21471.00000	-4.87341e-19	3.66155e-19
21473.20000	-2.61768e-19	3.71131e-19
21475.30000	1.67208e-19	3.74143e-19
21477.50000	4.91294e-19	3.73112e-19
21479.70000	3.30394e-20	3.67614e-19
21481.90000	3.89836e-19	3.60678e-19
21484.00000	9.73213e-20	3.59134e-19
21486.20000	-3.37367e-19	3.63971e-19
21488.40000	-3.14179e-19	3.74212e-19
21490.50000	-3.79545e-19	3.75736e-19
21492.70000	-6.80116e-19	3.89156e-19
21494.90000	-8.63583e-19	3.94923e-19
21497.10000	1.98314e-19	4.05036e-19
21499.20000	5.22710e-19	4.52756e-19
21501.40000	2.13788e-18	6.30720e-19
21503.60000	-5.99412e-19	1.26053e-18
21505.80000	-9.46644e-18	2.30323e-18
21507.90000	-7.80140e-18	2.51246e-18
21510.10000	-3.48862e-18	1.71411e-18
21512.30000	1.23341e-19	8.85091e-19
21514.40000	-6.25530e-19	6.14790e-19
21516.60000	2.13846e-19	4.81764e-19
21518.80000	-1.75492e-20	4.50152e-19
21521.00000	4.51350e-19	4.82715e-19
21523.10000	3.24484e-19	5.02285e-19
21525.30000	-9.37245e-20	5.31557e-19
21527.50000	1.47912e-19	6.15500e-19
21529.60000	6.56328e-20	6.75334e-19
21531.80000	-7.36964e-19	7.23993e-19
21534.00000	-1.75901e-18	9.52022e-19
21536.20000	-4.65083e-19	1.51033e-18
21538.30000	-9.16924e-19	1.56673e-18
21540.50000	-1.84757e-18	1.10690e-18
21542.70000	-2.60660e-19	7.63128e-19
21544.80000	7.42763e-19	7.24193e-19
21547.00000	-3.41068e-19	7.16877e-19
21549.20000	-4.52866e-19	6.51994e-19
21551.40000	8.74505e-20	5.38210e-19
21553.50000	1.51547e-19	4.25667e-19
21555.70000	4.81381e-19	3.82741e-19
21557.90000	-9.77657e-20	3.77931e-19
21560.10000	-1.92892e-19	3.82961e-19
21562.20000	4.68720e-19	3.89682e-19
21564.40000	2.67364e-19	4.22760e-19
21566.60000	-1.19307e-18	5.16443e-19
21568.70000	-1.05559e-18	5.20400e-19
21570.90000	1.70569e-19	4.33249e-19
21573.10000	2.35977e-19	4.16289e-19
21575.30000	4.91747e-19	5.08015e-19
21577.40000	2.00464e-18	7.15572e-19
21579.60000	1.15687e-18	9.96704e-19
21581.80000	8.83445e-19	9.88313e-19
21583.90000	1.18188e-18	7.07694e-19
21586.10000	4.84133e-19	4.99491e-19
21588.30000	2.29954e-19	4.44639e-19
21590.50000	-9.69890e-20	4.35067e-19
21592.60000	-5.35960e-19	4.39458e-19
21594.80000	-4.21859e-19	4.85538e-19
21597.00000	3.44026e-19	5.18506e-19
21599.10000	-1.04171e-20	4.47155e-19
21601.30000	-1.51862e-19	4.15793e-19
21603.50000	-1.10194e-19	3.96976e-19
21605.70000	2.89522e-19	3.98290e-19
21607.80000	-9.63098e-20	4.13827e-19
21610.00000	-5.44544e-20	4.36596e-19
21612.20000	2.84066e-20	4.67009e-19
21614.30000	3.73473e-19	4.49214e-19
21616.50000	-9.41834e-21	3.91866e-19
21618.70000	-8.60749e-19	3.91209e-19
21620.90000	-2.78271e-19	4.15431e-19
21623.00000	3.68447e-19	4.25110e-19
21625.20000	4.66526e-19	4.14667e-19
21627.40000	7.01045e-19	3.96275e-19
21629.60000	1.95894e-19	3.87382e-19
21631.70000	-3.34716e-19	4.44766e-19
21633.90000	-1.02081e-19	5.47241e-19
21636.10000	-3.92551e-19	6.29515e-19
21638.20000	3.55930e-19	6.21085e-19
21640.40000	6.68559e-19	5.43588e-19
21642.60000	1.61138e-19	4.51791e-19
21644.80000	1.13294e-19	4.00800e-19
21646.90000	1.03034e-19	3.79848e-19
21649.10000	7.01393e-19	3.77288e-19
21651.30000	5.77496e-19	3.86231e-19
21653.40000	1.17343e-19	4.07898e-19
21655.60000	1.81999e-19	4.61912e-19
21657.80000	8.25764e-20	4.83128e-19
21660.00000	-6.39411e-19	4.79215e-19
21662.10000	-8.68581e-20	4.70364e-19
21664.30000	5.23024e-19	4.67534e-19
21666.50000	6.97461e-19	4.34947e-19
21668.60000	1.74508e-19	4.06163e-19
21670.80000	-8.58623e-20	4.44696e-19
21673.00000	8.13193e-19	4.94804e-19
21675.20000	-3.39999e-19	5.08327e-19
21677.30000	4.79333e-19	4.61601e-19
21679.50000	1.23728e-18	4.56370e-19
21681.70000	5.86230e-19	4.81163e-19
21683.90000	4.79902e-20	4.82303e-19
21686.00000	-3.67503e-19	5.10724e-19
21688.20000	2.06661e-21	4.39909e-19
21690.40000	-2.10952e-20	4.15606e-19
21692.50000	-4.16731e-20	4.09707e-19
21694.70000	-5.87356e-19	4.10074e-19
21696.90000	-1.20903e-19	4.01985e-19
21699.10000	1.60144e-19	5.21401e-19
21701.20000	-2.49043e-19	5.49025e-19
21703.40000	3.25229e-19	4.96895e-19
21705.60000	1.03622e-18	5.08724e-19
21707.70000	2.32792e-19	7.61569e-19
21709.90000	-1.79166e-18	1.18521e-18
21712.10000	-1.86806e-18	1.25783e-18
21714.30000	-1.33589e-18	8.54537e-19
21716.40000	-8.20960e-19	4.98331e-19
21718.60000	-1.47479e-19	4.26741e-19
21720.80000	-1.23391e-19	4.18580e-19
21722.90000	8.43587e-20	4.03957e-19
21725.10000	4.03396e-19	4.07805e-19
21727.30000	6.48048e-19	4.06244e-19
21729.50000	-6.43819e-20	4.09407e-19
21731.60000	-4.98352e-19	4.05937e-19
21733.80000	-2.08742e-19	4.03786e-19
21736.00000	-8.84239e-19	4.08922e-19
21738.20000	-1.72914e-19	4.13210e-19
21740.30000	-8.52778e-20	4.05116e-19
21742.50000	4.65235e-19	4.12150e-19
21744.70000	1.38567e-19	4.07787e-19
21746.80000	-6.50112e-20	4.05276e-19
21749.00000	4.81337e-20	4.13473e-19
21751.20000	2.95883e-19	4.14816e-19
21753.40000	6.53447e-19	4.25509e-19
21755.50000	3.83829e-20	4.81288e-19
21757.70000	-1.68609e-19	5.39274e-19
21759.90000	-1.18837e-18	6.10101e-19
21762.00000	-4.69287e-19	6.34216e-19
21764.20000	3.93380e-19	5.77259e-19
21766.40000	3.71157e-19	4.81575e-19
21768.60000	-3.52208e-20	4.20721e-19
21770.70000	-7.59228e-21	4.14186e-19
21772.90000	-7.78723e-20	4.18363e-19
21775.10000	-4.06975e-19	4.18498e-19
21777.20000	-1.24579e-18	4.22665e-19
21779.40000	-8.81645e-19	4.86185e-19
21781.60000	1.92797e-20	5.00000e-19
21783.80000	2.38915e-19	4.55550e-19
21785.90000	4.36486e-19	4.63038e-19
21788.10000	6.66143e-19	5.42670e-19
21790.30000	5.05830e-20	6.18650e-19
21792.40000	3.53054e-19	6.49301e-19
21794.60000	6.02470e-19	6.62476e-19
21796.80000	1.63991e-18	7.16235e-19
21799.00000	2.58942e-18	1.18359e-18
21801.10000	-3.85829e-18	2.00793e-18
21803.30000	-3.65645e-18	2.30674e-18
21805.50000	7.51234e-19	1.46737e-18
21807.70000	8.37437e-19	6.18221e-19
21809.80000	-5.44500e-19	5.08635e-19
21812.00000	-3.40945e-19	4.64162e-19
21814.20000	-7.28010e-19	4.40762e-19
21816.30000	3.35671e-19	4.29922e-19
21818.50000	5.66216e-19	4.30275e-19
21820.70000	3.99718e-20	4.27775e-19
21822.90000	3.18226e-19	4.37563e-19
21825.00000	4.38393e-19	4.41647e-19
21827.20000	6.01051e-19	4.41481e-19
21829.40000	-3.40087e-19	4.47570e-19
21831.50000	-1.80385e-19	4.46194e-19
21833.70000	1.29337e-18	4.49414e-19
21835.90000	-2.26399e-19	4.49944e-19
21838.10000	-7.79407e-19	4.72380e-19
21840.20000	2.49577e-19	5.01340e-19
21842.40000	6.66226e-19	5.38118e-19
21844.60000	3.18196e-19	4.97681e-19
21846.70000	-6.94437e-19	4.76697e-19
21848.90000	-3.44255e-19	4.62629e-19
21851.10000	8.39577e-19	4.61943e-19
21853.30000	-1.93262e-19	4.45612e-19
21855.40000	1.32384e-19	4.35259e-19
21857.60000	2.03615e-20	4.96571e-19
21859.80000	7.41929e-19	4.52102e-19
21862.00000	5.90038e-19	4.47932e-19
21864.10000	1.15395e-18	4.93690e-19
21866.30000	-1.41290e-19	4.60315e-19
21868.50000	2.30776e-19	5.21981e-19
21870.60000	6.60562e-19	1.00956e-18
21872.80000	2.52093e-18	1.52755e-18
21875.00000	-3.95666e-18	1.51944e-18
21877.20000	-7.86205e-19	9.36307e-19
21879.30000	-7.04629e-19	5.39409e-19
21881.50000	-4.50913e-19	5.08762e-19
21883.70000	-9.32810e-20	5.03560e-19
21885.80000	4.86781e-19	4.81876e-19
21888.00000	1.67040e-19	4.66747e-19
21890.20000	-5.08231e-19	5.15200e-19
21892.40000	4.76211e-19	5.40901e-19
21894.50000	-2.33085e-19	5.26224e-19
21896.70000	3.55872e-19	4.57796e-19
21898.90000	-2.47114e-20	4.36460e-19
21901.00000	3.43745e-19	4.48944e-19
21903.20000	1.42357e-19	4.83078e-19
21905.40000	-1.27375e-18	4.89786e-19
21907.60000	-8.93952e-19	4.70347e-19
21909.70000	-1.03900e-19	4.82811e-19
21911.90000	7.86908e-19	4.31083e-19
21914.10000	4.37001e-19	4.38439e-19
21916.20000	5.44145e-20	4.44019e-19
21918.40000	-2.80049e-19	4.41987e-19
21920.60000	3.75237e-19	4.36606e-19
21922.80000	-6.74904e-20	4.51510e-19
21924.90000	4.75106e-19	4.38074e-19
21927.10000	1.21271e-19	4.44945e-19
21929.30000	9.59213e-19	4.54005e-19
21931.50000	-2.56383e-19	4.45551e-19
21933.60000	2.25041e-19	4.50869e-19
21935.80000	3.79633e-19	4.51035e-19
21938.00000	1.09613e-19	4.52132e-19
21940.10000	3.14794e-19	4.59733e-19
21942.30000	-4.64295e-19	4.67223e-19
21944.50000	3.54807e-20	4.67419e-19
21946.70000	-1.17814e-18	4.79569e-19
21948.80000	8.90558e-19	5.19202e-19
21951.00000	1.99322e-18	7.20714e-19
21953.20000	3.34372e-18	1.73869e-18
21955.30000	8.67092e-18	2.45556e-18
21957.50000	-6.33271e-19	2.35773e-18
21959.70000	-3.95837e-19	1.22626e-18
21961.90000	1.04031e-18	5.90747e-19
21964.00000	8.52150e-19	5.26279e-19
21966.20000	1.68614e-18	4.98925e-19
21968.40000	3.48052e-19	4.99786e-19
21970.50000	-5.97535e-19	4.98429e-19
21972.70000	-2.33229e-19	4.89760e-19
21974.90000	-6.93750e-19	4.98248e-19
21977.10000	-4.91490e-19	5.46413e-19
21979.20000	-4.48665e-19	5.85923e-19
21981.40000	6.53694e-19	5.79527e-19
21983.60000	-7.29221e-20	5.45666e-19
21985.80000	-4.68312e-19	5.66369e-19
21987.90000	7.05546e-20	6.03941e-19
21990.10000	7.95469e-19	5.90256e-19
21992.30000	-6.89470e-19	6.45574e-19
21994.40000	-1.12698e-18	7.47852e-19
21996.60000	-8.45551e-19	6.82389e-19
21998.80000	4.70321e-19	6.66099e-19
22001.00000	5.60186e-19	5.95044e-19
22003.10000	9.54070e-19	6.09690e-19
22005.30000	-1.21284e-18	5.73149e-19
22007.50000	3.68692e-19	6.55462e-19
22009.60000	3.07045e-20	5.20448e-19
22011.80000	-2.04475e-19	5.13877e-19
22014.00000	3.58914e-20	5.32661e-19
22016.20000	-4.90151e-19	5.20505e-19
22018.30000	-4.37762e-19	5.02393e-19
22020.50000	-3.20043e-19	4.98908e-19
22022.70000	5.95149e-19	5.19827e-19
22024.80000	6.03938e-19	5.62382e-19
22027.00000	-1.62174e-20	6.16132e-19
22029.20000	5.65176e-19	6.46795e-19
22031.40000	2.73814e-19	6.14798e-19
22033.50000	1.48273e-18	5.67112e-19
22035.70000	1.94263e-19	5.21392e-19
22037.90000	-3.63272e-19	5.23860e-19
22040.10000	1.01956e-18	5.26406e-19
22042.20000	2.23237e-19	5.17168e-19
22044.40000	9.10504e-20	5.20864e-19
22046.60000	4.26804e-19	5.45393e-19
22048.70000	-4.37218e-19	7.82867e-19
22050.90000	-1.89577e-19	1.89046e-18
22053.10000	1.32656e-18	1.57430e-18
22055.30000	-1.46200e-18	1.21607e-18
22057.40000	-5.52505e-19	7.77627e-19
22059.60000	-3.25307e-19	6.35751e-19
22061.80000	-2.00336e-19	6.11746e-19
22063.90000	4.63840e-19	5.76999e-19
22066.10000	-7.55498e-19	5.34887e-19
22068.30000	6.16978e-19	5.19789e-19
22070.50000	-2.44942e-19	5.02803e-19
22072.60000	3.26054e-19	4.78313e-19
22074.80000	4.19064e-19	4.86209e-19
22077.00000	-3.16247e-19	4.88819e-19
22079.10000	2.91924e-19	4.74662e-19
22081.30000	3.39574e-19	4.73194e-19
22083.50000	4.94276e-19	5.70675e-19
22085.70000	8.27039e-19	6.04899e-19
22087.80000	-4.50196e-19	6.25770e-19
22090.00000	1.33126e-19	6.40511e-19
22092.20000	7.00418e-19	6.40281e-19
22094.30000	-1.20437e-19	4.85029e-19
22096.50000	5.06599e-19	4.89018e-19
22098.70000	-2.73161e-19	4.82096e-19
22100.90000	6.03711e-19	4.93007e-19
22103.00000	-1.94608e-19	4.92018e-19
22105.20000	-4.62437e-19	4.90991e-19
22107.40000	-9.08943e-20	4.98718e-19
22109.60000	1.89339e-19	5.16169e-19
22111.70000	-2.69655e-19	5.18579e-19
22113.90000	-7.73904e-19	5.27581e-19
22116.10000	2.15997e-19	5.30255e-19
22118.20000	-2.75954e-19	5.33731e-19
22120.40000	-2.97465e-19	6.33889e-19
22122.60000	-9.66594e-19	1.32491e-18
22124.80000	-1.09817e-18	2.17628e-18
22126.90000	4.39257e-18	2.18447e-18
22129.10000	9.09453e-19	1.35091e-18
22131.30000	-1.40651e-18	7.37086e-19
22133.40000	-3.27958e-19	5.55096e-19
22135.60000	2.67940e-19	5.14231e-19
22137.80000	-3.73771e-19	5.11049e-19
22140.00000	1.62540e-19	5.10331e-19
22142.10000	-4.68863e-19	5.10329e-19
22144.30000	4.83813e-19	5.03600e-19
22146.50000	-5.27374e-21	5.12912e-19
22148.60000	-1.06283e-19	5.26236e-19
22150.80000	3.65208e-19	5.07165e-19
22153.00000	8.01379e-19	5.01277e-19
22155.20000	1.70618e-19	5.43819e-19
22157.30000	-3.66604e-19	5.25781e-19
22159.50000	2.89673e-19	5.38240e-19
22161.70000	-4.73096e-19	5.28185e-19
22163.90000	-6.56549e-19	5.23261e-19
22166.00000	-5.48827e-19	5.20684e-19
22168.20000	6.38777e-19	5.38711e-19
22170.40000	1.21997e-18	5.31303e-19
22172.50000	1.79106e-19	5.20476e-19
22174.70000	-2.46538e-19	5.13132e-19
22176.90000	-5.72548e-20	5.16687e-19
22179.10000	-1.43981e-18	5.15551e-19
22181.20000	-9.72145e-19	5.25175e-19
22183.40000	3.86752e-19	5.14689e-19
22185.60000	-2.71538e-19	5.13308e-19
22187.70000	-2.01581e-19	5.12588e-19
22189.90000	-2.81923e-19	5.24260e-19
22192.10000	-5.42792e-19	5.33953e-19
22194.30000	1.50807e-19	5.23088e-19
22196.40000	1.92862e-19	5.21834e-19
22198.60000	1.04047e-18	5.27676e-19
22200.80000	4.80270e-19	5.16078e-19
22202.90000	-2.50399e-19	5.14687e-19
22205.10000	-4.93156e-19	5.14322e-19
22207.30000	-7.37380e-19	5.22937e-19
22209.50000	2.10341e-19	5.92891e-19
22211.60000	-1.24979e-18	6.11422e-19
22213.80000	-2.05158e-19	5.57743e-19
22216.00000	7.19180e-19	5.54101e-19
22218.20000	1.68519e-19	5.34644e-19
22220.30000	6.83198e-19	5.17331e-19
22222.50000	3.01412e-19	5.01815e-19
22224.70000	-9.30687e-20	5.04589e-19
22226.80000	4.68547e-21	5.05372e-19
22229.00000	3.31734e-20	5.09594e-19
22231.20000	-2.25130e-19	5.11804e-19
22233.40000	-2.61120e-19	5.13693e-19
22235.50000	-6.29412e-19	5.30839e-19
22237.70000	-6.85094e-19	5.42819e-19
22239.90000	-3.18293e-19	5.43404e-19
22242.00000	-5.10287e-19	5.72633e-19
22244.20000	-9.29940e-19	7.36823e-19
22246.40000	-1.51698e-18	1.16144e-18
22248.60000	2.20716e-19	1.32283e-18
22250.70000	8.83613e-19	1.04497e-18
22252.90000	-1.38675e-18	6.73499e-19
22255.10000	-3.10827e-19	5.53040e-19
22257.20000	3.23385e-19	5.43776e-19
22259.40000	-4.16362e-19	5.41067e-19
22261.60000	-8.63930e-19	5.71757e-19
22263.80000	1.17396e-20	5.74613e-19
22265.90000	-4.44660e-20	5.77907e-19
22268.10000	3.51951e-19	5.72847e-19
22270.30000	1.66615e-19	5.70356e-19
22272.40000	4.02583e-19	6.18482e-19
22274.60000	-5.87648e-19	6.67191e-19
22276.80000	-1.07636e-18	5.86274e-19
22279.00000	-6.90347e-19	5.45064e-19
22281.10000	-5.06895e-19	5.42495e-19
22283.30000	-3.91148e-19	5.36072e-19
22285.50000	-1.08807e-19	5.41776e-19
22287.70000	-2.95102e-20	6.10650e-19
22289.80000	-3.45062e-19	6.09853e-19
22292.00000	-8.25690e-19	5.51605e-19
22294.20000	-4.17650e-19	5.27698e-19
22296.30000	-1.65872e-19	5.29397e-19
22298.50000	1.75530e-19	5.24578e-19
22300.70000	9.29473e-19	5.27943e-19
22302.90000	1.22267e-19	5.38065e-19
22305.00000	1.34391e-19	5.47211e-19
22307.20000	-1.15127e-20	6.43049e-19
22309.40000	-3.56168e-19	1.00129e-18
22311.50000	2.50277e-18	1.71261e-18
22313.70000	5.70061e-19	1.87470e-18
22315.90000	-1.56527e-18	1.51745e-18
22318.10000	2.02460e-19	9.34383e-19
22320.20000	-4.56233e-19	6.71244e-19
22322.40000	2.17521e-19	6.08569e-19
22324.60000	7.43530e-19	5.97211e-19
22326.70000	-9.04540e-21	5.91383e-19
22328.90000	4.08300e-19	5.86560e-19
22331.10000	5.75562e-20	5.80767e-19
22333.30000	-6.07574e-19	5.80270e-19
22335.40000	1.10661e-19	6.33640e-19
22337.60000	-1.40723e-19	7.05051e-19
22339.80000	-3.18964e-19	6.90293e-19
22342.00000	5.84688e-19	6.60651e-19
22344.10000	1.31184e-19	6.84808e-19
22346.30000	-2.46576e-19	7.10160e-19
22348.50000	8.85042e-19	6.57857e-19
22350.60000	4.61933e-19	5.88086e-19
22352.80000	-2.13359e-19	5.46967e-19
22355.00000	2.24418e-19	5.40444e-19
22357.20000	2.34546e-19	5.44818e-19
22359.30000	7.32294e-19	5.52407e-19
22361.50000	-2.65705e-19	5.53312e-19
22363.70000	-3.45893e-19	5.51039e-19
22365.80000	2.29541e-19	5.42464e-19
22368.00000	1.54437e-20	5.42628e-19
22370.20000	1.76971e-19	5.39988e-19
22372.40000	-2.09985e-19	5.48823e-19
22374.50000	-3.77381e-19	5.59581e-19
22376.70000	5.68058e-19	5.72615e-19
22378.90000	1.17313e-18	5.68455e-19
22381.00000	7.25740e-19	5.44751e-19
22383.20000	2.10816e-19	5.28045e-19
22385.40000	9.00296e-19	5.21861e-19
22387.60000	-2.85203e-20	5.44857e-19
22389.70000	1.49562e-19	5.50207e-19
22391.90000	5.78703e-19	5.23204e-19
22394.10000	-3.47443e-19	5.26882e-19
22396.20000	-1.10063e-19	5.38424e-19
22398.40000	2.86078e-19	5.88068e-19
22400.60000	-3.70809e-19	6.30333e-19
22402.80000	-7.17269e-19	6.01915e-19
22404.90000	4.33921e-19	5.56452e-19
22407.10000	4.29003e-19	5.56600e-19
22409.30000	5.71059e-19	5.61409e-19
22411.50000	-3.75645e-19	5.97310e-19
22413.60000	-8.13623e-19	5.94272e-19
22415.80000	-2.06138e-20	5.92958e-19
22418.00000	-2.42185e-19	5.92190e-19
22420.10000	-1.89152e-19	6.06250e-19
22422.30000	-3.02651e-19	6.15754e-19
22424.50000	5.37487e-19	6.09595e-19
22426.70000	-2.10132e-20	6.18131e-19
22428.80000	-9.56325e-19	6.46659e-19
22431.00000	-2.18946e-19	6.59081e-19
22433.20000	5.00103e-19	6.23584e-19
22435.30000	6.53398e-19	5.93142e-19
22437.50000	5.39957e-19	5.96440e-19
22439.70000	8.30727e-19	6.12551e-19
22441.90000	-2.18361e-19	6.14962e-19
22444.00000	-7.02684e-19	5.98016e-19
22446.20000	-6.92982e-19	6.05143e-19
22448.40000	-4.21082e-19	5.81087e-19
22450.50000	1.94515e-19	5.89256e-19
22452.70000	1.57994e-19	5.96161e-19
22454.90000	-2.15122e-19	5.97385e-19
22457.10000	4.20625e-19	7.26835e-19
22459.20000	1.88852e-18	9.85512e-19
22461.40000	2.37709e-19	1.08839e-18
22463.60000	1.12328e-18	9.23220e-19
22465.80000	3.33694e-19	6.76911e-19
22467.90000	4.98351e-19	6.11940e-19
22470.10000	4.60560e-19	6.08145e-19
22472.30000	1.90666e-19	5.92920e-19
22474.40000	9.19800e-19	5.84715e-19
22476.60000	4.10806e-19	5.74315e-19
22478.80000	2.51160e-19	5.53530e-19
22481.00000	2.62158e-19	5.57766e-19
22483.10000	-1.12313e-19	5.75816e-19
22485.30000	-5.82556e-21	5.69221e-19
22487.50000	8.17238e-19	5.80010e-19
22489.60000	5.20889e-19	5.64862e-19
22491.80000	1.70415e-19	5.65539e-19
22494.00000	3.45414e-20	5.74571e-19
22496.20000	-3.34806e-19	5.78858e-19
22498.30000	6.16662e-21	5.68093e-19
22500.50000	3.61740e-19	5.69294e-19
22502.70000	5.40318e-19	5.81093e-19
22504.80000	7.58504e-19	5.84128e-19
22507.00000	-1.08806e-18	5.79782e-19
22509.20000	1.69707e-20	5.77546e-19
22511.40000	3.04445e-19	6.72818e-19
22513.50000	4.12666e-19	8.17300e-19
22515.70000	5.12553e-19	1.07679e-18
22517.90000	9.38520e-20	1.36138e-18
22520.10000	-1.45489e-18	1.28669e-18
22522.20000	-1.48328e-18	9.80288e-19
22524.40000	-4.16365e-19	6.88891e-19
22526.60000	7.66373e-19	6.18831e-19
22528.70000	8.52961e-19	6.17382e-19
22530.90000	7.16988e-19	6.12095e-19
22533.10000	2.54065e-19	6.10108e-19
22535.30000	-2.30343e-19	6.06435e-19
22537.40000	1.02889e-19	6.10662e-19
22539.60000	2.67996e-19	6.20165e-19
22541.80000	-4.36064e-19	6.33035e-19
22543.90000	-3.57250e-19	6.49719e-19
22546.10000	-1.09716e-18	6.39007e-19
22548.30000	8.10180e-19	6.26844e-19
22550.50000	-2.31127e-19	6.84257e-19
22552.60000	8.39434e-19	7.70880e-19
22554.80000	2.95185e-19	7.45640e-19
22557.00000	9.15426e-20	7.36134e-19
22559.10000	5.92976e-19	6.31334e-19
22561.30000	5.10625e-19	5.97535e-19
22563.50000	1.51712e-18	7.10833e-19
22565.70000	-3.52980e-19	6.68176e-19
22567.80000	1.19028e-18	6.71038e-19
22570.00000	1.29350e-18	6.42135e-19
22572.20000	1.10756e-18	6.33234e-19
22574.40000	1.59945e-18	6.07992e-19
22576.50000	9.46925e-20	5.91534e-19
22578.70000	-4.87008e-19	6.00611e-19
22580.90000	3.72138e-19	5.99156e-19
22583.00000	1.04634e-18	6.13512e-19
22585.20000	5.01653e-19	6.17064e-19
22587.40000	1.07128e-19	7.01298e-19
22589.60000	4.40528e-19	6.32448e-19
22591.70000	1.76297e-18	6.06246e-19
22593.90000	1.29106e-18	5.97124e-19
22596.10000	-8.11298e-19	6.00812e-19
22598.20000	-1.27620e-19	6.09212e-19
22600.40000	6.17609e-19	6.15189e-19
22602.60000	5.52334e-20	6.24169e-19
22604.80000	8.08662e-19	6.03350e-19
22606.90000	2.58895e-19	6.34195e-19
22609.10000	-1.84812e-19	6.36777e-19
22611.30000	1.16230e-18	6.47754e-19
22613.40000	5.81247e-19	6.46498e-19
22615.60000	-2.34139e-19	6.57098e-19
22617.80000	1.63982e-19	7.07684e-19
22620.00000	4.30624e-19	7.27729e-19
22622.10000	-5.03939e-19	7.22196e-19
22624.30000	7.17498e-19	7.16214e-19
22626.50000	-5.16021e-19	6.66522e-19
22628.60000	-6.71925e-19	7.00085e-19
22630.80000	3.30193e-19	8.00446e-19
22633.00000	4.86073e-19	6.30382e-19
22635.20000	-1.46715e-19	6.32878e-19
22637.30000	1.75313e-20	6.70009e-19
22639.50000	2.66076e-19	7.10547e-19
22641.70000	1.38518e-18	7.86059e-19
22643.90000	-1.23349e-19	7.47038e-19
22646.00000	1.18879e-18	7.20602e-19
22648.20000	8.72364e-19	7.04879e-19
22650.40000	7.53890e-19	6.82232e-19
22652.50000	3.92638e-19	6.49142e-19
22654.70000	-3.33069e-19	6.12762e-19
22656.90000	-2.40764e-19	5.92235e-19
22659.10000	-1.83055e-19	5.93059e-19
22661.20000	5.17362e-19	6.08331e-19
22663.40000	-4.86321e-19	6.06895e-19
22665.60000	4.12520e-19	6.00922e-19
22667.70000	4.92461e-19	6.01241e-19
22669.90000	-6.03187e-19	6.18054e-19
22672.10000	-3.25970e-19	6.43231e-19
22674.30000	-8.37538e-20	6.54644e-19
22676.40000	-4.15861e-19	6.87989e-19
22678.60000	-4.41617e-19	7.14703e-19
22680.80000	1.11926e-21	7.66888e-19
22682.90000	-3.89505e-19	7.54752e-19
22685.10000	1.95347e-19	7.48389e-19
22687.30000	2.82201e-19	8.16852e-19
22689.50000	1.12124e-18	9.20901e-19
22691.60000	2.09753e-19	9.12600e-19
22693.80000	-4.88337e-19	8.27578e-19
22696.00000	6.93157e-19	7.18004e-19
22698.20000	5.50804e-19	6.79891e-19
22700.30000	-4.73416e-20	7.04703e-19
22702.50000	-7.62422e-19	7.43655e-19
22704.70000	8.31982e-19	7.25385e-19
22706.80000	1.37806e-18	7.01501e-19
22709.00000	6.40390e-20	6.52237e-19
22711.20000	2.50016e-19	6.70971e-19
22713.40000	3.99292e-19	6.81624e-19
22715.50000	1.24061e-19	7.07406e-19
22717.70000	3.53261e-20	6.93122e-19
22719.90000	-3.35810e-20	6.90548e-19
22722.00000	-5.03605e-19	6.66213e-19
22724.20000	-1.04735e-19	6.59578e-19
22726.40000	1.18933e-18	6.56294e-19
22728.60000	3.16380e-20	6.27877e-19
22730.70000	1.81428e-19	6.19759e-19
22732.90000	8.80133e-19	6.10871e-19
22735.10000	7.96244e-19	6.38035e-19
22737.20000	6.43764e-19	7.22574e-19
22739.40000	-1.61846e-18	9.00013e-19
22741.60000	8.45757e-19	1.05377e-18
22743.80000	-2.19094e-19	1.04918e-18
22745.90000	8.32428e-19	9.15781e-19
22748.10000	-2.14701e-19	7.73249e-19
22750.30000	3.91833e-19	7.18963e-19
22752.50000	3.40084e-20	7.31734e-19
22754.60000	6.18647e-19	7.32938e-19
22756.80000	-7.39747e-19	7.42174e-19
22759.00000	-2.40252e-19	7.36813e-19
22761.10000	1.80773e-18	6.93916e-19
22763.30000	7.83048e-20	6.86508e-19
22765.50000	-1.88543e-19	7.05249e-19
22767.70000	1.63030e-20	6.94346e-19
22769.80000	8.73686e-19	6.63869e-19
22772.00000	6.19203e-19	6.71614e-19
22774.20000	-1.06532e-18	6.62653e-19
22776.30000	-3.45648e-19	6.55078e-19
22778.50000	-2.06070e-19	7.15004e-19
22780.70000	6.60102e-19	6.37746e-19
22782.90000	2.77322e-19	6.33520e-19
22785.00000	2.59076e-19	6.25278e-19
22787.20000	6.50813e-19	6.29251e-19
22789.40000	1.08014e-18	6.28453e-19
22791.50000	1.55486e-18	6.23240e-19
22793.70000	-4.58127e-19	6.17123e-19
22795.90000	-6.36348e-19	6.25642e-19
22798.10000	3.27887e-19	6.59543e-19
22800.20000	-8.50702e-19	6.99911e-19
22802.40000	-6.15631e-20	7.08811e-19
22804.60000	8.44876e-19	7.16237e-19
22806.80000	-1.60582e-18	7.39940e-19
22808.90000	-1.60055e-19	7.14087e-19
22811.10000	-6.74997e-19	6.94959e-19
22813.30000	2.67474e-19	6.71715e-19
22815.40000	6.15555e-19	6.60317e-19
22817.60000	1.98832e-19	6.67910e-19
22819.80000	-9.44480e-19	7.09703e-19
22822.00000	-1.72177e-19	7.22006e-19
22824.10000	5.10206e-19	7.30302e-19
22826.30000	-1.23371e-20	7.72934e-19
22828.50000	1.01894e-18	7.73514e-19
22830.60000	3.29972e-19	7.94131e-19
22832.80000	1.31027e-18	7.51780e-19
22835.00000	-2.59938e-19	7.07454e-19
22837.20000	4.04355e-19	7.24245e-19
22839.30000	-6.30711e-20	8.15094e-19
22841.50000	-2.28778e-19	8.49374e-19
22843.70000	-1.87248e-19	6.77156e-19
22845.80000	4.73535e-19	6.55326e-19
22848.00000	-6.63273e-20	6.48147e-19
22850.20000	-5.17107e-19	6.55844e-19
22852.40000	4.88777e-19	7.00343e-19
22854.50000	4.77672e-19	6.68615e-19
22856.70000	1.84234e-20	6.65240e-19
22858.90000	-3.54913e-19	6.49908e-19
22861.00000	1.15635e-18	6.47212e-19
22863.20000	2.16906e-19	6.54466e-19
22865.40000	-2.52151e-19	6.69581e-19
22867.60000	2.15875e-20	6.72674e-19
22869.70000	-8.33131e-19	6.76014e-19
22871.90000	-1.08237e-18	6.66784e-19
22874.10000	-5.80364e-19	6.73479e-19
22876.30000	-1.00143e-18	6.83909e-19
22878.40000	-6.01609e-19	6.64719e-19
22880.60000	-7.98523e-19	6.79958e-19
22882.80000	-6.57976e-19	6.88165e-19
22884.90000	1.07665e-19	6.86086e-19
22887.10000	9.92991e-19	7.41550e-19
22889.30000	-5.13568e-19	7.16183e-19
22891.50000	1.46822e-19	7.71990e-19
22893.60000	-1.21365e-18	8.13418e-19
22895.80000	1.26172e-18	8.19739e-19
22898.00000	9.44577e-20	8.39694e-19
22900.10000	8.86151e-19	8.45001e-19
22902.30000	4.21485e-19	7.83493e-19
22904.50000	-9.69908e-19	7.42802e-19
22906.70000	-5.98814e-20	7.15265e-19
22908.80000	-4.06795e-19	7.21744e-19
22911.00000	4.24362e-19	7.26303e-19
22913.20000	-4.24517e-19	7.40105e-19
22915.30000	6.51709e-19	7.40454e-19
22917.50000	1.54504e-19	7.45172e-19
22919.70000	-1.05289e-18	7.45084e-19
22921.90000	1.46927e-20	7.60728e-19
22924.00000	6.28346e-19	7.67811e-19
22926.20000	1.11153e-18	8.04730e-19
22928.40000	-4.67669e-20	7.26926e-19
22930.60000	-7.55632e-19	7.22464e-19
22932.70000	6.39411e-19	7.33805e-19
22934.90000	2.50586e-19	7.33480e-19
22937.10000	-3.66294e-19	8.32043e-19
22939.20000	-9.69173e-19	9.22940e-19
22941.40000	1.44547e-18	9.14629e-19
22943.60000	3.27725e-19	8.55681e-19
22945.80000	-1.53187e-18	8.27170e-19
22947.90000	1.03328e-18	8.29595e-19
22950.10000	-6.25534e-20	8.63529e-19
22952.30000	5.32106e-20	8.44661e-19
22954.40000	-5.60264e-19	8.49261e-19
22956.60000	2.05787e-19	8.08396e-19
22958.80000	7.99256e-19	7.81058e-19
22961.00000	-5.24513e-19	7.51575e-19
22963.10000	-1.08736e-18	7.28749e-19
22965.30000	5.28942e-19	7.49715e-19
22967.50000	6.13981e-19	7.59064e-19
22969.60000	3.77494e-19	7.63693e-19
22971.80000	8.53749e-19	7.39734e-19
22974.00000	-6.73737e-20	7.70556e-19
22976.20000	1.32379e-18	9.23154e-19
22978.30000	6.06818e-19	9.66491e-19
22980.50000	1.71091e-18	8.98957e-19
22982.70000	2.30820e-18	9.55227e-19
22984.80000	-7.37412e-20	1.00597e-18
22987.00000	6.61745e-19	9.99277e-19
22989.20000	-3.86962e-19	9.56818e-19
22991.40000	3.75010e-19	8.78742e-19
22993.50000	-1.09069e-18	8.40339e-19
22995.70000	-6.42427e-19	8.31622e-19
22997.90000	-8.89390e-19	8.31714e-19
23000.10000	3.17331e-19	8.40586e-19
23002.20000	3.45156e-19	8.26596e-19
23004.40000	5.78278e-19	7.92527e-19
23006.60000	1.04199e-18	7.97604e-19
23008.70000	2.38577e-19	7.53592e-19
23010.90000	5.10643e-19	7.29116e-19
23013.10000	2.15660e-18	7.26144e-19
23015.30000	7.72685e-19	7.30132e-19
23017.40000	1.83742e-19	7.29431e-19
23019.60000	9.26042e-20	7.37639e-19
23021.80000	8.71935e-19	8.14828e-19
23023.90000	1.00955e-18	7.98904e-19
23026.10000	1.86948e-19	8.07389e-19
23028.30000	-4.74620e-19	8.31072e-19
23030.50000	1.04240e-18	8.09743e-19
23032.60000	8.58891e-19	8.25390e-19
23034.80000	-6.50787e-19	8.18243e-19
23037.00000	-3.48798e-19	8.21805e-19
23039.10000	-2.37135e-19	8.09046e-19
23041.30000	-1.84996e-19	8.19816e-19
23043.50000	-1.87621e-19	8.08881e-19
23045.70000	-3.68687e-19	8.04508e-19
23047.80000	8.41294e-19	7.82532e-19
23050.00000	-3.84102e-19	7.63173e-19
23052.20000	-6.19983e-20	7.48911e-19
23054.40000	9.69697e-20	7.58400e-19
23056.50000	-4.61154e-21	7.54295e-19
23058.70000	1.19152e-19	7.45466e-19
23060.90000	3.94693e-19	7.49079e-19
23063.00000	5.29989e-19	7.52890e-19
23065.20000	1.21504e-18	7.65038e-19
23067.40000	-1.65673e-19	7.77695e-19
23069.60000	-7.04715e-19	7.79570e-19
23071.70000	-7.80631e-19	8.55321e-19
23073.90000	7.69889e-19	7.86144e-19
23076.10000	2.82633e-19	8.05936e-19
23078.20000	5.17019e-19	7.90659e-19
23080.40000	-3.01142e-19	7.55326e-19
23082.60000	7.54431e-19	7.48615e-19
23084.80000	1.69953e-19	7.30619e-19
23086.90000	-1.12246e-18	7.47470e-19
23089.10000	7.26481e-19	7.74614e-19
23091.30000	2.95762e-19	7.77158e-19
23093.40000	-6.69112e-19	7.68855e-19
23095.60000	9.65363e-19	7.41790e-19
23097.80000	-2.70755e-20	7.20706e-19
23100.00000	-1.25273e-19	7.17748e-19
23102.10000	-2.00022e-19	7.33262e-19
23104.30000	1.88120e-20	7.44678e-19
23106.50000	2.19257e-19	7.26876e-19
23108.70000	-1.98622e-19	7.08847e-19
23110.80000	3.33306e-19	7.33398e-19
23113.00000	-2.39654e-19	7.40502e-19
23115.20000	-1.05960e-18	7.53765e-19
23117.30000	-1.44387e-18	7.54511e-19
23119.50000	-2.14195e-19	7.55029e-19
23121.70000	-2.04782e-19	7.29888e-19
23123.90000	5.77006e-20	7.27236e-19
23126.00000	-3.58396e-19	7.26286e-19
23128.20000	-4.86958e-19	7.32325e-19
23130.40000	-1.04820e-18	7.28891e-19
23132.50000	3.01113e-19	7.21154e-19
23134.70000	2.49309e-19	7.18267e-19
23136.90000	3.07113e-19	7.29072e-19
23139.10000	8.32071e-19	7.25715e-19
23141.20000	-2.57809e-19	7.38824e-19
23143.40000	-5.42930e-19	7.49258e-19
23145.60000	5.99071e-19	7.42830e-19
23147.70000	2.69396e-19	7.52346e-19
23149.90000	-5.31700e-20	7.69654e-19
23152.10000	-2.26684e-19	7.87409e-19
23154.30000	9.26182e-19	8.29951e-19
23156.40000	8.20626e-19	8.70877e-19
23158.60000	-6.99489e-19	9.42315e-19
23160.80000	-1.97651e-18	1.03179e-18
23162.90000	2.13078e-21	1.07857e-18
23165.10000	-4.67613e-19	1.15319e-18
23167.30000	-1.08934e-18	1.21504e-18
23169.50000	1.31304e-18	1.25641e-18
23171.60000	1.90757e-20	1.31938e-18
23173.80000	1.72126e-18	1.30555e-18
23176.00000	3.22097e-19	1.10496e-18
23178.20000	-5.25197e-19	1.07168e-18
23180.30000	1.28062e-18	1.03502e-18
23182.50000	2.48731e-19	9.59248e-19
23184.70000	7.80001e-19	9.55199e-19
23186.80000	4.15528e-19	9.77339e-19
23189.00000	-4.90553e-20	1.03722e-18
23191.20000	2.41794e-19	1.01268e-18
23193.40000	6.97759e-19	8.88082e-19
23195.50000	1.87607e-18	8.83506e-19
23197.70000	6.98479e-19	8.73553e-19
23199.90000	-4.58246e-21	8.52271e-19
23202.00000	5.62874e-19	8.57547e-19
23204.20000	1.55034e-19	8.58405e-19
23206.40000	4.69160e-19	9.21462e-19
23208.60000	2.14239e-19	9.34023e-19
23210.70000	-9.02530e-19	9.14256e-19
23212.90000	-7.78426e-19	8.58154e-19
23215.10000	4.17621e-19	8.97325e-19
23217.20000	2.95784e-19	1.08951e-18
23219.40000	5.75209e-19	1.16065e-18
23221.60000	-8.08586e-19	9.44076e-19
23223.80000	-9.25411e-19	8.41421e-19
23225.90000	-8.78818e-20	8.75948e-19
23228.10000	6.24187e-19	8.84359e-19
23230.30000	-1.14570e-18	8.67223e-19
23232.50000	8.30809e-19	8.67165e-19
23234.60000	1.93007e-18	8.75307e-19
23236.80000	1.84983e-18	8.51919e-19
23239.00000	-8.52316e-21	8.47885e-19
23241.10000	1.37592e-18	8.07185e-19
23243.30000	7.20596e-19	8.30280e-19
23245.50000	6.87626e-19	8.82984e-19
23247.70000	-1.55578e-19	9.01159e-19
23249.80000	4.65777e-19	9.28282e-19
23252.00000	-3.64344e-20	9.20445e-19
23254.20000	-1.53184e-18	1.00166e-18
23256.30000	-1.41921e-18	1.25312e-18
23258.50000	3.12561e-19	1.15434e-18
23260.70000	-5.52280e-19	8.08044e-19
23262.90000	-3.39300e-19	8.10202e-19
23265.00000	5.49074e-19	8.12291e-19
23267.20000	1.00880e-19	8.23200e-19
23269.40000	1.66763e-18	8.37757e-19
23271.50000	7.14098e-19	8.57410e-19
23273.70000	1.69581e-18	8.97365e-19
23275.90000	1.56618e-18	9.07483e-19
23278.10000	-4.20581e-19	8.61712e-19
23280.20000	4.67551e-19	8.66121e-19
23282.40000	-1.22665e-18	8.63728e-19
23284.60000	5.86878e-19	8.81060e-19
23286.80000	1.42124e-19	8.84811e-19
23288.90000	-2.59685e-19	8.73891e-19
23291.10000	1.77988e-18	8.64203e-19
23293.30000	-1.46877e-18	8.80976e-19
23295.40000	-7.75874e-19	9.90478e-19
23297.60000	7.94501e-19	9.81579e-19
23299.80000	-4.14847e-19	8.46034e-19
23302.00000	1.22452e-18	8.69513e-19
23304.10000	-6.14038e-19	8.72414e-19
23306.30000	6.60610e-19	8.83431e-19
23308.50000	1.03101e-19	8.86693e-19
23310.60000	-1.10269e-18	8.88707e-19
23312.80000	-1.09054e-18	9.09568e-19
23315.00000	3.70137e-19	9.11043e-19
23317.20000	6.86506e-19	9.25190e-19
23319.30000	5.78983e-19	9.11185e-19
23321.50000	4.86935e-19	8.84718e-19
23323.70000	-1.00632e-18	8.94205e-19
23325.80000	6.69235e-22	8.83158e-19
23328.00000	6.59337e-19	8.80196e-19
23330.20000	6.93861e-19	8.63462e-19
23332.40000	2.15914e-19	8.59550e-19
23334.50000	8.49440e-19	8.84348e-19
23336.70000	-8.82461e-19	9.00362e-19
23338.90000	-1.31616e-19	8.72381e-19
23341.00000	-6.31877e-19	8.96072e-19
23343.20000	-3.39321e-19	8.80749e-19
23345.40000	1.14125e-18	8.80052e-19
23347.60000	2.73851e-19	8.86489e-19
23349.70000	1.74223e-18	9.03159e-19
23351.90000	3.74022e-19	9.13805e-19
23354.10000	1.36049e-19	9.04982e-19
23356.30000	-8.06184e-20	8.79199e-19
23358.40000	8.95840e-19	8.84545e-19
23360.60000	-9.27760e-19	8.88652e-19
23362.80000	-9.49215e-20	9.29351e-19
23364.90000	-1.60438e-18	9.83586e-19
23367.10000	-9.01411e-19	8.72175e-19
23369.30000	2.72877e-19	8.70945e-19
23371.50000	7.39269e-19	8.87000e-19
23373.60000	6.07440e-19	9.21548e-19
23375.80000	-1.21225e-19	9.50962e-19
23378.00000	-1.47793e-20	9.64538e-19
23380.10000	6.18413e-19	9.96486e-19
23382.30000	-9.05159e-20	1.06514e-18
23384.50000	2.16082e-19	9.91628e-19
23386.70000	1.14260e-19	9.61857e-19
23388.80000	-1.37790e-18	9.63237e-19
23391.00000	3.16613e-19	9.81641e-19
23393.20000	-8.48997e-19	1.01379e-18
23395.30000	-7.33302e-19	1.03575e-18
23397.50000	-3.07970e-19	1.03696e-18
23399.70000	4.41499e-19	1.07437e-18
23401.90000	-1.33685e-19	1.08272e-18
23404.00000	-5.72234e-19	1.03868e-18
23406.20000	8.20561e-19	1.02719e-18
23408.40000	-7.03074e-19	9.75268e-19
23410.60000	-9.42642e-19	9.52874e-19
23412.70000	-7.51679e-19	9.52888e-19
23414.90000	-1.49636e-18	9.81787e-19
23417.10000	-1.26639e-18	8.88724e-19
23419.20000	-6.84654e-19	9.13464e-19
23421.40000	4.83871e-19	9.10554e-19
23423.60000	1.01525e-18	9.21813e-19
23425.80000	1.10515e-18	9.23397e-19
23427.90000	8.00515e-19	9.37138e-19
23430.10000	-8.47575e-19	9.51578e-19
23432.30000	8.47667e-19	9.31086e-19
23434.40000	1.09934e-18	9.32797e-19
23436.60000	1.11255e-19	9.21018e-19
23438.80000	9.33468e-19	9.31280e-19
23441.00000	-8.11569e-19	9.37740e-19
23443.10000	6.55472e-19	9.24206e-19
23445.30000	7.35091e-19	9.84622e-19
23447.50000	-3.33168e-19	1.02353e-18
23449.60000	-6.50242e-19	9.95897e-19
23451.80000	2.15460e-18	9.59999e-19
23454.00000	1.08632e-18	9.22361e-19
23456.20000	1.01894e-18	9.30604e-19
23458.30000	-1.54123e-18	9.13108e-19
23460.50000	-9.24377e-19	9.08542e-19
23462.70000	-1.01288e-18	9.19308e-19
23464.80000	6.31484e-20	9.44297e-19
23467.00000	-1.68428e-18	9.75580e-19
23469.20000	-1.32541e-20	9.79569e-19
23471.40000	-1.58310e-18	9.85279e-19
23473.50000	-2.13360e-19	9.99143e-19
23475.70000	1.76068e-18	1.01833e-18
23477.90000	5.44991e-19	1.01779e-18
23480.10000	3.30905e-19	1.03413e-18
23482.20000	1.88765e-20	1.02531e-18
23484.40000	1.44485e-19	9.69690e-19
23486.60000	1.28488e-18	9.36373e-19
23488.70000	5.95251e-19	9.10607e-19
23490.90000	-1.17221e-18	9.20801e-19
23493.10000	1.83517e-18	9.64760e-19
23495.30000	1.02316e-18	1.04488e-18
23497.40000	1.54688e-18	1.10100e-18
23499.60000	2.06126e-18	1.02951e-18
23501.80000	5.08531e-19	1.04954e-18
23503.90000	2.41887e-19	1.09848e-18
23506.10000	-1.49350e-18	1.06853e-18
23508.30000	-6.45281e-19	1.03417e-18
23510.50000	-2.72373e-19	1.01187e-18
23512.60000	1.39886e-19	9.55708e-19
23514.80000	1.31265e-19	9.63745e-19
23517.00000	-1.02986e-18	9.78324e-19
23519.10000	1.73418e-18	9.89354e-19
23521.30000	2.01123e-18	9.74257e-19
23523.50000	-3.30369e-19	1.02227e-18
23525.70000	1.96665e-18	1.03483e-18
23527.80000	-7.78505e-19	1.01614e-18
23530.00000	4.57957e-19	1.02990e-18
23532.20000	-5.55248e-20	1.04470e-18
23534.40000	-8.12642e-19	1.03194e-18
23536.50000	2.30994e-18	1.07264e-18
23538.70000	1.50439e-18	9.91694e-19
23540.90000	1.76825e-18	9.54258e-19
23543.00000	-3.51768e-20	1.08361e-18
23545.20000	1.22229e-18	8.97425e-19
23547.40000	-1.13162e-18	9.10448e-19
23549.60000	4.05436e-19	9.72807e-19
23551.70000	-2.44698e-21	1.00563e-18
23553.90000	-1.55792e-19	1.03370e-18
23556.10000	2.37530e-19	1.10500e-18
23558.20000	-1.15455e-18	1.05703e-18
23560.40000	2.66522e-19	1.03290e-18
23562.60000	1.45039e-18	9.81781e-19
23564.80000	3.71466e-19	9.25643e-19
23566.90000	2.23279e-19	8.83241e-19
23569.10000	1.41669e-18	8.82687e-19
23571.30000	-5.07086e-20	9.12526e-19
23573.40000	1.62123e-18	9.35831e-19
23575.60000	4.68751e-18	9.64533e-19
23577.80000	4.99485e-18	1.02385e-18
23580.00000	6.52910e-18	1.07172e-18
23582.10000	6.56170e-18	1.11170e-18
23584.30000	6.55403e-18	1.12811e-18
23586.50000	5.68453e-18	1.11508e-18
23588.70000	5.10116e-18	1.09763e-18
23590.80000	3.98123e-18	9.89803e-19
23593.00000	3.39123e-18	9.07737e-19
23595.20000	1.95920e-18	8.54681e-19
23597.30000	2.88578e-18	8.57107e-19
23599.50000	9.46096e-19	8.27664e-19
23601.70000	1.21964e-18	8.98215e-19
23603.90000	1.96405e-18	8.80234e-19
23606.00000	1.95999e-18	9.27547e-19
23608.20000	1.15725e-18	1.06007e-18
23610.40000	2.93044e-19	9.28442e-19
23612.50000	6.77300e-19	9.27457e-19
23614.70000	1.90044e-20	1.04515e-18
23616.90000	1.04854e-18	9.72598e-19
23619.10000	-1.59812e-18	9.43855e-19
23621.20000	-1.13218e-18	9.16331e-19
23623.40000	-4.02132e-19	8.93732e-19
23625.60000	4.80223e-19	8.70729e-19
23627.70000	6.78473e-19	8.87171e-19
23629.90000	3.56911e-19	9.16111e-19
23632.10000	-3.71400e-19	9.29815e-19
23634.30000	-1.13788e-18	9.33966e-19
23636.40000	-1.62447e-18	9.60070e-19
23638.60000	-1.28587e-18	9.98788e-19
23640.80000	1.08425e-18	9.70028e-19
23642.90000	-1.39355e-18	9.65050e-19
23645.10000	1.81350e-20	9.42543e-19
23647.30000	-9.64441e-19	9.24955e-19
23649.50000	8.84561e-20	8.94423e-19
23651.60000	7.41397e-19	8.72969e-19
23653.80000	-4.69080e-19	8.89510e-19
23656.00000	-9.15483e-19	8.88073e-19
23658.20000	2.20155e-20	9.01912e-19
23660.30000	5.34667e-19	1.33939e-18
23662.50000	4.80271e-19	9.78527e-19
23664.70000	5.82613e-19	1.03816e-18
23666.80000	4.49553e-19	1.47340e-18
23669.00000	6.92950e-19	1.11115e-18
23671.20000	-7.17958e-19	1.14850e-18
23673.40000	-3.40882e-20	1.26830e-18
23675.50000	-1.51640e-18	1.18724e-18
23677.70000	-1.40880e-18	1.09123e-18
23679.90000	-2.33903e-18	1.05015e-18
23682.00000	1.83506e-19	1.02321e-18
23684.20000	-4.97994e-19	9.73210e-19
23686.40000	2.54416e-18	9.92148e-19
23688.60000	1.11069e-18	1.05035e-18
23690.70000	6.49961e-19	1.12267e-18
23692.90000	1.52875e-18	1.16193e-18
23695.10000	1.27939e-18	1.27306e-18
23697.20000	1.72642e-18	1.43199e-18
23699.40000	-9.28412e-19	1.69451e-18
23701.60000	7.81803e-19	1.78390e-18
23703.80000	3.04966e-20	1.94964e-18
23705.90000	-4.86938e-19	1.93356e-18
23708.10000	2.00501e-18	1.81211e-18
23710.30000	3.78875e-18	1.77490e-18
23712.50000	-2.84817e-18	1.60199e-18
23714.60000	-4.14330e-18	1.60967e-18
23716.80000	-1.39528e-18	1.47054e-18
23719.00000	4.28589e-18	1.39209e-18
23721.10000	1.55988e-18	1.24072e-18
23723.30000	5.01782e-19	1.18901e-18
23725.50000	-1.47047e-18	1.15133e-18
23727.70000	-1.38138e-18	1.14771e-18
23729.80000	-1.96337e-18	1.12664e-18
23732.00000	-4.32264e-19	1.05679e-18
23734.20000	9.71739e-19	1.04797e-18
23736.30000	9.69548e-19	1.04659e-18
23738.50000	-1.95761e-19	1.02772e-18
23740.70000	-2.22186e-20	1.00427e-18
23742.90000	-1.13865e-18	9.92457e-19
23745.00000	-3.82016e-19	1.03602e-18
23747.20000	1.23462e-18	1.04362e-18
23749.40000	4.95532e-19	1.05818e-18
23751.50000	-5.61490e-19	1.04035e-18
23753.70000	4.65458e-20	1.02282e-18
23755.90000	-5.59869e-19	1.03131e-18
23758.10000	2.74450e-19	1.04777e-18
23760.20000	1.61751e-19	1.11431e-18
23762.40000	1.04615e-18	1.29623e-18
23764.60000	7.23737e-19	1.25642e-18
23766.80000	-8.21784e-19	1.20956e-18
23768.90000	9.44060e-19	1.20462e-18
23771.10000	-1.15720e-18	1.11452e-18
23773.30000	6.65380e-19	1.06568e-18
23775.40000	-1.23191e-18	1.07563e-18
23777.60000	-1.13642e-18	1.10576e-18
23779.80000	1.24155e-18	1.16800e-18
23782.00000	2.68712e-19	1.24577e-18
23784.10000	-6.84530e-19	1.20347e-18
23786.30000	-1.46353e-18	1.07746e-18
23788.50000	3.67272e-19	1.03335e-18
23790.60000	-9.36605e-19	1.04941e-18
23792.80000	-8.73133e-20	1.08920e-18
23795.00000	-1.72616e-18	1.23093e-18
23797.20000	-6.68576e-19	1.20238e-18
23799.30000	-3.49697e-19	1.15115e-18
23801.50000	-7.59353e-19	1.12272e-18
23803.70000	1.29395e-18	1.12822e-18
