#macsj1149_mos_1.J.5421.fc.1d.esc.slc.txt
#Applied Total SLC: 1.0550375733638833
#Wavelength in (A) | Flux (erg/sec/cm2/A)| Flux Error
11530.00000	2.45932e-18	1.42040e-18
11531.30000	-1.36310e-18	1.13237e-18
11532.60000	-7.84311e-19	1.13731e-18
11533.90000	-7.53664e-19	1.20762e-18
11535.20000	1.11464e-18	1.73094e-18
11536.50000	-4.49462e-18	4.96274e-18
11537.80000	1.51247e-18	1.01846e-17
11539.10000	2.40868e-18	1.05140e-17
11540.40000	-1.87613e-17	6.87615e-18
11541.70000	-2.37521e-18	3.03950e-18
11543.00000	-3.35341e-18	1.33786e-18
11544.30000	-1.07102e-18	1.07182e-18
11545.60000	-1.56843e-18	1.02979e-18
11546.90000	-2.76213e-18	9.94893e-19
11548.20000	-1.61700e-18	9.65857e-19
11549.50000	-5.29476e-19	9.71395e-19
11550.90000	7.28982e-19	1.11712e-18
11552.20000	1.53373e-18	9.97047e-19
11553.50000	1.31594e-18	1.01744e-18
11554.80000	5.56556e-19	1.05283e-18
11556.10000	4.41412e-19	1.01291e-18
11557.40000	1.87161e-18	1.01674e-18
11558.70000	-9.14612e-19	9.97420e-19
11560.00000	-1.48978e-18	9.72218e-19
11561.30000	5.63793e-19	1.04762e-18
11562.60000	-2.26544e-18	1.89590e-18
11563.90000	-5.30794e-18	4.46575e-18
11565.20000	-9.94065e-20	4.82318e-18
11566.50000	2.66972e-18	3.74881e-18
11567.80000	-1.71876e-18	2.20238e-18
11569.10000	-7.02716e-20	1.28273e-18
11570.40000	2.19715e-18	1.00809e-18
11571.70000	1.12364e-18	9.15020e-19
11573.00000	1.01881e-18	9.36533e-19
11574.30000	4.77875e-19	1.10931e-18
11575.60000	1.18957e-18	1.31072e-18
11576.90000	2.21995e-18	1.38030e-18
11578.20000	1.82303e-18	1.26208e-18
11579.50000	1.80110e-18	1.04880e-18
11580.80000	-7.14651e-19	9.26316e-19
11582.10000	-3.02892e-19	8.32053e-19
11583.40000	2.36582e-19	8.03374e-19
11584.70000	5.21308e-19	8.00127e-19
11586.00000	6.24248e-19	8.68867e-19
11587.30000	8.02148e-19	1.10533e-18
11588.60000	-1.18156e-18	2.23651e-18
11589.90000	-5.10419e-18	5.68122e-18
11591.20000	-4.79048e-18	7.59575e-18
11592.60000	-7.88110e-18	6.99465e-18
11593.90000	-4.97923e-18	4.13982e-18
11595.20000	-1.33163e-18	1.62839e-18
11596.50000	-6.96986e-19	9.04938e-19
11597.80000	7.43846e-19	8.30783e-19
11599.10000	-2.55517e-19	7.98520e-19
11600.40000	-7.65993e-19	8.89644e-19
11601.70000	6.97291e-19	8.15887e-19
11603.00000	-1.50563e-18	8.37516e-19
11604.30000	-3.94020e-19	8.52420e-19
11605.60000	-7.24883e-19	8.49596e-19
11606.90000	-7.89194e-20	8.51359e-19
11608.20000	-8.73684e-19	1.00421e-18
11609.50000	1.35775e-19	1.12776e-18
11610.80000	6.13131e-19	1.10327e-18
11612.10000	2.79694e-19	8.91134e-19
11613.40000	3.83160e-19	7.41967e-19
11614.70000	-3.92317e-19	7.08289e-19
11616.00000	-5.91036e-19	7.26930e-19
11617.30000	4.31883e-19	7.78480e-19
11618.60000	2.43099e-19	7.93920e-19
11619.90000	8.34886e-19	8.01910e-19
11621.20000	-4.88022e-19	7.93483e-19
11622.50000	-2.05934e-19	7.87197e-19
11623.80000	-7.21759e-19	8.77298e-19
11625.10000	-3.48629e-19	1.55309e-18
11626.40000	-1.29335e-18	3.25039e-18
11627.70000	-1.04513e-18	3.88043e-18
11629.00000	-1.55260e-18	3.17497e-18
11630.30000	-2.94614e-18	1.74429e-18
11631.60000	-3.39546e-19	8.73037e-19
11633.00000	1.49860e-18	7.59840e-19
11634.30000	1.62782e-19	7.89530e-19
11635.60000	-2.19803e-18	8.20544e-19
11636.90000	-8.65842e-19	8.63099e-19
11638.20000	2.40932e-20	8.90983e-19
11639.50000	-2.69961e-19	8.78366e-19
11640.80000	-2.62863e-19	8.71629e-19
11642.10000	8.02440e-19	8.35578e-19
11643.40000	-5.97939e-19	7.87202e-19
11644.70000	-4.11264e-19	7.29153e-19
11646.00000	-7.53941e-19	7.85869e-19
11647.30000	1.05152e-18	1.20619e-18
11648.60000	1.87379e-18	3.15469e-18
11649.90000	4.18476e-18	5.45744e-18
11651.20000	-1.23178e-18	5.73291e-18
11652.50000	-1.59601e-18	3.93737e-18
11653.80000	-1.84401e-18	1.68209e-18
11655.10000	-2.49325e-19	8.77948e-19
11656.40000	5.20748e-19	7.38340e-19
11657.70000	6.47954e-19	7.12196e-19
11659.00000	-4.87913e-19	7.08299e-19
11660.30000	3.67754e-19	6.37731e-19
11661.60000	-6.97254e-19	6.25919e-19
11662.90000	-1.12531e-18	6.22549e-19
11664.20000	-5.89229e-19	6.21855e-19
11665.50000	-1.87625e-20	6.27462e-19
11666.80000	-7.55338e-19	6.45067e-19
11668.10000	7.85127e-19	6.53307e-19
11669.40000	8.20299e-19	6.87297e-19
11670.70000	1.10223e-18	7.72022e-19
11672.00000	1.54864e-19	8.53396e-19
11673.30000	-5.70560e-19	8.58455e-19
11674.70000	-1.40668e-18	7.85082e-19
11676.00000	-5.24150e-19	7.39130e-19
11677.30000	8.50662e-19	7.91320e-19
11678.60000	8.33331e-19	8.77744e-19
11679.90000	3.66520e-19	9.78644e-19
11681.20000	1.45667e-18	1.08493e-18
11682.50000	1.24213e-18	1.16021e-18
11683.80000	8.32532e-19	1.17878e-18
11685.10000	-3.82653e-19	9.54652e-19
11686.40000	-5.89264e-19	6.89719e-19
11687.70000	-9.91940e-19	6.32634e-19
11689.00000	-4.70684e-19	6.38718e-19
11690.30000	-9.92984e-19	6.56117e-19
11691.60000	-9.35556e-19	7.12589e-19
11692.90000	-8.64629e-19	8.95027e-19
11694.20000	-1.37788e-18	1.76106e-18
11695.50000	-2.00315e-19	2.80655e-18
11696.80000	5.14083e-19	2.96245e-18
11698.10000	-2.22272e-19	2.09142e-18
11699.40000	9.26547e-19	1.13419e-18
11700.70000	3.63715e-19	6.54013e-19
11702.00000	-9.45158e-19	6.08591e-19
11703.30000	1.16267e-19	6.06076e-19
11704.60000	6.83959e-19	6.09554e-19
11705.90000	4.45699e-19	6.17711e-19
11707.20000	-1.49927e-18	6.04087e-19
11708.50000	-9.38508e-20	6.16834e-19
11709.80000	1.56054e-19	6.07091e-19
11711.10000	-7.51339e-19	6.85731e-19
11712.40000	-1.30799e-19	1.02423e-18
11713.70000	-4.53027e-20	2.28320e-18
11715.00000	-4.21265e-19	3.72215e-18
11716.40000	2.98202e-18	4.04249e-18
11717.70000	-4.63774e-19	3.14965e-18
11719.00000	4.40774e-19	1.70696e-18
11720.30000	2.83095e-19	8.66742e-19
11721.60000	1.84834e-18	6.37197e-19
11722.90000	-2.66152e-19	6.41753e-19
11724.20000	-3.78098e-19	6.33544e-19
11725.50000	1.70264e-18	6.43169e-19
11726.80000	8.74874e-20	6.51624e-19
11728.10000	5.41222e-19	7.05270e-19
11729.40000	6.51178e-19	6.63629e-19
11730.70000	-1.20193e-18	6.48177e-19
11732.00000	3.19899e-20	6.23575e-19
11733.30000	1.76005e-18	6.09595e-19
11734.60000	-1.52018e-18	6.03910e-19
11735.90000	-6.36586e-19	6.00289e-19
11737.20000	1.71284e-19	6.10359e-19
11738.50000	1.04377e-18	6.17524e-19
11739.80000	2.07904e-18	6.31762e-19
11741.10000	8.78001e-19	6.29344e-19
11742.40000	-8.20400e-19	6.65158e-19
11743.70000	-2.22789e-19	6.58034e-19
11745.00000	3.00174e-19	6.21532e-19
11746.30000	-1.13406e-20	6.51432e-19
11747.60000	-6.57153e-19	6.11255e-19
11748.90000	-1.13146e-18	6.21365e-19
11750.20000	2.90741e-19	6.30295e-19
11751.50000	-2.18615e-19	6.35330e-19
11752.80000	-1.54382e-18	6.29248e-19
11754.10000	-3.21822e-19	6.33347e-19
11755.40000	4.54940e-19	8.06834e-19
11756.80000	-3.84497e-19	8.27641e-19
11758.10000	8.65005e-19	8.04816e-19
11759.40000	2.36450e-19	6.72553e-19
11760.70000	1.36872e-18	5.76315e-19
11762.00000	-9.82426e-20	5.46189e-19
11763.30000	-4.83175e-19	5.48897e-19
11764.60000	-6.02113e-19	5.53265e-19
11765.90000	-9.44338e-19	5.81854e-19
11767.20000	-1.35460e-18	6.68241e-19
11768.50000	-2.37537e-19	1.21358e-18
11769.80000	-3.45738e-19	1.86814e-18
11771.10000	3.50912e-19	2.02486e-18
11772.40000	7.63924e-19	1.56139e-18
11773.70000	1.16561e-18	1.04947e-18
11775.00000	-6.84465e-19	8.70740e-19
11776.30000	4.56787e-20	6.98368e-19
11777.60000	3.73790e-19	6.45410e-19
11778.90000	-2.02607e-18	6.62007e-19
11780.20000	5.32139e-19	6.95699e-19
11781.50000	6.11742e-19	7.81356e-19
11782.80000	-1.23512e-19	8.65776e-19
11784.10000	9.87620e-20	9.56951e-19
11785.40000	9.72624e-19	1.42201e-18
11786.70000	1.69049e-18	2.49092e-18
11788.00000	-4.76981e-19	2.60706e-18
11789.30000	4.98144e-19	2.13615e-18
11790.60000	-2.55326e-19	1.33768e-18
11791.90000	3.92639e-19	8.63743e-19
11793.20000	5.41345e-20	7.15534e-19
11794.50000	1.28909e-18	6.25844e-19
11795.80000	1.09187e-18	5.96500e-19
11797.10000	6.48696e-20	5.87558e-19
11798.50000	-4.40402e-19	5.67892e-19
11799.80000	-4.36501e-19	5.55217e-19
11801.10000	-2.71031e-19	5.48532e-19
11802.40000	-9.10498e-19	5.92368e-19
11803.70000	-2.87555e-21	6.55750e-19
11805.00000	-8.35117e-20	7.47241e-19
11806.30000	9.58253e-21	7.22173e-19
11807.60000	1.82902e-19	7.44624e-19
11808.90000	7.88181e-19	7.03726e-19
11810.20000	1.21020e-18	7.04191e-19
11811.50000	7.48044e-19	6.53952e-19
11812.80000	2.37368e-19	7.57238e-19
11814.10000	-2.88071e-19	8.15347e-19
11815.40000	-1.35060e-18	7.79240e-19
11816.70000	5.09339e-19	7.64976e-19
11818.00000	1.05194e-18	6.14780e-19
11819.30000	1.84603e-19	5.95963e-19
11820.60000	-7.61327e-19	5.93737e-19
11821.90000	3.33210e-19	5.71247e-19
11823.20000	7.16050e-19	5.61284e-19
11824.50000	-9.20368e-19	5.57289e-19
11825.80000	-3.14992e-19	5.52825e-19
11827.10000	-9.20337e-19	5.43491e-19
11828.40000	1.05864e-18	5.33114e-19
11829.70000	2.55742e-19	5.28864e-19
11831.00000	-1.54628e-19	5.85028e-19
11832.30000	-7.27594e-19	6.61639e-19
11833.60000	8.43400e-19	6.02662e-19
11834.90000	8.16730e-19	5.65560e-19
11836.20000	6.59311e-19	5.78475e-19
11837.50000	2.49507e-19	6.03105e-19
11838.90000	3.46917e-19	6.01849e-19
11840.20000	-2.45932e-19	5.69550e-19
11841.50000	-8.34366e-19	5.84544e-19
11842.80000	1.70599e-20	5.80329e-19
11844.10000	3.30098e-19	5.55255e-19
11845.40000	-4.18726e-19	5.53605e-19
11846.70000	7.23941e-20	5.68471e-19
11848.00000	-1.56919e-19	6.43940e-19
11849.30000	2.42009e-19	9.62210e-19
11850.60000	1.27112e-18	1.34552e-18
11851.90000	2.73600e-18	1.32793e-18
11853.20000	-2.21563e-19	9.99371e-19
11854.50000	-5.06148e-19	6.82064e-19
11855.80000	-3.23970e-19	5.71911e-19
11857.10000	-2.90017e-19	5.72265e-19
11858.40000	-1.09728e-19	5.80086e-19
11859.70000	7.41376e-19	5.66261e-19
11861.00000	8.86241e-19	5.57141e-19
11862.30000	-9.56944e-19	6.08801e-19
11863.60000	-5.75352e-19	8.80471e-19
11864.90000	-3.32141e-20	1.37544e-18
11866.20000	-1.00929e-18	1.67198e-18
11867.50000	-1.13381e-18	1.79011e-18
11868.80000	-3.39614e-19	1.15934e-18
11870.10000	-1.79999e-19	8.19723e-19
11871.40000	-3.83854e-19	7.42417e-19
11872.70000	-3.53255e-19	6.68643e-19
11874.00000	7.87963e-20	5.88116e-19
11875.30000	5.57787e-19	6.00081e-19
11876.60000	-5.23813e-19	6.15974e-19
11877.90000	-9.48221e-19	6.76175e-19
11879.20000	-1.15882e-18	5.94203e-19
11880.60000	-2.40254e-19	5.78298e-19
11881.90000	-2.41892e-19	5.74164e-19
11883.20000	1.10702e-18	5.69766e-19
11884.50000	1.09668e-18	6.01655e-19
11885.80000	1.46750e-18	6.67174e-19
11887.10000	1.08258e-18	7.19703e-19
11888.40000	6.03334e-19	7.06310e-19
11889.70000	1.21090e-18	6.24110e-19
11891.00000	8.76738e-19	5.89825e-19
11892.30000	1.05637e-18	5.68741e-19
11893.60000	9.31530e-19	5.62272e-19
11894.90000	6.76718e-19	5.61310e-19
11896.20000	1.99329e-18	5.50966e-19
11897.50000	8.15696e-19	5.67105e-19
11898.80000	1.57198e-18	6.38596e-19
11900.10000	1.10173e-18	7.21507e-19
11901.40000	2.18141e-19	7.51762e-19
11902.70000	1.62971e-19	7.02985e-19
11904.00000	-1.29317e-19	6.78459e-19
11905.30000	-2.67223e-19	7.14573e-19
11906.60000	-2.82953e-19	7.48202e-19
11907.90000	7.79175e-20	7.43201e-19
11909.20000	-4.34495e-20	7.35342e-19
11910.50000	-7.97452e-19	7.50986e-19
11911.80000	2.05209e-19	6.81403e-19
11913.10000	3.37619e-19	6.34436e-19
11914.40000	-6.79510e-19	7.07556e-19
11915.70000	-4.77422e-19	7.52341e-19
11917.00000	5.68710e-19	6.88240e-19
11918.30000	1.58075e-18	6.05023e-19
11919.60000	3.71710e-19	5.95092e-19
11921.00000	-5.12039e-19	5.79760e-19
11922.30000	7.89807e-19	5.41071e-19
11923.60000	6.73462e-19	5.22947e-19
11924.90000	8.83309e-19	4.92540e-19
11926.20000	1.44282e-18	5.11406e-19
11927.50000	5.66477e-19	4.99428e-19
11928.80000	-5.15043e-19	5.03933e-19
11930.10000	6.46960e-19	5.07819e-19
11931.40000	5.28755e-19	5.41158e-19
11932.70000	9.02689e-19	6.38709e-19
11934.00000	-2.56667e-19	6.95055e-19
11935.30000	1.28216e-19	7.43462e-19
11936.60000	1.12591e-18	8.81321e-19
11937.90000	6.95433e-19	1.00235e-18
11939.20000	1.18018e-18	9.21642e-19
11940.50000	4.84850e-19	7.03230e-19
11941.80000	1.35008e-19	5.56576e-19
11943.10000	-3.57821e-19	5.23386e-19
11944.40000	-3.71312e-19	5.23910e-19
11945.70000	1.04940e-18	5.27489e-19
11947.00000	1.55661e-18	5.15508e-19
11948.30000	6.63391e-19	6.08322e-19
11949.60000	-8.04203e-19	9.63115e-19
11950.90000	-4.19668e-20	1.11814e-18
11952.20000	7.11748e-19	1.12932e-18
11953.50000	-6.29442e-19	8.67592e-19
11954.80000	-4.14136e-19	6.22741e-19
11956.10000	5.40947e-19	5.23113e-19
11957.40000	-1.53000e-19	5.14646e-19
11958.70000	3.27451e-19	5.17880e-19
11960.00000	3.60527e-19	5.85008e-19
11961.30000	-2.19345e-20	5.24199e-19
11962.70000	-5.00995e-19	6.12585e-19
11964.00000	-4.20864e-19	6.36513e-19
11965.30000	-4.90359e-19	7.24749e-19
11966.60000	2.94182e-19	1.24696e-18
11967.90000	-1.56537e-18	1.75391e-18
11969.20000	-1.01539e-18	1.81669e-18
11970.50000	9.52332e-19	1.56901e-18
11971.80000	5.87520e-19	1.55478e-18
11973.10000	-9.87532e-19	1.85983e-18
11974.40000	-1.43354e-18	2.26275e-18
11975.70000	-1.25544e-18	2.23780e-18
11977.00000	-7.17762e-19	1.72187e-18
11978.30000	-1.96301e-19	1.01740e-18
11979.60000	1.21226e-18	7.60073e-19
11980.90000	2.99442e-19	9.74203e-19
11982.20000	7.59640e-19	1.60207e-18
11983.50000	-7.41360e-19	2.15922e-18
11984.80000	8.06378e-19	1.72577e-18
11986.10000	1.01915e-18	1.97289e-18
11987.40000	3.57567e-19	2.92623e-18
11988.70000	-8.89187e-19	3.21271e-18
11990.00000	2.47445e-18	2.78418e-18
11991.30000	3.08033e-18	1.20552e-18
11992.60000	8.62438e-19	6.30903e-19
11993.90000	9.36424e-20	5.59418e-19
11995.20000	-1.64424e-19	5.47857e-19
11996.50000	-2.43296e-19	6.41438e-19
11997.80000	8.60813e-19	1.13887e-18
11999.10000	7.44392e-19	1.97196e-18
12000.40000	1.63201e-19	2.20099e-18
12001.70000	-7.08618e-20	1.81156e-18
12003.10000	-5.99669e-19	1.37405e-18
12004.40000	-4.69780e-19	1.75556e-18
12005.70000	1.61880e-18	3.29178e-18
12007.00000	-3.96552e-18	4.02494e-18
12008.30000	-4.28907e-18	3.27869e-18
12009.60000	-9.03063e-19	1.50946e-18
12010.90000	2.72220e-19	6.86742e-19
12012.20000	9.21308e-19	5.89647e-19
12013.50000	1.16695e-18	6.25522e-19
12014.80000	1.00756e-18	6.42942e-19
12016.10000	8.83250e-20	5.99605e-19
12017.40000	2.17013e-19	5.42531e-19
12018.70000	1.41889e-18	5.37629e-19
12020.00000	9.58168e-19	5.90311e-19
12021.30000	1.32127e-18	8.96382e-19
12022.60000	1.00261e-18	1.94192e-18
12023.90000	4.11599e-19	2.59446e-18
12025.20000	1.99481e-19	2.46947e-18
12026.50000	1.25104e-18	1.76088e-18
12027.80000	-1.11337e-18	1.80792e-18
12029.10000	-2.01952e-18	3.12918e-18
12030.40000	-3.35387e-19	4.30740e-18
12031.70000	9.66156e-20	3.90677e-18
12033.00000	1.69675e-18	2.19961e-18
12034.30000	1.08241e-18	9.94399e-19
12035.60000	-1.03554e-18	6.98994e-19
12036.90000	-1.39729e-20	6.06575e-19
12038.20000	6.18704e-19	6.18374e-19
12039.50000	3.89788e-19	5.93192e-19
12040.80000	-2.73119e-19	6.87066e-19
12042.10000	-3.06762e-19	8.41733e-19
12043.40000	7.19426e-19	9.34525e-19
12044.80000	3.24157e-19	8.60182e-19
12046.10000	9.41901e-19	6.89000e-19
12047.40000	3.30864e-19	5.67410e-19
12048.70000	-2.73956e-19	5.55244e-19
12050.00000	-1.68163e-19	5.55298e-19
12051.30000	-1.93335e-19	6.20610e-19
12052.60000	-6.98647e-19	8.11867e-19
12053.90000	-7.30845e-19	1.57836e-18
12055.20000	1.46808e-18	2.37678e-18
12056.50000	6.36703e-20	2.39181e-18
12057.80000	-4.70524e-19	1.66710e-18
12059.10000	-3.04983e-19	1.03743e-18
12060.40000	-9.74630e-20	7.59724e-19
12061.70000	4.10807e-19	6.32558e-19
12063.00000	4.13556e-19	6.00794e-19
12064.30000	1.11382e-20	6.12355e-19
12065.60000	-1.64585e-19	6.27244e-19
12066.90000	8.63840e-19	6.20702e-19
12068.20000	-2.03170e-20	5.71840e-19
12069.50000	1.53785e-19	5.35031e-19
12070.80000	-1.66829e-20	5.37725e-19
12072.10000	-2.15238e-19	5.34690e-19
12073.40000	3.13430e-19	5.10746e-19
12074.70000	1.24644e-19	4.95082e-19
12076.00000	3.65209e-20	4.97817e-19
12077.30000	4.66235e-19	4.96600e-19
12078.60000	5.77381e-19	5.02940e-19
12079.90000	6.21423e-19	5.23308e-19
12081.20000	5.07920e-19	5.48479e-19
12082.50000	3.13761e-19	5.55560e-19
12083.80000	8.41241e-19	5.45333e-19
12085.20000	8.16644e-19	5.23863e-19
12086.50000	2.85619e-19	4.88629e-19
12087.80000	-2.53047e-19	5.11655e-19
12089.10000	-3.13539e-19	5.37982e-19
12090.40000	2.36395e-19	5.43284e-19
12091.70000	-6.93607e-19	5.68378e-19
12093.00000	-2.19574e-19	5.50221e-19
12094.30000	-7.73407e-19	6.00750e-19
12095.60000	-7.76001e-19	7.29884e-19
12096.90000	1.89764e-20	7.90560e-19
12098.20000	-9.90061e-20	7.40893e-19
12099.50000	-1.03510e-18	6.21840e-19
12100.80000	-6.91054e-19	5.43028e-19
12102.10000	5.52115e-19	5.17848e-19
12103.40000	1.90987e-19	5.14892e-19
12104.70000	5.44236e-19	5.02486e-19
12106.00000	1.04497e-19	5.15304e-19
12107.30000	6.59545e-20	4.67182e-19
12108.60000	-5.52530e-19	4.92449e-19
12109.90000	2.52762e-19	4.96400e-19
12111.20000	6.97677e-19	5.43624e-19
12112.50000	8.04691e-20	5.11772e-19
12113.80000	6.09306e-19	5.11344e-19
12115.10000	5.11735e-20	5.41733e-19
12116.40000	-3.81393e-19	6.45201e-19
12117.70000	-2.56284e-19	1.05394e-18
12119.00000	5.07948e-19	2.20479e-18
12120.30000	1.48794e-18	3.86667e-18
12121.60000	6.59326e-18	5.96033e-18
12122.90000	2.70132e-18	6.12594e-18
12124.20000	4.04977e-19	4.11135e-18
12125.50000	1.65980e-18	1.38652e-18
12126.90000	1.71589e-18	7.41253e-19
12128.20000	-2.80060e-19	7.60735e-19
12129.50000	-4.15446e-19	1.11350e-18
12130.80000	6.36137e-20	1.37935e-18
12132.10000	-5.26278e-19	1.41718e-18
12133.40000	-2.16155e-18	1.89421e-18
12134.70000	-1.68692e-18	3.26393e-18
12136.00000	-2.38823e-19	3.73782e-18
12137.30000	-1.44262e-18	3.43024e-18
12138.60000	3.99705e-19	1.36125e-18
12139.90000	2.28048e-19	8.44475e-19
12141.20000	3.26929e-19	9.17360e-19
12142.50000	-3.72992e-19	1.13028e-18
12143.80000	2.92979e-19	9.83321e-19
12145.10000	-6.28745e-20	7.99658e-19
12146.40000	7.42064e-19	7.60041e-19
12147.70000	1.01638e-18	8.71261e-19
12149.00000	5.20320e-19	8.87978e-19
12150.30000	4.26037e-19	7.54150e-19
12151.60000	1.00253e-19	8.23628e-19
12152.90000	-9.80937e-19	1.55326e-18
12154.20000	1.46089e-19	2.49999e-18
12155.50000	4.29334e-19	2.23466e-18
12156.80000	-2.99718e-19	1.43864e-18
12158.10000	-6.18394e-19	8.26453e-19
12159.40000	-9.53187e-19	6.65240e-19
12160.70000	-2.18884e-19	6.91129e-19
12162.00000	7.60524e-19	7.41070e-19
12163.30000	9.42820e-19	6.62798e-19
12164.60000	1.12868e-18	6.98537e-19
12165.90000	-6.63556e-19	7.94442e-19
12167.20000	-1.11166e-18	7.35062e-19
12168.60000	1.44245e-19	5.64161e-19
12169.90000	1.84870e-19	5.20560e-19
12171.20000	6.39177e-19	5.65914e-19
12172.50000	7.45483e-20	6.27982e-19
12173.80000	1.99164e-19	6.14386e-19
12175.10000	9.22233e-19	6.05119e-19
12176.40000	2.73647e-19	6.41710e-19
12177.70000	-4.14852e-19	8.96268e-19
12179.00000	-1.83203e-19	1.20295e-18
12180.30000	-7.47338e-19	1.24825e-18
12181.60000	-2.74993e-19	9.91295e-19
12182.90000	-2.84890e-19	6.54161e-19
12184.20000	3.15994e-21	5.10747e-19
12185.50000	-1.80737e-19	4.83509e-19
12186.80000	-3.81649e-19	4.88087e-19
12188.10000	-1.19750e-19	4.91503e-19
12189.40000	-2.24989e-19	5.10023e-19
12190.70000	-7.32050e-20	5.31688e-19
12192.00000	-2.18975e-21	5.83420e-19
12193.30000	7.21344e-19	8.88250e-19
12194.60000	1.59519e-18	2.22274e-18
12195.90000	2.27352e-19	2.97386e-18
12197.20000	1.81079e-18	2.66498e-18
12198.50000	2.89244e-19	1.39149e-18
12199.80000	-1.11232e-18	6.44301e-19
12201.10000	3.08622e-20	5.14831e-19
12202.40000	-4.11894e-19	5.29951e-19
12203.70000	4.50438e-19	5.47401e-19
12205.00000	4.41118e-19	5.41115e-19
12206.30000	-2.75486e-19	5.69744e-19
12207.60000	-3.58717e-19	6.78123e-19
12209.00000	-4.82306e-19	6.63028e-19
12210.30000	9.03293e-19	7.45169e-19
12211.60000	6.60855e-19	7.50103e-19
12212.90000	5.24740e-19	6.62422e-19
12214.20000	4.85006e-19	6.11270e-19
12215.50000	-3.70175e-19	5.42362e-19
12216.80000	-3.63648e-19	4.95784e-19
12218.10000	4.42552e-19	4.82686e-19
12219.40000	2.95302e-19	4.92353e-19
12220.70000	-9.51789e-20	5.22390e-19
12222.00000	7.09663e-19	5.41042e-19
12223.30000	2.71550e-19	5.67590e-19
12224.60000	8.11264e-19	6.42810e-19
12225.90000	-1.78901e-18	9.87049e-19
12227.20000	-1.07179e-18	2.71222e-18
12228.50000	-1.07654e-18	4.86881e-18
12229.80000	-5.84527e-18	4.91167e-18
12231.10000	7.94305e-19	2.93722e-18
12232.40000	2.37732e-18	9.74091e-19
12233.70000	-3.56594e-19	6.08548e-19
12235.00000	-1.05279e-18	6.07805e-19
12236.30000	-2.94878e-19	1.11290e-18
12237.60000	3.43488e-19	8.57889e-19
12238.90000	2.50778e-19	8.09036e-19
12240.20000	8.75961e-19	7.84820e-19
12241.50000	-1.94822e-19	6.54954e-19
12242.80000	-9.06036e-19	5.71818e-19
12244.10000	-3.06175e-20	5.33061e-19
12245.40000	3.99851e-19	5.53008e-19
12246.70000	1.38207e-19	6.76758e-19
12248.00000	6.21124e-19	7.97334e-19
12249.30000	5.71264e-19	8.64019e-19
12250.70000	2.45291e-19	7.99255e-19
12252.00000	8.90342e-19	7.04265e-19
12253.30000	1.04179e-18	6.91528e-19
12254.60000	8.75828e-19	9.10667e-19
12255.90000	-1.35847e-18	2.11449e-18
12257.20000	4.23392e-18	3.21257e-18
12258.50000	2.64525e-18	3.06549e-18
12259.80000	-5.53944e-19	1.63663e-18
12261.10000	2.70156e-19	6.62080e-19
12262.40000	4.79895e-19	5.01356e-19
12263.70000	8.25780e-20	4.68143e-19
12265.00000	-1.79307e-19	4.56466e-19
12266.30000	-1.05095e-18	4.55292e-19
12267.60000	2.42991e-19	4.59393e-19
12268.90000	4.96398e-19	4.65065e-19
12270.20000	-7.30391e-19	4.68199e-19
12271.50000	3.20832e-19	4.70978e-19
12272.80000	1.13074e-19	4.66102e-19
12274.10000	8.72637e-20	4.63991e-19
12275.40000	2.05521e-20	4.67349e-19
12276.70000	1.21833e-19	4.63655e-19
12278.00000	-3.53725e-19	4.72667e-19
12279.30000	-8.54665e-20	4.81298e-19
12280.60000	3.17554e-19	4.94529e-19
12281.90000	8.24015e-19	5.47487e-19
12283.20000	7.41144e-19	8.54781e-19
12284.50000	3.03815e-18	2.10234e-18
12285.80000	-8.63714e-19	4.73937e-18
12287.10000	-3.83291e-18	5.32798e-18
12288.40000	5.03741e-18	3.81688e-18
12289.70000	2.41230e-18	1.34643e-18
12291.10000	-1.24731e-19	6.83268e-19
12292.40000	-4.00295e-19	5.86812e-19
12293.70000	4.14384e-19	5.53550e-19
12295.00000	4.13746e-19	5.68199e-19
12296.30000	5.13702e-20	6.55927e-19
12297.60000	2.44973e-19	7.44608e-19
12298.90000	2.64488e-19	6.84809e-19
12300.20000	2.15587e-19	6.18336e-19
12301.50000	3.79135e-19	6.21571e-19
12302.80000	5.54939e-19	6.78672e-19
12304.10000	-1.15061e-18	6.34339e-19
12305.40000	-1.78162e-18	6.49228e-19
12306.70000	-7.11909e-19	6.43956e-19
12308.00000	1.03367e-19	6.36995e-19
12309.30000	-2.99977e-20	5.35856e-19
12310.60000	-1.44384e-19	5.02225e-19
12311.90000	-3.07942e-19	5.56273e-19
12313.20000	6.39968e-19	7.00059e-19
12314.50000	1.14903e-18	7.71342e-19
12315.80000	7.69779e-19	8.09842e-19
12317.10000	3.43063e-19	7.42070e-19
12318.40000	-3.39115e-19	5.04985e-19
12319.70000	2.98870e-19	4.68005e-19
12321.00000	2.79733e-19	4.87401e-19
12322.30000	-3.21626e-19	6.31724e-19
12323.60000	-5.11118e-19	1.32264e-18
12324.90000	2.16319e-18	2.73132e-18
12326.20000	4.52930e-18	2.95955e-18
12327.50000	2.05184e-18	1.99534e-18
12328.80000	1.00020e-18	7.68922e-19
12330.10000	5.08644e-19	5.05609e-19
12331.40000	-1.58872e-19	4.75945e-19
12332.80000	7.23676e-20	5.02010e-19
12334.10000	3.42215e-19	4.55797e-19
12335.40000	-5.74372e-20	4.38859e-19
12336.70000	2.35912e-20	4.43408e-19
12338.00000	3.10029e-19	4.71521e-19
12339.30000	-4.23983e-19	4.79902e-19
12340.60000	-5.26174e-19	4.54891e-19
12341.90000	-1.95858e-19	4.63580e-19
12343.20000	-8.80613e-20	4.57397e-19
12344.50000	2.67096e-19	4.60696e-19
12345.80000	4.32617e-20	4.84339e-19
12347.10000	1.84128e-20	5.61928e-19
12348.40000	5.96751e-19	9.56828e-19
12349.70000	-1.44343e-18	2.75210e-18
12351.00000	-6.26724e-19	4.37114e-18
12352.30000	5.45102e-18	4.24226e-18
12353.60000	5.16020e-18	2.55222e-18
12354.90000	4.84554e-19	1.04984e-18
12356.20000	8.47927e-19	6.71844e-19
12357.50000	3.08857e-19	5.34140e-19
12358.80000	9.26917e-19	4.86460e-19
12360.10000	2.00870e-18	5.93906e-19
12361.40000	3.27054e-18	7.34755e-19
12362.70000	4.57019e-18	7.96987e-19
12364.00000	4.59726e-18	7.81977e-19
12365.30000	2.49534e-18	6.96668e-19
12366.60000	9.25767e-19	5.56707e-19
12367.90000	9.23085e-19	4.64553e-19
12369.20000	7.97854e-19	4.32539e-19
12370.50000	3.75399e-19	4.31620e-19
12371.80000	-5.73130e-20	4.32454e-19
12373.20000	9.56245e-19	4.36425e-19
12374.50000	7.83687e-19	4.52766e-19
12375.80000	7.36466e-19	4.81055e-19
12377.10000	-6.08420e-20	4.90354e-19
12378.40000	4.26866e-19	4.67880e-19
12379.70000	2.61973e-20	4.51586e-19
12381.00000	-8.77627e-19	4.42070e-19
12382.30000	-1.90260e-19	4.35992e-19
12383.60000	2.27526e-19	4.34802e-19
12384.90000	6.48838e-19	4.32655e-19
12386.20000	-5.02636e-21	4.37234e-19
12387.50000	2.06557e-19	4.38144e-19
12388.80000	3.28766e-19	4.67095e-19
12390.10000	5.49615e-19	5.23919e-19
12391.40000	1.21515e-18	6.99893e-19
12392.70000	-2.61666e-20	8.31045e-19
12394.00000	-5.88514e-20	8.03626e-19
12395.30000	3.31081e-19	6.32283e-19
12396.60000	1.74013e-19	5.45635e-19
12397.90000	2.48984e-19	7.64694e-19
12399.20000	-6.07770e-19	1.68420e-18
12400.50000	-1.03062e-18	2.31593e-18
12401.80000	7.24489e-19	2.10962e-18
12403.10000	4.50114e-19	1.10990e-18
12404.40000	-2.78661e-19	5.60200e-19
12405.70000	-1.69574e-19	4.75476e-19
12407.00000	4.58469e-19	4.63416e-19
12408.30000	-2.91906e-19	4.54196e-19
12409.60000	-2.14105e-19	4.29589e-19
12410.90000	-1.93409e-19	4.36403e-19
12412.20000	-7.05326e-19	4.40788e-19
12413.50000	-1.18239e-19	4.35976e-19
12414.90000	2.75951e-19	4.41365e-19
12416.20000	3.52910e-19	4.44716e-19
12417.50000	6.32154e-19	4.65144e-19
12418.80000	7.80050e-19	5.91836e-19
12420.10000	-1.00523e-19	8.29089e-19
12421.40000	4.16645e-19	2.02039e-18
12422.70000	1.37988e-18	3.21617e-18
12424.00000	-1.52018e-18	3.20057e-18
12425.30000	-9.49454e-19	2.05592e-18
12426.60000	-1.27996e-18	1.02323e-18
12427.90000	-1.24383e-19	7.94127e-19
12429.20000	-6.30075e-20	6.31324e-19
12430.50000	4.70939e-19	4.88449e-19
12431.80000	1.00944e-19	4.43930e-19
12433.10000	-1.09681e-20	4.78049e-19
12434.40000	-1.77209e-19	4.76678e-19
12435.70000	-6.31263e-20	4.77323e-19
12437.00000	2.81927e-19	4.56017e-19
12438.30000	-1.02039e-21	4.86353e-19
12439.60000	-3.41746e-19	4.75741e-19
12440.90000	5.20157e-19	4.63829e-19
12442.20000	4.78636e-19	4.57595e-19
12443.50000	-6.13796e-19	4.41771e-19
12444.80000	9.48974e-19	4.36565e-19
12446.10000	-1.02163e-19	5.07028e-19
12447.40000	-4.39659e-19	5.69358e-19
12448.70000	-3.58178e-19	5.79219e-19
12450.00000	-1.06468e-19	5.81312e-19
12451.30000	2.56282e-20	6.30839e-19
12452.60000	-1.55119e-19	6.48251e-19
12453.90000	1.00385e-18	5.81569e-19
12455.30000	-7.95408e-19	5.62142e-19
12456.60000	-8.90819e-19	5.70340e-19
12457.90000	3.30793e-19	5.61176e-19
12459.20000	-2.43070e-19	5.11834e-19
12460.50000	-4.40091e-19	4.84358e-19
12461.80000	4.71561e-19	4.83827e-19
12463.10000	8.25688e-19	4.75908e-19
12464.40000	-3.93887e-20	4.67452e-19
12465.70000	-2.26781e-19	4.81324e-19
12467.00000	8.40647e-19	4.89496e-19
12468.30000	4.24084e-19	4.67145e-19
12469.60000	-1.21347e-20	4.41455e-19
12470.90000	-6.11702e-19	4.66833e-19
12472.20000	4.08751e-20	6.43600e-19
12473.50000	1.29967e-18	7.69724e-19
12474.80000	8.61637e-19	7.46484e-19
12476.10000	1.16035e-18	7.40785e-19
12477.40000	-3.11864e-19	7.04451e-19
12478.70000	2.85106e-19	6.52297e-19
12480.00000	2.88764e-19	8.50243e-19
12481.30000	-1.60561e-18	1.47314e-18
12482.60000	5.18318e-19	1.85789e-18
12483.90000	2.37233e-18	1.60899e-18
12485.20000	6.08166e-19	1.02646e-18
12486.50000	5.32951e-19	7.01087e-19
12487.80000	4.03555e-19	6.28579e-19
12489.10000	-3.47471e-19	5.16113e-19
12490.40000	-5.13962e-21	4.53799e-19
12491.70000	4.79403e-20	4.45239e-19
12493.00000	3.08103e-19	4.71326e-19
12494.30000	8.02376e-20	5.74431e-19
12495.60000	-6.23304e-19	6.59251e-19
12497.00000	-2.58523e-19	6.48209e-19
12498.30000	-7.53115e-20	6.18822e-19
12499.60000	3.73163e-19	1.19250e-18
12500.90000	9.75868e-19	1.80962e-18
12502.20000	3.05094e-18	2.26197e-18
12503.50000	1.67860e-18	2.07121e-18
12504.80000	4.40000e-19	1.09938e-18
12506.10000	6.98899e-20	5.48394e-19
12507.40000	-6.43304e-19	5.05843e-19
12508.70000	-3.18200e-19	5.51304e-19
12510.00000	2.49735e-19	7.03800e-19
12511.30000	-8.18576e-19	7.93366e-19
12512.60000	2.52770e-19	7.37427e-19
12513.90000	1.09625e-18	5.52119e-19
12515.20000	2.77725e-19	4.92948e-19
12516.50000	9.71280e-19	5.55013e-19
12517.80000	1.08083e-18	5.11054e-19
12519.10000	5.31959e-19	4.75306e-19
12520.40000	1.30881e-18	4.70155e-19
12521.70000	1.36347e-19	4.67761e-19
12523.00000	2.33918e-19	5.01409e-19
12524.30000	-6.28802e-20	7.19791e-19
12525.60000	6.34311e-19	9.38126e-19
12526.90000	-3.26653e-19	9.23473e-19
12528.20000	1.93014e-19	6.91408e-19
12529.50000	-2.14135e-19	5.33633e-19
12530.80000	1.65939e-20	5.33562e-19
12532.10000	-1.53493e-19	5.61236e-19
12533.40000	-8.12394e-20	4.94899e-19
12534.70000	8.36975e-20	4.74706e-19
12536.00000	-2.53081e-19	5.30497e-19
12537.40000	5.30014e-20	5.21668e-19
12538.70000	9.52488e-19	5.75022e-19
12540.00000	1.11030e-18	7.11365e-19
12541.30000	1.32580e-18	9.48731e-19
12542.60000	8.20160e-19	9.70632e-19
12543.90000	-5.04278e-19	7.53925e-19
12545.20000	5.82888e-19	5.35824e-19
12546.50000	6.94535e-19	4.98773e-19
12547.80000	9.09092e-20	5.01301e-19
12549.10000	-9.60064e-19	5.16526e-19
12550.40000	-7.87548e-19	5.13470e-19
12551.70000	-1.28107e-21	4.93764e-19
12553.00000	1.21485e-19	4.91553e-19
12554.30000	3.13973e-19	5.07761e-19
12555.60000	-7.47907e-20	6.20334e-19
12556.90000	-4.95020e-19	8.98413e-19
12558.20000	-2.99440e-19	9.89555e-19
12559.50000	-2.57265e-19	8.24255e-19
12560.80000	-1.25523e-18	5.53438e-19
12562.10000	-3.00450e-19	4.92583e-19
12563.40000	6.89631e-19	4.87619e-19
12564.70000	-3.60008e-19	4.77475e-19
12566.00000	5.90295e-19	4.71199e-19
12567.30000	4.60769e-19	4.99139e-19
12568.60000	-1.88584e-19	6.38475e-19
12569.90000	-2.37441e-18	1.08715e-18
12571.20000	8.17717e-20	1.37151e-18
12572.50000	6.96998e-19	1.79087e-18
12573.80000	8.83268e-19	1.22588e-18
12575.10000	-5.24059e-19	9.77702e-19
12576.40000	3.72842e-20	7.03259e-19
12577.70000	1.10649e-18	5.38001e-19
12579.10000	6.77019e-19	5.32853e-19
12580.40000	-1.11323e-19	5.48061e-19
12581.70000	-5.38991e-20	5.48800e-19
12583.00000	-5.00973e-19	5.48290e-19
12584.30000	-2.62456e-19	5.66357e-19
12585.60000	-1.47615e-19	6.92252e-19
12586.90000	-1.11589e-20	1.08926e-18
12588.20000	5.78229e-19	1.52230e-18
12589.50000	1.03729e-18	1.68181e-18
12590.80000	-7.75908e-20	1.47360e-18
12592.10000	2.74091e-19	1.13923e-18
12593.40000	-3.49681e-19	8.79302e-19
12594.70000	-9.73348e-19	7.28774e-19
12596.00000	-1.01725e-18	7.80694e-19
12597.30000	1.81347e-18	8.89352e-19
12598.60000	1.51879e-18	8.76404e-19
12599.90000	6.47575e-19	9.02317e-19
12601.20000	1.85229e-19	9.03959e-19
12602.50000	1.59368e-18	9.82332e-19
12603.80000	1.14606e-18	1.09480e-18
12605.10000	-1.25633e-18	1.20567e-18
12606.40000	-6.78562e-19	1.35283e-18
12607.70000	2.43569e-18	1.41016e-18
12609.00000	1.09591e-18	1.42960e-18
12610.30000	1.04644e-18	1.34564e-18
12611.60000	5.34163e-20	1.29005e-18
12612.90000	6.41309e-19	1.31014e-18
12614.20000	-1.12524e-18	1.28590e-18
12615.50000	-1.08339e-18	1.26453e-18
12616.80000	-4.77791e-19	1.23308e-18
12618.10000	-1.26632e-18	1.35202e-18
12619.50000	9.16279e-21	1.15703e-18
12620.80000	1.14991e-18	1.14631e-18
12622.10000	3.37883e-19	1.06148e-18
12623.40000	1.41670e-19	1.14845e-18
12624.70000	-8.91871e-19	1.44226e-18
12626.00000	4.17485e-20	1.46198e-18
12627.30000	-2.18144e-19	1.14598e-18
12628.60000	4.40688e-19	9.73194e-19
12629.90000	-6.04653e-19	8.68176e-19
12631.20000	-8.16075e-19	8.38350e-19
12632.50000	1.30722e-18	8.95727e-19
12633.80000	2.28132e-19	9.25520e-19
12635.10000	4.40515e-19	8.68904e-19
12636.40000	1.12255e-18	7.89519e-19
12637.70000	7.17784e-19	7.49650e-19
12639.00000	-2.51082e-19	8.02200e-19
12640.30000	3.45959e-19	9.71501e-19
12641.60000	6.00361e-19	1.24911e-18
12642.90000	7.25085e-19	1.26540e-18
12644.20000	-1.15205e-18	1.02671e-18
12645.50000	-6.57917e-19	7.53266e-19
12646.80000	2.25810e-21	8.01117e-19
12648.10000	-3.78559e-19	8.40042e-19
12649.40000	-1.47054e-19	8.43595e-19
12650.70000	4.53586e-19	8.01363e-19
12652.00000	4.18246e-19	7.58159e-19
12653.30000	-5.68610e-19	6.48522e-19
12654.60000	-1.40734e-19	7.71132e-19
12655.90000	3.13316e-19	8.82765e-19
12657.20000	-9.65442e-19	9.78365e-19
12658.50000	6.05191e-19	1.13682e-18
12659.80000	-4.04526e-19	1.38542e-18
12661.20000	-7.76280e-19	1.35252e-18
12662.50000	2.78376e-19	1.07173e-18
12663.80000	-1.00244e-18	1.02275e-18
12665.10000	1.12836e-18	1.21357e-18
12666.40000	1.16196e-18	1.37357e-18
12667.70000	6.86320e-20	1.28036e-18
12669.00000	-5.32891e-19	1.07386e-18
12670.30000	7.28776e-19	8.27463e-19
12671.60000	1.58219e-19	8.30140e-19
12672.90000	-8.45797e-20	1.63147e-18
12674.20000	-1.91877e-18	1.86549e-18
12675.50000	-5.02681e-19	1.49169e-18
12676.80000	3.04053e-19	1.02058e-18
12678.10000	-5.64493e-19	7.54597e-19
12679.40000	3.92020e-19	7.10994e-19
12680.70000	-2.18051e-19	1.03674e-18
12682.00000	4.42719e-19	2.05367e-18
12683.30000	-6.81098e-20	3.15049e-18
12684.60000	2.67126e-19	3.85691e-18
12685.90000	-4.17307e-18	4.05876e-18
12687.20000	5.13237e-19	3.72328e-18
12688.50000	6.95173e-19	3.31772e-18
12689.80000	3.00638e-18	3.11038e-18
12691.10000	5.03907e-18	2.88047e-18
12692.40000	4.91054e-19	2.68609e-18
12693.70000	1.04610e-18	2.59749e-18
12695.00000	-1.87287e-19	2.66133e-18
12696.30000	9.21416e-19	2.61314e-18
12697.60000	5.65568e-19	2.57993e-18
12698.90000	1.02766e-18	2.41313e-18
12700.20000	-1.64543e-19	2.17070e-18
12701.50000	-1.65379e-20	2.00028e-18
12702.90000	2.83292e-18	1.54851e-18
12704.20000	1.52937e-18	1.44325e-18
12705.50000	-8.52632e-19	1.45913e-18
12706.80000	-1.75456e-19	1.44919e-18
12708.10000	1.49031e-19	1.58716e-18
12709.40000	3.62951e-19	1.72109e-18
12710.70000	-1.50434e-19	1.62732e-18
12712.00000	2.28304e-19	1.20072e-18
12713.30000	8.00774e-19	8.12683e-19
12714.60000	3.19997e-19	8.00170e-19
12715.90000	1.57459e-19	1.03254e-18
12717.20000	2.16887e-19	1.18188e-18
12718.50000	-5.79129e-19	1.39056e-18
12719.80000	7.97329e-19	1.48128e-18
12721.10000	1.09190e-18	1.31757e-18
12722.40000	8.91203e-19	1.16048e-18
12723.70000	-1.40641e-20	1.33875e-18
12725.00000	1.17979e-18	1.67049e-18
12726.30000	2.12073e-18	1.71449e-18
12727.60000	7.49360e-19	1.43389e-18
12728.90000	-8.82038e-19	1.35832e-18
12730.20000	-9.45907e-19	1.34843e-18
12731.50000	7.94036e-19	1.18872e-18
12732.80000	1.14861e-18	7.81892e-19
12734.10000	-6.87849e-19	6.35084e-19
12735.40000	-7.47345e-19	7.73870e-19
12736.70000	-1.56108e-19	1.11247e-18
12738.00000	-7.28544e-20	1.26421e-18
12739.30000	5.90946e-19	1.43934e-18
12740.60000	1.00917e-18	1.46780e-18
12741.90000	8.65176e-19	1.51688e-18
12743.30000	6.47909e-19	1.72245e-18
12744.60000	1.23263e-18	1.88045e-18
12745.90000	5.99276e-19	1.92143e-18
12747.20000	1.89015e-18	2.02502e-18
12748.50000	8.46240e-19	2.16066e-18
12749.80000	-7.44598e-19	2.27016e-18
12751.10000	-9.64644e-19	2.61005e-18
12752.40000	-3.60365e-19	2.90145e-18
12753.70000	-3.29489e-18	2.50329e-18
12755.00000	-2.03569e-18	1.42124e-18
12756.30000	-3.40891e-19	9.36377e-19
12757.60000	-1.51865e-18	1.10700e-18
12758.90000	-1.85395e-18	1.81968e-18
12760.20000	1.84383e-18	2.35112e-18
12761.50000	1.47556e-18	2.68923e-18
12762.80000	-9.33995e-19	3.28416e-18
12764.10000	-2.02159e-18	3.62269e-18
12765.40000	-3.42951e-18	3.43352e-18
12766.70000	-7.59551e-19	1.53264e-18
12768.00000	4.85406e-19	8.87638e-19
12769.30000	4.73946e-19	1.08618e-18
12770.60000	3.65936e-19	1.62083e-18
12771.90000	1.14422e-19	1.96335e-18
12773.20000	1.03261e-19	1.86209e-18
12774.50000	1.67757e-18	1.89686e-18
12775.80000	1.19757e-18	2.29638e-18
12777.10000	-9.25637e-19	2.30833e-18
12778.40000	-1.57414e-19	1.79206e-18
12779.70000	6.44498e-19	1.70091e-18
12781.00000	-4.42805e-19	2.86731e-18
12782.30000	-1.85067e-18	4.05574e-18
12783.60000	-1.22125e-18	3.93046e-18
12785.00000	-1.44357e-18	3.03983e-18
12786.30000	-2.05633e-19	2.08083e-18
12787.60000	-2.83166e-19	1.13398e-18
12788.90000	4.56040e-22	6.59022e-19
12790.20000	-8.92596e-19	5.05579e-19
12791.50000	-1.07753e-19	5.24493e-19
12792.80000	4.94493e-19	7.70558e-19
12794.10000	1.41468e-18	1.13467e-18
12795.40000	-2.46391e-19	1.23090e-18
12796.70000	-1.17650e-18	1.23964e-18
12798.00000	-1.17310e-18	1.25629e-18
12799.30000	-1.45488e-18	1.66543e-18
12800.60000	-1.41036e-18	2.36352e-18
12801.90000	-4.53589e-19	2.62168e-18
12803.20000	-9.07362e-19	2.41997e-18
12804.50000	-4.27196e-19	2.60051e-18
12805.80000	-2.33231e-18	3.51686e-18
12807.10000	-9.72515e-19	3.75985e-18
12808.40000	-5.46941e-19	2.85367e-18
12809.70000	3.46107e-19	1.43561e-18
12811.00000	6.25769e-19	8.54749e-19
12812.30000	2.96870e-19	6.08823e-19
12813.60000	-4.04665e-20	5.31397e-19
12814.90000	4.82133e-19	5.14671e-19
12816.20000	4.30546e-19	5.09674e-19
12817.50000	1.13994e-18	5.90029e-19
12818.80000	5.94532e-19	6.81913e-19
12820.10000	2.70143e-19	7.77262e-19
12821.40000	-2.00478e-19	8.40883e-19
12822.70000	-1.96270e-20	1.13623e-18
12824.00000	1.09484e-18	1.74792e-18
12825.40000	1.68178e-18	1.64627e-18
12826.70000	8.27717e-19	1.04902e-18
12828.00000	1.48851e-18	6.45953e-19
12829.30000	1.96772e-19	6.16047e-19
12830.60000	6.06986e-19	7.68241e-19
12831.90000	6.85375e-19	1.16401e-18
12833.20000	-2.85032e-19	2.09900e-18
12834.50000	1.96996e-19	2.39105e-18
12835.80000	1.77016e-18	1.95505e-18
12837.10000	-1.14331e-18	9.79812e-19
12838.40000	-5.58788e-19	5.61172e-19
12839.70000	4.41089e-19	4.78316e-19
12841.00000	-3.75550e-19	4.69964e-19
12842.30000	1.80541e-19	5.47708e-19
12843.60000	6.06374e-19	9.45249e-19
12844.90000	-5.59384e-19	1.41451e-18
12846.20000	1.07286e-20	1.43017e-18
12847.50000	2.31295e-19	9.42850e-19
12848.80000	-5.44639e-19	6.10013e-19
12850.10000	-4.50813e-19	5.14156e-19
12851.40000	1.85917e-19	4.82961e-19
12852.70000	-1.55318e-19	4.70095e-19
12854.00000	-1.62129e-20	4.77339e-19
12855.30000	2.99424e-19	4.80673e-19
12856.60000	-3.66550e-19	4.86600e-19
12857.90000	2.89925e-19	4.88388e-19
12859.20000	4.86857e-19	4.76065e-19
12860.50000	-1.27806e-19	4.79543e-19
12861.80000	-1.38653e-19	4.72690e-19
12863.10000	-4.89254e-19	5.09866e-19
12864.40000	1.22208e-18	7.63446e-19
12865.70000	2.40044e-18	1.13675e-18
12867.10000	-1.49718e-18	1.20894e-18
12868.40000	-9.88548e-19	9.02347e-19
12869.70000	-4.60626e-19	6.49541e-19
12871.00000	2.27417e-19	6.68009e-19
12872.30000	9.90515e-20	6.91966e-19
12873.60000	-1.34653e-18	6.48872e-19
12874.90000	-5.34199e-21	5.51320e-19
12876.20000	2.92110e-19	4.69758e-19
12877.50000	-3.82259e-19	4.45135e-19
12878.80000	-4.40003e-19	4.53890e-19
12880.10000	-1.06312e-18	5.43804e-19
12881.40000	1.32999e-18	7.26495e-19
12882.70000	-8.23874e-19	8.45168e-19
12884.00000	3.50996e-20	7.94880e-19
12885.30000	-2.29172e-19	7.29921e-19
12886.60000	-1.67398e-20	9.10893e-19
12887.90000	1.16342e-18	1.01817e-18
12889.20000	-2.13214e-19	8.83066e-19
12890.50000	-1.83886e-19	7.07623e-19
12891.80000	6.48545e-19	6.16892e-19
12893.10000	2.37507e-19	7.80133e-19
12894.40000	4.98080e-19	9.08670e-19
12895.70000	1.25351e-18	9.46827e-19
12897.00000	5.26158e-19	8.90329e-19
12898.30000	5.98518e-19	8.02225e-19
12899.60000	5.75630e-19	7.43382e-19
12900.90000	1.84277e-19	1.02914e-18
12902.20000	-1.66944e-18	1.87316e-18
12903.50000	2.15842e-18	3.56960e-18
12904.80000	-1.11988e-18	5.49760e-18
12906.10000	-1.12686e-17	5.59602e-18
12907.50000	-4.31416e-18	3.67071e-18
12908.80000	2.32185e-18	1.64585e-18
12910.10000	1.69550e-19	9.45854e-19
12911.40000	-3.49953e-19	7.15864e-19
12912.70000	2.75171e-20	6.21606e-19
12914.00000	1.19400e-18	9.02228e-19
12915.30000	7.23835e-19	1.18823e-18
12916.60000	1.28116e-18	1.16142e-18
12917.90000	6.56626e-19	1.14226e-18
12919.20000	-1.70249e-18	2.22434e-18
12920.50000	2.54386e-18	3.44757e-18
12921.80000	-8.27934e-19	3.44511e-18
12923.10000	-6.72408e-19	2.06709e-18
12924.40000	5.19974e-19	9.23426e-19
12925.70000	4.72588e-19	5.49183e-19
12927.00000	8.32685e-19	5.00294e-19
12928.30000	-3.59103e-19	5.17760e-19
12929.60000	5.09725e-19	5.84095e-19
12930.90000	7.32924e-19	6.40387e-19
12932.20000	5.95556e-19	6.30532e-19
12933.50000	-4.68145e-19	6.53892e-19
12934.80000	-5.19878e-19	7.61839e-19
12936.10000	1.36451e-18	7.96692e-19
12937.40000	1.75389e-19	6.98717e-19
12938.70000	2.45306e-19	5.61260e-19
12940.00000	1.33153e-19	7.15867e-19
12941.30000	2.25220e-18	1.49477e-18
12942.60000	4.49764e-19	2.13101e-18
12943.90000	1.76520e-19	2.07818e-18
12945.20000	1.25579e-18	1.31117e-18
12946.50000	1.07079e-18	7.03613e-19
12947.80000	1.45535e-19	5.16170e-19
12949.20000	-1.15242e-19	5.15284e-19
12950.50000	-4.34937e-20	5.16673e-19
12951.80000	-1.22426e-19	5.63287e-19
12953.10000	-2.50191e-19	7.41167e-19
12954.40000	9.38767e-19	6.48564e-19
12955.70000	5.22999e-19	6.10170e-19
12957.00000	-2.40125e-20	5.26043e-19
12958.30000	5.50537e-19	4.96003e-19
12959.60000	-9.37683e-19	5.08019e-19
12960.90000	-4.74048e-20	5.19190e-19
12962.20000	5.95480e-19	5.67333e-19
12963.50000	3.99318e-19	6.13638e-19
12964.80000	6.42982e-19	6.23915e-19
12966.10000	7.31217e-20	5.35731e-19
12967.40000	1.15836e-18	4.87211e-19
12968.70000	1.22750e-18	5.65227e-19
12970.00000	9.08219e-19	9.07692e-19
12971.30000	1.56326e-18	1.22148e-18
12972.60000	-1.16108e-19	1.32627e-18
12973.90000	5.92931e-19	1.01799e-18
12975.20000	7.15545e-19	7.07757e-19
12976.50000	9.92901e-20	5.78156e-19
12977.80000	4.96540e-19	5.60466e-19
12979.10000	6.19310e-19	5.17389e-19
12980.40000	2.28181e-19	4.92336e-19
12981.70000	6.71306e-19	5.16772e-19
12983.00000	-1.14998e-18	1.00342e-18
12984.30000	-3.98535e-19	2.30482e-18
12985.60000	8.07963e-20	2.80280e-18
12986.90000	-2.01425e-18	2.40929e-18
12988.20000	7.90571e-19	1.09036e-18
12989.60000	5.64706e-20	5.94532e-19
12990.90000	-6.05270e-19	4.63293e-19
12992.20000	2.43015e-19	4.59168e-19
12993.50000	-2.36419e-19	4.68998e-19
12994.80000	-1.45408e-19	4.60766e-19
12996.10000	7.24508e-19	4.57523e-19
12997.40000	4.43163e-19	4.74445e-19
12998.70000	-4.23820e-19	5.26357e-19
13000.00000	6.14476e-19	6.12790e-19
13001.30000	7.50071e-19	7.21232e-19
13002.60000	4.57841e-19	8.53619e-19
13003.90000	9.75319e-19	8.01057e-19
13005.20000	6.08629e-19	6.89001e-19
13006.50000	1.05492e-18	6.80636e-19
13007.80000	2.21467e-19	7.45024e-19
13009.10000	-4.79359e-19	7.91260e-19
13010.40000	4.90865e-19	6.89694e-19
13011.70000	5.07289e-19	7.45451e-19
13013.00000	4.27482e-19	7.96105e-19
13014.30000	1.31490e-18	8.65494e-19
13015.60000	8.75421e-19	7.84495e-19
13016.90000	-6.47637e-20	7.29711e-19
13018.20000	1.18990e-18	8.45349e-19
13019.50000	-4.99911e-19	2.61237e-18
13020.80000	-2.02763e-18	4.46287e-18
13022.10000	-2.36942e-18	4.57000e-18
13023.40000	-1.06139e-18	2.97897e-18
13024.70000	3.98996e-19	1.41602e-18
13026.00000	1.38122e-18	6.52932e-19
13027.30000	1.52581e-18	4.81796e-19
13028.60000	9.34187e-19	4.50502e-19
13029.90000	6.79842e-20	4.48452e-19
13031.30000	6.85743e-19	4.56196e-19
13032.60000	-5.95340e-20	4.53742e-19
13033.90000	-2.60672e-19	4.54886e-19
13035.20000	3.77441e-19	4.39895e-19
13036.50000	5.38724e-19	4.27197e-19
13037.80000	2.74829e-20	4.26632e-19
13039.10000	-5.40983e-20	4.26996e-19
13040.40000	6.20724e-19	4.41919e-19
13041.70000	2.63029e-19	4.78310e-19
13043.00000	9.66570e-20	5.20688e-19
13044.30000	6.60098e-19	5.41751e-19
13045.60000	9.50736e-19	5.15541e-19
13046.90000	-2.07679e-19	4.91114e-19
13048.20000	-2.51563e-19	5.78714e-19
13049.50000	5.58963e-19	8.65333e-19
13050.80000	7.16413e-19	2.08497e-18
13052.10000	2.05319e-19	3.12084e-18
13053.40000	2.13024e-18	3.06827e-18
13054.70000	-1.30047e-18	1.87762e-18
13056.00000	4.93846e-20	9.80325e-19
13057.30000	-1.47179e-19	6.26311e-19
13058.60000	5.00479e-19	5.21673e-19
13059.90000	9.74883e-19	5.44204e-19
13061.20000	-5.75665e-20	5.89090e-19
13062.50000	2.97781e-19	4.88635e-19
13063.80000	1.85254e-19	4.46183e-19
13065.10000	6.63254e-20	4.48479e-19
13066.40000	6.20046e-19	4.60575e-19
13067.70000	8.45151e-20	4.82656e-19
13069.00000	-5.11802e-20	4.62300e-19
13070.30000	3.85627e-19	4.62532e-19
13071.70000	1.21597e-19	4.35312e-19
13073.00000	7.89587e-19	4.32474e-19
13074.30000	-4.27818e-19	4.41952e-19
13075.60000	8.27697e-19	4.37661e-19
13076.90000	9.42848e-19	4.32357e-19
13078.20000	8.44954e-19	4.45753e-19
13079.50000	5.41357e-19	4.78937e-19
13080.80000	-8.11816e-20	5.59844e-19
13082.10000	1.98708e-18	9.58552e-19
13083.40000	-1.43940e-18	3.35538e-18
13084.70000	-3.01507e-19	4.93247e-18
13086.00000	-1.00672e-18	4.64380e-18
13087.30000	1.46198e-18	2.62663e-18
13088.60000	-3.95883e-20	1.20995e-18
13089.90000	-2.39347e-21	6.36663e-19
13091.20000	3.84636e-20	4.62746e-19
13092.50000	5.39350e-19	4.32846e-19
13093.80000	7.66054e-19	4.36031e-19
13095.10000	1.12818e-18	4.48193e-19
13096.40000	8.44982e-19	4.52596e-19
13097.70000	-2.71499e-19	4.60686e-19
13099.00000	-4.82236e-19	5.11746e-19
13100.30000	-3.75154e-19	5.00330e-19
13101.60000	-3.21457e-19	5.96150e-19
13102.90000	9.28569e-19	5.57815e-19
13104.20000	5.00798e-21	5.32905e-19
13105.50000	-9.37354e-19	6.14095e-19
13106.80000	-5.76850e-19	6.40235e-19
13108.10000	-1.52396e-19	6.08546e-19
13109.40000	-5.41493e-19	5.42989e-19
13110.70000	2.88374e-19	4.44143e-19
13112.00000	2.20846e-19	4.01867e-19
13113.40000	3.22790e-19	3.92022e-19
13114.70000	1.88749e-20	3.89032e-19
13116.00000	2.94718e-19	3.97309e-19
13117.30000	7.95049e-19	3.98894e-19
13118.60000	6.13310e-19	4.04408e-19
13119.90000	-5.12968e-19	4.15059e-19
13121.20000	-4.56705e-19	4.41996e-19
13122.50000	1.03540e-19	5.45278e-19
13123.80000	-2.03341e-19	7.52927e-19
13125.10000	-2.40189e-19	1.15356e-18
13126.40000	-1.95876e-20	2.50634e-18
13127.70000	2.15865e-19	2.96356e-18
13129.00000	6.40597e-19	2.47927e-18
13130.30000	1.79483e-18	1.50849e-18
13131.60000	1.10318e-18	9.88061e-19
13132.90000	-3.87161e-21	6.67485e-19
13134.20000	4.42214e-20	5.24518e-19
13135.50000	9.00764e-19	4.74512e-19
13136.80000	-6.00362e-21	4.97497e-19
13138.10000	3.27678e-19	6.29460e-19
13139.40000	7.08541e-19	8.07635e-19
13140.70000	-2.80636e-19	8.11754e-19
13142.00000	-6.75801e-19	7.75690e-19
13143.30000	-3.60670e-19	7.18533e-19
13144.60000	4.32596e-19	6.06745e-19
13145.90000	-2.41743e-19	4.92995e-19
13147.20000	-6.23454e-19	4.71340e-19
13148.50000	-4.62781e-19	4.84626e-19
13149.80000	5.89930e-19	4.84086e-19
13151.10000	1.00903e-18	4.80323e-19
13152.40000	-7.51724e-20	5.92515e-19
13153.80000	-7.09274e-19	1.03120e-18
13155.10000	2.77844e-18	2.80994e-18
13156.40000	1.54813e-18	4.06175e-18
13157.70000	-3.69038e-18	3.75177e-18
13159.00000	-2.09013e-18	2.08314e-18
13160.30000	-8.96101e-19	1.01714e-18
13161.60000	1.92209e-19	5.90275e-19
13162.90000	1.58700e-19	4.77526e-19
13164.20000	-8.63846e-20	4.68233e-19
13165.50000	-3.10657e-19	4.67766e-19
13166.80000	1.03095e-19	4.66254e-19
13168.10000	5.48014e-19	4.58306e-19
13169.40000	3.81512e-19	4.48349e-19
13170.70000	3.25566e-20	4.83105e-19
13172.00000	4.39204e-19	4.47593e-19
13173.30000	-2.84261e-19	4.29954e-19
13174.60000	6.58428e-19	4.18785e-19
13175.90000	6.30448e-19	4.06763e-19
13177.20000	3.59237e-19	4.10727e-19
13178.50000	4.69486e-19	4.32401e-19
13179.80000	1.10595e-19	4.41836e-19
13181.10000	-1.11012e-19	4.33429e-19
13182.40000	7.78013e-20	4.09415e-19
13183.70000	-1.16298e-19	4.52565e-19
13185.00000	-4.14048e-19	4.30500e-19
13186.30000	-5.97380e-19	4.27770e-19
13187.60000	-8.67683e-19	4.17708e-19
13188.90000	-1.48741e-19	4.20569e-19
13190.20000	2.58646e-19	4.19664e-19
13191.50000	4.28562e-20	4.12194e-19
13192.80000	-4.44734e-19	3.95368e-19
13194.10000	2.24310e-19	3.88624e-19
13195.50000	-1.11261e-19	4.57216e-19
13196.80000	-8.81536e-20	4.09907e-19
13198.10000	-5.56201e-19	4.05517e-19
13199.40000	-2.48090e-19	4.19506e-19
13200.70000	3.91529e-19	4.34602e-19
13202.00000	9.26929e-20	4.36775e-19
13203.30000	-1.57994e-19	4.37642e-19
13204.60000	1.42194e-19	4.42399e-19
13205.90000	-2.22533e-19	4.54379e-19
13207.20000	9.41322e-19	5.97211e-19
13208.50000	3.47869e-19	1.20347e-18
13209.80000	-1.93817e-19	2.25628e-18
13211.10000	1.10370e-18	2.44466e-18
13212.40000	1.59475e-18	1.73178e-18
13213.70000	4.24155e-19	9.20627e-19
13215.00000	4.15659e-19	6.56295e-19
13216.30000	7.21523e-19	5.68134e-19
13217.60000	9.50210e-20	5.49910e-19
13218.90000	3.29191e-19	5.23138e-19
13220.20000	2.73178e-19	5.46850e-19
13221.50000	-3.90083e-19	7.16062e-19
13222.80000	-6.33247e-19	6.67722e-19
13224.10000	3.31145e-19	5.20504e-19
13225.40000	4.67490e-19	4.85491e-19
13226.70000	-1.38209e-19	5.28400e-19
13228.00000	-6.66447e-19	5.32974e-19
13229.30000	-1.75232e-18	5.31901e-19
13230.60000	-1.03333e-18	4.97618e-19
13231.90000	5.11375e-19	5.24589e-19
13233.20000	-5.02156e-19	8.67296e-19
13234.50000	1.64246e-18	2.37626e-18
13235.80000	2.70277e-18	3.28894e-18
13237.20000	3.73722e-19	3.23373e-18
13238.50000	3.82095e-19	2.10843e-18
13239.80000	-4.17343e-19	1.07915e-18
13241.10000	1.05074e-19	6.52392e-19
13242.40000	8.74794e-19	4.85001e-19
13243.70000	9.22842e-20	4.40243e-19
13245.00000	3.52289e-19	5.30177e-19
13246.30000	7.32306e-19	6.57296e-19
13247.60000	-5.78762e-20	6.73723e-19
13248.90000	2.71191e-19	5.52484e-19
13250.20000	2.41010e-21	4.33515e-19
13251.50000	1.68562e-19	3.93626e-19
13252.80000	5.19537e-19	3.82465e-19
13254.10000	2.56021e-19	3.82064e-19
13255.40000	6.02903e-19	3.87945e-19
13256.70000	6.36428e-19	4.00967e-19
13258.00000	4.04253e-19	4.11144e-19
13259.30000	8.72538e-19	3.95842e-19
13260.60000	3.80857e-19	3.78227e-19
13261.90000	7.57832e-20	3.81352e-19
13263.20000	1.30280e-20	3.89712e-19
13264.50000	1.13958e-19	4.12907e-19
13265.80000	9.95861e-20	5.20739e-19
13267.10000	-2.25466e-19	6.27293e-19
13268.40000	2.38364e-19	6.76042e-19
13269.70000	-7.21333e-20	6.05417e-19
13271.00000	-2.59213e-19	5.17803e-19
13272.30000	4.12850e-19	4.36125e-19
13273.60000	5.93921e-19	4.67203e-19
13274.90000	3.85852e-19	5.64367e-19
13276.20000	4.50251e-20	6.45383e-19
13277.60000	7.24384e-19	6.75279e-19
13278.90000	3.01807e-19	6.55442e-19
13280.20000	7.60148e-20	6.39604e-19
13281.50000	4.29318e-19	5.73589e-19
13282.80000	4.68062e-20	4.58702e-19
13284.10000	2.87183e-19	4.23553e-19
13285.40000	-3.52323e-20	4.28881e-19
13286.70000	-3.49215e-19	4.27223e-19
13288.00000	-2.70937e-19	4.28567e-19
13289.30000	4.02446e-19	4.22883e-19
13290.60000	3.91081e-19	4.17563e-19
13291.90000	6.35988e-19	4.09193e-19
13293.20000	2.01062e-19	3.87663e-19
13294.50000	-4.23034e-19	3.93661e-19
13295.80000	-4.65502e-19	4.57271e-19
13297.10000	9.49794e-20	5.84903e-19
13298.40000	-2.10418e-19	7.30627e-19
13299.70000	-2.29759e-19	1.02815e-18
13301.00000	-1.88214e-18	1.46670e-18
13302.30000	1.55700e-18	1.51200e-18
13303.60000	4.73001e-19	1.08776e-18
13304.90000	4.59023e-19	6.30129e-19
13306.20000	-2.15614e-19	4.69028e-19
13307.50000	1.03667e-18	4.12352e-19
13308.80000	6.84074e-19	4.07385e-19
13310.10000	8.10758e-19	4.25179e-19
13311.40000	-1.07408e-19	4.35881e-19
13312.70000	5.71492e-20	4.34867e-19
13314.00000	9.38051e-19	4.37049e-19
13315.30000	6.13993e-19	4.54165e-19
13316.60000	8.76474e-19	4.70592e-19
13317.90000	5.49428e-19	4.56675e-19
13319.30000	1.73449e-19	4.50463e-19
13320.60000	-4.66414e-19	5.75661e-19
13321.90000	-2.50963e-19	1.14500e-18
13323.20000	-7.97412e-19	2.16869e-18
13324.50000	-4.50099e-19	2.54013e-18
13325.80000	-7.00294e-19	2.17146e-18
13327.10000	-1.64181e-18	1.27221e-18
13328.40000	8.99735e-19	7.02892e-19
13329.70000	4.87209e-19	4.81052e-19
13331.00000	3.91434e-19	4.11051e-19
13332.30000	-2.74272e-19	4.00697e-19
13333.60000	-3.93676e-19	4.06396e-19
13334.90000	1.89434e-20	4.40349e-19
13336.20000	3.91553e-19	4.80028e-19
13337.50000	-9.16937e-20	5.58920e-19
13338.80000	-1.10937e-19	5.56805e-19
13340.10000	1.25720e-19	5.26327e-19
13341.40000	1.25197e-19	4.83945e-19
13342.70000	3.85648e-19	4.32303e-19
13344.00000	4.99333e-19	4.06692e-19
13345.30000	2.51115e-19	4.21669e-19
13346.60000	6.38621e-19	4.47956e-19
13347.90000	7.24949e-19	4.55178e-19
13349.20000	9.68992e-19	4.33332e-19
13350.50000	3.70408e-19	4.54887e-19
13351.80000	-5.80606e-19	5.18368e-19
13353.10000	4.30561e-19	5.20201e-19
13354.40000	3.07334e-19	4.76363e-19
13355.70000	4.24847e-19	4.27585e-19
13357.00000	4.18028e-20	4.32628e-19
13358.30000	6.58526e-19	4.42644e-19
13359.70000	6.97443e-19	4.99218e-19
13361.00000	-1.76145e-19	5.75099e-19
13362.30000	4.60562e-19	5.65983e-19
13363.60000	6.31089e-19	4.94732e-19
13364.90000	6.97192e-19	4.50963e-19
13366.20000	5.88159e-19	4.27901e-19
13367.50000	-2.62416e-19	3.88952e-19
13368.80000	4.02057e-20	3.95155e-19
13370.10000	-4.59526e-19	4.54080e-19
13371.40000	4.67819e-19	4.26016e-19
13372.70000	6.79723e-19	4.30377e-19
13374.00000	6.02882e-20	4.27669e-19
13375.30000	-7.89065e-20	4.17093e-19
13376.60000	-5.28082e-19	4.32361e-19
13377.90000	-8.31790e-19	4.37288e-19
13379.20000	3.58962e-19	4.21266e-19
13380.50000	1.79888e-19	4.12141e-19
13381.80000	2.60561e-19	4.12999e-19
13383.10000	1.05143e-19	4.14066e-19
13384.40000	3.36677e-19	4.11007e-19
13385.70000	5.21098e-19	4.20661e-19
13387.00000	1.15592e-18	4.26463e-19
13388.30000	8.95893e-20	4.31469e-19
13389.60000	-5.80753e-19	4.36006e-19
13390.90000	3.01845e-19	4.42292e-19
13392.20000	-7.78759e-20	4.77273e-19
13393.50000	7.40135e-19	5.23998e-19
13394.80000	1.01565e-18	5.79302e-19
13396.10000	-7.75799e-19	5.11146e-19
13397.40000	-3.32803e-19	5.67552e-19
13398.70000	2.08425e-19	8.89344e-19
13400.00000	-1.79693e-18	1.34639e-18
13401.40000	4.72624e-19	1.48781e-18
13402.70000	1.17895e-18	1.22607e-18
13404.00000	9.57407e-19	8.22411e-19
13405.30000	6.72280e-19	6.47206e-19
13406.60000	3.19042e-19	5.33675e-19
13407.90000	1.24580e-19	4.45317e-19
13409.20000	-6.34105e-20	4.14137e-19
13410.50000	-5.70897e-19	4.18312e-19
13411.80000	-5.42053e-19	4.93372e-19
13413.10000	-3.58733e-19	6.33113e-19
13414.40000	-4.34255e-20	7.13902e-19
13415.70000	-5.95899e-19	7.21085e-19
13417.00000	1.05217e-19	6.73464e-19
13418.30000	6.14652e-19	8.47178e-19
13419.60000	1.31908e-18	1.35138e-18
13420.90000	5.60528e-19	1.75570e-18
13422.20000	3.50927e-19	1.71571e-18
13423.50000	3.59418e-19	1.31445e-18
13424.80000	1.29573e-18	8.77140e-19
13426.10000	1.61187e-19	7.09227e-19
13427.40000	-1.04098e-18	6.29636e-19
13428.70000	-3.45228e-19	5.11980e-19
13430.00000	-1.92435e-19	4.51750e-19
13431.30000	1.20254e-19	4.22954e-19
13432.60000	3.84252e-19	4.05906e-19
13433.90000	1.79711e-19	4.09853e-19
13435.20000	4.87965e-20	4.40553e-19
13436.50000	-1.07637e-19	5.11243e-19
13437.80000	3.88165e-19	5.57982e-19
13439.10000	9.15229e-19	5.87420e-19
13440.40000	-6.95038e-20	6.30292e-19
13441.80000	4.46998e-19	6.09201e-19
13443.10000	1.16476e-18	6.14865e-19
13444.40000	7.06120e-19	7.03909e-19
13445.70000	4.89159e-19	7.18864e-19
13447.00000	1.07379e-18	7.27085e-19
13448.30000	4.25690e-19	6.95527e-19
13449.60000	8.21180e-19	6.10991e-19
13450.90000	9.55019e-19	4.98623e-19
13452.20000	8.15459e-19	5.12554e-19
13453.50000	1.83355e-19	4.90839e-19
13454.80000	1.06942e-18	5.28676e-19
13456.10000	8.81610e-19	6.04551e-19
13457.40000	-1.49568e-19	5.57495e-19
13458.70000	-4.25354e-19	6.23492e-19
13460.00000	-2.18461e-19	5.37514e-19
13461.30000	2.97854e-19	5.08959e-19
13462.60000	7.29278e-19	5.52749e-19
13463.90000	8.87320e-19	5.73781e-19
13465.20000	1.29214e-18	5.77553e-19
13466.50000	3.04193e-19	5.69767e-19
13467.80000	-8.87168e-19	5.72193e-19
13469.10000	-5.35302e-19	5.95185e-19
13470.40000	-3.02380e-19	5.13603e-19
13471.70000	5.30099e-19	5.24965e-19
13473.00000	-1.32931e-19	5.89539e-19
13474.30000	3.37960e-20	6.86973e-19
13475.60000	1.63509e-18	8.44514e-19
13476.90000	1.64393e-18	9.77541e-19
13478.20000	2.21821e-19	1.07624e-18
13479.50000	3.22724e-18	1.09814e-18
13480.80000	-2.49203e-19	1.05023e-18
13482.10000	1.86086e-18	9.99142e-19
13483.50000	2.88557e-18	1.14136e-18
13484.80000	5.57940e-19	1.01052e-18
13486.10000	6.66631e-19	9.99645e-19
13487.40000	8.77812e-19	9.62637e-19
13488.70000	-6.33944e-19	8.80447e-19
13490.00000	3.86247e-19	8.30075e-19
13491.30000	3.40199e-19	8.04936e-19
13492.60000	5.06668e-19	7.56148e-19
13493.90000	1.13294e-18	7.37309e-19
13495.20000	-5.20186e-19	7.84004e-19
13496.50000	3.40139e-19	7.52489e-19
13497.80000	1.00320e-18	7.98122e-19
13499.10000	9.79498e-19	8.96506e-19
13500.40000	-1.74636e-18	1.06426e-18
13501.70000	2.05970e-18	1.28149e-18
13503.00000	-1.59084e-18	1.51216e-18
13504.30000	-5.33647e-19	1.70944e-18
13505.60000	-1.06011e-18	1.90195e-18
13506.90000	1.74034e-18	2.47195e-18
13508.20000	-4.53081e-18	3.47362e-18
13509.50000	-4.74674e-18	3.19581e-18
13510.80000	6.85774e-19	2.47833e-18
13512.10000	-4.07803e-20	1.76949e-18
13513.40000	2.27661e-18	1.71272e-18
13514.70000	5.49533e-18	1.83980e-18
13516.00000	-1.61414e-18	2.03152e-18
13517.30000	-1.25752e-18	2.05988e-18
13518.60000	3.60427e-18	2.18341e-18
13519.90000	2.75399e-18	1.71134e-18
