#macsj1149_mos_1.J.5808.fc.1d.esc.slc.txt
#Applied Total SLC: 1.1941422856950976
#Wavelength in (A) | Flux (erg/sec/cm2/A)| Flux Error
11530.00000	-7.05195e-19	1.43095e-18
11531.30000	2.02999e-18	1.19560e-18
11532.60000	3.12392e-19	1.24385e-18
11533.90000	5.07158e-19	1.33324e-18
11535.20000	-7.36511e-19	1.90774e-18
11536.50000	-5.54828e-18	4.70527e-18
11537.80000	-7.65618e-19	8.39758e-18
11539.10000	-1.07639e-17	9.22125e-18
11540.40000	1.99905e-18	6.90266e-18
11541.70000	-6.95488e-19	3.07813e-18
11543.00000	9.32365e-19	1.45195e-18
11544.30000	-1.86616e-18	1.14170e-18
11545.60000	-9.34890e-19	1.07504e-18
11546.90000	1.04946e-18	1.05409e-18
11548.20000	1.75510e-18	1.04374e-18
11549.50000	3.42810e-19	1.05579e-18
11550.90000	1.43790e-19	1.06124e-18
11552.20000	-1.67286e-18	1.07254e-18
11553.50000	-4.81970e-19	1.07902e-18
11554.80000	-1.52745e-18	1.08572e-18
11556.10000	1.94945e-18	1.09390e-18
11557.40000	-9.79395e-19	1.09387e-18
11558.70000	1.34974e-18	1.03998e-18
11560.00000	1.73735e-19	1.01957e-18
11561.30000	2.31069e-18	1.18097e-18
11562.60000	2.75268e-18	2.38076e-18
11563.90000	1.36986e-18	3.99076e-18
11565.20000	-3.84036e-18	4.81011e-18
11566.50000	-1.11960e-18	4.12971e-18
11567.80000	-1.04406e-18	2.24018e-18
11569.10000	3.50386e-18	1.38220e-18
11570.40000	2.01452e-18	1.12305e-18
11571.70000	1.27760e-18	9.95012e-19
11573.00000	1.58114e-18	9.99742e-19
11574.30000	4.09344e-18	1.17549e-18
11575.60000	-2.73929e-19	1.36129e-18
11576.90000	4.42211e-19	1.45132e-18
11578.20000	3.19790e-18	1.33896e-18
11579.50000	1.25156e-18	1.15680e-18
11580.80000	-3.32176e-19	1.01251e-18
11582.10000	-3.11945e-19	9.94002e-19
11583.40000	-1.03976e-18	9.70391e-19
11584.70000	1.20368e-18	9.49879e-19
11586.00000	-6.17428e-20	9.98843e-19
11587.30000	-9.98573e-19	1.28258e-18
11588.60000	-5.44688e-19	2.43673e-18
11589.90000	8.64179e-19	5.82372e-18
11591.20000	-6.03608e-18	7.87716e-18
11592.60000	-3.56399e-18	7.12256e-18
11593.90000	6.88060e-18	4.08904e-18
11595.20000	9.82251e-19	1.73363e-18
11596.50000	2.41674e-19	9.75743e-19
11597.80000	2.14104e-18	8.84974e-19
11599.10000	1.52697e-18	8.53303e-19
11600.40000	2.03729e-18	1.14199e-18
11601.70000	1.00884e-18	8.76302e-19
11603.00000	-1.12987e-18	9.01672e-19
11604.30000	2.02916e-18	9.26149e-19
11605.60000	1.23731e-18	9.08253e-19
11606.90000	2.23487e-19	9.10149e-19
11608.20000	3.14129e-19	1.05784e-18
11609.50000	-1.35065e-18	1.21776e-18
11610.80000	-4.57712e-19	1.18217e-18
11612.10000	2.34397e-18	9.64672e-19
11613.40000	1.35097e-18	7.89551e-19
11614.70000	1.27915e-18	7.58149e-19
11616.00000	8.06397e-19	7.92133e-19
11617.30000	4.24672e-19	8.42565e-19
11618.60000	-5.44524e-19	8.57056e-19
11619.90000	1.91386e-19	8.46139e-19
11621.20000	9.03367e-19	1.13479e-18
11622.50000	2.09770e-18	8.80716e-19
11623.80000	1.10597e-19	9.80785e-19
11625.10000	3.18949e-19	1.78111e-18
11626.40000	-6.97124e-18	3.42806e-18
11627.70000	2.50186e-18	4.04531e-18
11629.00000	1.69694e-18	3.30413e-18
11630.30000	1.36430e-18	1.76454e-18
11631.60000	6.52469e-20	9.16384e-19
11633.00000	3.28500e-19	8.70697e-19
11634.30000	2.01532e-18	1.02748e-18
11635.60000	-1.21283e-18	1.01770e-18
11636.90000	-4.27095e-20	8.96281e-19
11638.20000	-9.17894e-19	9.40301e-19
11639.50000	3.59563e-19	9.43414e-19
11640.80000	1.33689e-19	9.28578e-19
11642.10000	-7.33244e-19	8.91430e-19
11643.40000	-1.13729e-18	8.32225e-19
11644.70000	-2.65186e-19	7.78590e-19
11646.00000	-9.22692e-19	8.62799e-19
11647.30000	1.99356e-19	1.37185e-18
11648.60000	-3.44394e-18	3.40663e-18
11649.90000	-4.61314e-18	5.79701e-18
11651.20000	-3.68857e-18	6.04834e-18
11652.50000	2.32995e-18	4.12768e-18
11653.80000	1.42424e-18	1.85911e-18
11655.10000	1.55805e-18	9.01870e-19
11656.40000	1.89157e-18	7.92696e-19
11657.70000	8.54664e-19	7.78595e-19
11659.00000	1.99255e-18	7.47022e-19
11660.30000	-1.15888e-18	7.45731e-19
11661.60000	1.48660e-18	7.74401e-19
11662.90000	2.12248e-19	6.77456e-19
11664.20000	2.04686e-18	7.06461e-19
11665.50000	9.93009e-19	7.03066e-19
11666.80000	5.54638e-19	6.90301e-19
11668.10000	-4.20522e-21	6.86475e-19
11669.40000	6.67315e-19	7.51794e-19
11670.70000	-1.81860e-18	8.50814e-19
11672.00000	-5.76524e-19	9.46703e-19
11673.30000	5.84963e-19	9.39256e-19
11674.70000	1.05637e-18	1.03530e-18
11676.00000	-3.38296e-20	8.26450e-19
11677.30000	-3.01632e-19	8.70585e-19
11678.60000	-6.39996e-19	9.72900e-19
11679.90000	3.58567e-19	1.04123e-18
11681.20000	1.17377e-18	1.18444e-18
11682.50000	2.80588e-18	1.66955e-18
11683.80000	8.04006e-19	1.24008e-18
11685.10000	-6.26683e-19	8.90719e-19
11686.40000	-4.62866e-19	7.05474e-19
11687.70000	1.19925e-18	6.53136e-19
11689.00000	2.93167e-20	6.61863e-19
11690.30000	2.67151e-19	6.81987e-19
11691.60000	-6.81772e-19	7.27646e-19
11692.90000	-3.45581e-19	9.38583e-19
11694.20000	4.43987e-19	1.83161e-18
11695.50000	-9.50540e-19	2.91135e-18
11696.80000	-3.18536e-18	2.97976e-18
11698.10000	-1.09124e-19	2.01877e-18
11699.40000	3.03258e-19	1.03905e-18
11700.70000	-1.96551e-19	7.20156e-19
11702.00000	1.47659e-19	7.59574e-19
11703.30000	1.07814e-18	7.85307e-19
11704.60000	1.14939e-18	6.83717e-19
11705.90000	-4.84509e-19	6.78791e-19
11707.20000	7.57821e-19	6.63543e-19
11708.50000	-2.38775e-19	6.60675e-19
11709.80000	-6.11188e-19	6.78905e-19
11711.10000	1.04028e-19	7.75035e-19
11712.40000	-8.85053e-19	1.13651e-18
11713.70000	1.57664e-18	2.33857e-18
11715.00000	3.08780e-18	3.95747e-18
11716.40000	4.63983e-20	4.29263e-18
11717.70000	-3.94254e-20	3.18756e-18
11719.00000	1.21084e-18	1.53477e-18
11720.30000	-2.22680e-19	7.77695e-19
11721.60000	-7.95719e-19	8.14585e-19
11722.90000	-4.90726e-19	7.07092e-19
11724.20000	3.18370e-19	6.97697e-19
11725.50000	4.38536e-19	6.96534e-19
11726.80000	-7.69942e-19	7.11305e-19
11728.10000	6.08672e-19	8.72807e-19
11729.40000	4.71428e-19	7.60824e-19
11730.70000	-4.59756e-19	7.18551e-19
11732.00000	6.84503e-20	6.69954e-19
11733.30000	1.16690e-18	6.75001e-19
11734.60000	5.27340e-19	6.67949e-19
11735.90000	5.45835e-19	6.68582e-19
11737.20000	6.27055e-19	6.93202e-19
11738.50000	-1.28446e-18	8.18145e-19
11739.80000	2.23992e-18	8.74722e-19
11741.10000	3.28990e-19	7.30752e-19
11742.40000	1.27108e-18	6.91888e-19
11743.70000	8.52558e-19	6.80347e-19
11745.00000	1.04801e-18	6.64882e-19
11746.30000	1.68333e-18	6.51212e-19
11747.60000	1.84639e-18	6.52063e-19
11748.90000	-5.34842e-20	7.61304e-19
11750.20000	5.02991e-19	7.09170e-19
11751.50000	-7.08194e-19	6.85365e-19
11752.80000	1.46709e-18	6.93281e-19
11754.10000	6.82108e-19	7.08457e-19
11755.40000	3.44262e-19	7.68242e-19
11756.80000	1.14063e-18	9.06478e-19
11758.10000	4.91870e-19	9.13675e-19
11759.40000	-2.07384e-19	8.86654e-19
11760.70000	3.37367e-19	6.46568e-19
11762.00000	6.71869e-19	6.18978e-19
11763.30000	1.21345e-18	6.17739e-19
11764.60000	1.00407e-18	6.24065e-19
11765.90000	7.50466e-19	6.67959e-19
11767.20000	8.21173e-19	7.81438e-19
11768.50000	6.45672e-19	1.27828e-18
11769.80000	3.43291e-20	2.03204e-18
11771.10000	1.14769e-18	2.25173e-18
11772.40000	1.09755e-18	1.98665e-18
11773.70000	2.21135e-18	1.04428e-18
11775.00000	-1.66205e-19	7.87198e-19
11776.30000	1.97918e-18	7.07627e-19
11777.60000	7.93582e-19	7.16004e-19
11778.90000	2.47691e-18	7.35008e-19
11780.20000	1.18722e-18	8.33429e-19
11781.50000	6.36756e-19	8.59638e-19
11782.80000	-5.55255e-20	9.16888e-19
11784.10000	-8.54379e-20	1.00385e-18
11785.40000	1.93197e-18	1.49718e-18
11786.70000	3.03503e-18	2.40223e-18
11788.00000	-1.14929e-18	2.74900e-18
11789.30000	-1.05996e-18	2.27721e-18
11790.60000	1.93962e-18	1.40029e-18
11791.90000	1.22908e-18	9.25729e-19
11793.20000	1.83449e-18	7.84153e-19
11794.50000	7.51130e-19	6.79355e-19
11795.80000	-2.46355e-19	6.61078e-19
11797.10000	5.34106e-19	7.07329e-19
11798.50000	1.46050e-18	6.58431e-19
11799.80000	9.45328e-19	6.23421e-19
11801.10000	-3.13860e-19	6.07949e-19
11802.40000	1.15552e-18	6.19993e-19
11803.70000	6.47811e-19	6.63523e-19
11805.00000	8.84662e-19	7.42398e-19
11806.30000	-9.03616e-19	7.77789e-19
11807.60000	9.13742e-19	7.67874e-19
11808.90000	-2.49487e-19	7.64343e-19
11810.20000	-1.41852e-19	7.66692e-19
11811.50000	7.27565e-19	7.55536e-19
11812.80000	-1.89804e-19	7.08692e-19
11814.10000	2.80290e-19	6.59201e-19
11815.40000	1.22478e-18	6.52059e-19
11816.70000	6.62682e-19	7.62720e-19
11818.00000	1.36077e-18	7.09682e-19
11819.30000	-8.72340e-19	6.79608e-19
11820.60000	-6.75008e-19	6.73470e-19
11821.90000	9.40798e-21	6.73446e-19
11823.20000	-5.14465e-19	6.50293e-19
11824.50000	3.50936e-19	6.43984e-19
11825.80000	2.56745e-19	6.35426e-19
11827.10000	-5.94646e-19	6.36257e-19
11828.40000	-6.01725e-19	6.33211e-19
11829.70000	-7.42466e-19	5.92315e-19
11831.00000	1.06022e-18	6.69908e-19
11832.30000	6.14415e-19	6.46406e-19
11833.60000	1.16421e-18	6.53487e-19
11834.90000	1.08868e-18	6.38236e-19
11836.20000	1.81175e-18	6.69877e-19
11837.50000	2.04872e-19	7.40480e-19
11838.90000	3.19856e-19	6.93116e-19
11840.20000	-2.39189e-19	6.69894e-19
11841.50000	1.31762e-18	6.62542e-19
11842.80000	5.76145e-19	6.43779e-19
11844.10000	-5.92037e-20	6.90805e-19
11845.40000	-8.24861e-19	7.81772e-19
11846.70000	6.83196e-19	6.54694e-19
11848.00000	1.26423e-19	6.92216e-19
11849.30000	-2.39526e-19	1.02930e-18
11850.60000	7.14452e-19	1.40665e-18
11851.90000	4.33200e-20	1.39814e-18
11853.20000	8.42046e-19	1.06521e-18
11854.50000	1.25662e-18	7.26545e-19
11855.80000	-1.05166e-18	6.36730e-19
11857.10000	1.04510e-19	6.35037e-19
11858.40000	-6.42136e-19	6.41626e-19
11859.70000	1.26156e-18	6.39826e-19
11861.00000	1.18200e-18	6.39452e-19
11862.30000	1.73381e-18	6.81148e-19
11863.60000	1.66529e-18	9.33793e-19
11864.90000	6.97512e-19	1.47965e-18
11866.20000	-6.43732e-19	1.88393e-18
11867.50000	9.85653e-19	1.68109e-18
11868.80000	1.20304e-18	1.18914e-18
11870.10000	4.23679e-18	8.96775e-19
11871.40000	-1.23269e-20	8.27273e-19
11872.70000	1.41278e-18	7.46335e-19
11874.00000	4.13320e-19	6.63143e-19
11875.30000	5.40580e-19	6.40709e-19
11876.60000	-1.40437e-19	6.71416e-19
11877.90000	1.01160e-18	7.84548e-19
11879.20000	4.86894e-19	6.79514e-19
11880.60000	1.26984e-18	6.57304e-19
11881.90000	-7.19120e-19	6.46556e-19
11883.20000	1.06129e-18	6.55318e-19
11884.50000	1.49550e-18	6.81207e-19
11885.80000	1.48194e-18	7.34319e-19
11887.10000	-5.80796e-19	8.00693e-19
11888.40000	2.06335e-20	1.12281e-18
11889.70000	4.31454e-20	7.34247e-19
11891.00000	4.00939e-19	6.57687e-19
11892.30000	-8.05176e-19	6.47268e-19
11893.60000	1.59388e-18	6.59287e-19
11894.90000	-6.37271e-19	7.20629e-19
11896.20000	3.78261e-20	6.48072e-19
11897.50000	-1.21325e-18	6.32411e-19
11898.80000	-1.13957e-19	7.06853e-19
11900.10000	-9.59844e-20	7.79288e-19
11901.40000	3.51421e-19	8.20750e-19
11902.70000	9.65398e-19	8.17882e-19
11904.00000	1.41089e-18	1.02610e-18
11905.30000	-3.11865e-19	1.39598e-18
11906.60000	-8.41147e-19	8.15278e-19
11907.90000	-1.39083e-18	8.21274e-19
11909.20000	1.19379e-18	7.90731e-19
11910.50000	-1.85828e-18	7.65915e-19
11911.80000	-2.13294e-20	7.06069e-19
11913.10000	1.06495e-18	6.93449e-19
11914.40000	1.08231e-18	7.29160e-19
11915.70000	3.32505e-19	7.39541e-19
11917.00000	1.78578e-18	7.16045e-19
11918.30000	8.74220e-19	6.71344e-19
11919.60000	5.29880e-19	6.60481e-19
11921.00000	8.20999e-19	6.47641e-19
11922.30000	1.16224e-18	6.11588e-19
11923.60000	2.22816e-19	5.92905e-19
11924.90000	8.79544e-19	5.85045e-19
11926.20000	3.38964e-19	5.98179e-19
11927.50000	-3.42835e-20	5.88483e-19
11928.80000	-6.81727e-19	5.74355e-19
11930.10000	-3.15639e-19	5.80624e-19
11931.40000	-8.61658e-19	6.20728e-19
11932.70000	1.63451e-18	7.45922e-19
11934.00000	-1.25824e-18	9.06675e-19
11935.30000	-3.46117e-19	8.58759e-19
11936.60000	-1.05834e-18	1.03920e-18
11937.90000	1.24064e-18	1.15430e-18
11939.20000	4.95180e-19	1.01522e-18
11940.50000	6.22808e-19	7.67337e-19
11941.80000	2.00745e-19	6.18523e-19
11943.10000	9.57020e-19	6.08241e-19
11944.40000	8.27805e-20	5.91264e-19
11945.70000	5.55273e-19	5.86613e-19
11947.00000	1.02162e-18	5.99857e-19
11948.30000	1.44853e-18	6.77953e-19
11949.60000	4.52611e-19	9.42054e-19
11950.90000	1.60710e-18	1.18044e-18
11952.20000	2.11108e-18	1.18474e-18
11953.50000	1.69359e-18	9.39630e-19
11954.80000	-1.65126e-19	6.98466e-19
11956.10000	1.66284e-18	6.11324e-19
11957.40000	-1.17612e-19	5.99479e-19
11958.70000	3.20711e-19	6.05460e-19
11960.00000	-7.46586e-19	6.07676e-19
11961.30000	4.31679e-19	6.15765e-19
11962.70000	-3.95222e-19	6.06555e-19
11964.00000	7.92838e-19	6.59890e-19
11965.30000	-4.58333e-19	9.23935e-19
11966.60000	-3.15863e-18	1.33266e-18
11967.90000	2.37336e-19	1.87677e-18
11969.20000	4.12693e-18	1.93723e-18
11970.50000	1.06439e-18	1.62438e-18
11971.80000	9.73522e-19	1.62811e-18
11973.10000	4.38315e-19	1.95106e-18
11974.40000	-1.25939e-18	2.39675e-18
11975.70000	-2.39416e-18	2.35022e-18
11977.00000	7.90972e-19	1.81245e-18
11978.30000	-7.49629e-19	1.05678e-18
11979.60000	-8.29018e-19	7.74868e-19
11980.90000	3.15802e-19	1.01365e-18
11982.20000	1.09461e-18	1.61239e-18
11983.50000	-9.83240e-19	1.89889e-18
11984.80000	-8.98011e-19	1.78871e-18
11986.10000	1.30910e-18	1.93043e-18
11987.40000	-1.04537e-18	3.03383e-18
11988.70000	-5.22484e-18	3.40813e-18
11990.00000	1.12335e-18	2.58869e-18
11991.30000	-9.14020e-19	1.19208e-18
11992.60000	8.41251e-19	6.87894e-19
11993.90000	1.45402e-18	6.59364e-19
11995.20000	-2.12629e-20	6.20682e-19
11996.50000	-7.12244e-19	7.04214e-19
11997.80000	1.29948e-18	1.25363e-18
11999.10000	1.24251e-18	2.14444e-18
12000.40000	-2.47025e-19	2.33681e-18
12001.70000	-5.99313e-19	1.90783e-18
12003.10000	-6.14761e-19	1.40997e-18
12004.40000	-2.67637e-18	1.77936e-18
12005.70000	-3.77393e-18	3.55938e-18
12007.00000	-1.24243e-18	4.30141e-18
12008.30000	4.27354e-18	3.42925e-18
12009.60000	6.99238e-19	1.53019e-18
12010.90000	9.81854e-19	7.23058e-19
12012.20000	1.76646e-19	6.50802e-19
12013.50000	-8.91259e-20	6.96073e-19
12014.80000	2.80325e-19	6.97444e-19
12016.10000	7.82418e-19	6.50222e-19
12017.40000	-1.54966e-19	6.09743e-19
12018.70000	4.84736e-19	6.14950e-19
12020.00000	4.09154e-19	6.52778e-19
12021.30000	5.12171e-19	9.56453e-19
12022.60000	9.60861e-19	2.11522e-18
12023.90000	-2.71420e-19	2.77047e-18
12025.20000	2.89987e-18	2.79441e-18
12026.50000	3.71437e-18	1.85496e-18
12027.80000	1.43930e-18	1.71669e-18
12029.10000	-2.98893e-18	3.36303e-18
12030.40000	-1.79154e-18	4.56564e-18
12031.70000	-4.99910e-18	4.10769e-18
12033.00000	-3.93690e-18	2.21559e-18
12034.30000	1.40909e-18	1.06580e-18
12035.60000	2.12430e-19	7.72967e-19
12036.90000	8.92849e-19	6.87692e-19
12038.20000	-1.14761e-18	6.58308e-19
12039.50000	-4.77923e-19	7.63913e-19
12040.80000	1.45331e-18	1.01731e-18
12042.10000	2.02607e-19	1.48767e-18
12043.40000	-7.20057e-20	1.02055e-18
12044.80000	1.84932e-19	9.29840e-19
12046.10000	6.22037e-19	7.44371e-19
12047.40000	-2.53224e-19	6.17253e-19
12048.70000	2.68025e-19	5.96127e-19
12050.00000	1.38491e-18	6.23333e-19
12051.30000	6.18629e-19	6.46487e-19
12052.60000	4.92321e-19	8.23701e-19
12053.90000	3.82613e-18	1.75989e-18
12055.20000	6.92035e-19	2.59615e-18
12056.50000	1.57758e-18	2.56130e-18
12057.80000	-7.21403e-19	1.77227e-18
12059.10000	1.81886e-19	1.08933e-18
12060.40000	-2.51181e-19	8.21511e-19
12061.70000	-1.23975e-18	6.94043e-19
12063.00000	-8.62705e-19	6.61892e-19
12064.30000	-3.12844e-19	6.61802e-19
12065.60000	1.64430e-18	6.77209e-19
12066.90000	6.82382e-19	6.82721e-19
12068.20000	-8.12717e-19	6.33526e-19
12069.50000	-1.19641e-18	5.99757e-19
12070.80000	8.96715e-20	6.05177e-19
12072.10000	6.70492e-19	6.28907e-19
12073.40000	-7.24234e-19	6.46338e-19
12074.70000	-2.20060e-19	5.60953e-19
12076.00000	6.34056e-19	6.10746e-19
12077.30000	1.55572e-19	5.71630e-19
12078.60000	-1.69397e-19	7.47323e-19
12079.90000	1.43329e-18	7.14933e-19
12081.20000	7.83104e-19	7.93530e-19
12082.50000	-3.52795e-19	6.13556e-19
12083.80000	2.69174e-19	6.15878e-19
12085.20000	-5.39310e-20	5.71146e-19
12086.50000	-2.90866e-19	5.54508e-19
12087.80000	-1.81519e-18	5.61276e-19
12089.10000	-5.05446e-19	5.66012e-19
12090.40000	2.65436e-19	5.73590e-19
12091.70000	6.45535e-19	5.70316e-19
12093.00000	3.07359e-19	5.70396e-19
12094.30000	1.60394e-18	6.44700e-19
12095.60000	-3.64167e-19	7.87392e-19
12096.90000	-1.04092e-18	8.63653e-19
12098.20000	-5.91619e-19	8.04135e-19
12099.50000	-4.36983e-19	6.75328e-19
12100.80000	-8.96622e-20	6.05513e-19
12102.10000	8.36983e-19	6.00387e-19
12103.40000	3.81741e-20	5.64784e-19
12104.70000	9.31553e-19	5.39072e-19
12106.00000	1.21951e-19	5.37530e-19
12107.30000	8.62585e-19	5.27543e-19
12108.60000	-2.74445e-19	5.27116e-19
12109.90000	7.26084e-19	5.40094e-19
12111.20000	1.57118e-19	5.54690e-19
12112.50000	-5.89436e-19	5.71964e-19
12113.80000	-1.16369e-18	5.80287e-19
12115.10000	-8.07720e-19	6.09060e-19
12116.40000	-4.99667e-19	6.73968e-19
12117.70000	5.78829e-19	1.01727e-18
12119.00000	-4.36707e-19	2.09057e-18
12120.30000	-3.50088e-18	3.83740e-18
12121.60000	-6.76937e-19	6.34491e-18
12122.90000	-2.41570e-18	6.45319e-18
12124.20000	-2.50996e-18	3.97483e-18
12125.50000	2.07956e-19	1.39417e-18
12126.90000	-1.54983e-18	7.80628e-19
12128.20000	-7.37671e-19	7.91972e-19
12129.50000	-5.37338e-19	1.15443e-18
12130.80000	2.50137e-19	1.46636e-18
12132.10000	-1.03544e-18	1.48401e-18
12133.40000	-1.66461e-18	2.01102e-18
12134.70000	-4.11395e-18	3.72304e-18
12136.00000	-4.54771e-18	3.94506e-18
12137.30000	1.21499e-18	2.87068e-18
12138.60000	1.07800e-18	1.28278e-18
12139.90000	-4.74529e-19	8.79033e-19
12141.20000	1.16149e-18	9.93614e-19
12142.50000	4.88410e-19	1.10211e-18
12143.80000	1.88015e-19	1.01354e-18
12145.10000	1.95337e-19	8.49682e-19
12146.40000	4.10818e-19	8.00663e-19
12147.70000	-8.44035e-20	9.26480e-19
12149.00000	-2.25788e-19	9.53858e-19
12150.30000	4.47803e-19	8.07511e-19
12151.60000	7.66730e-19	8.32611e-19
12152.90000	6.96697e-19	1.49378e-18
12154.20000	-2.12844e-18	2.25502e-18
12155.50000	-2.60196e-18	2.21706e-18
12156.80000	1.26863e-18	1.44074e-18
12158.10000	1.27448e-18	8.67402e-19
12159.40000	-1.64042e-19	6.99807e-19
12160.70000	4.76923e-19	6.93043e-19
12162.00000	5.46855e-19	7.14923e-19
12163.30000	-1.54752e-19	7.01391e-19
12164.60000	1.80274e-19	6.72381e-19
12165.90000	7.58732e-19	6.51784e-19
12167.20000	-8.86792e-21	6.45830e-19
12168.60000	-2.71431e-19	5.95590e-19
12169.90000	8.90280e-19	5.53253e-19
12171.20000	1.65731e-18	5.95286e-19
12172.50000	7.88183e-19	6.63193e-19
12173.80000	-1.26331e-19	6.59232e-19
12175.10000	-7.10768e-19	5.91837e-19
12176.40000	6.08469e-20	6.27646e-19
12177.70000	5.59146e-20	9.27532e-19
12179.00000	2.56103e-19	1.26857e-18
12180.30000	-6.28082e-19	1.32067e-18
12181.60000	3.11888e-19	1.10537e-18
12182.90000	3.78695e-19	9.78178e-19
12184.20000	5.06854e-19	8.67761e-19
12185.50000	-3.95558e-19	5.39042e-19
12186.80000	-7.24397e-19	5.52355e-19
12188.10000	-4.14896e-20	5.61019e-19
12189.40000	2.41556e-19	5.61506e-19
12190.70000	4.44479e-19	5.83161e-19
12192.00000	1.05168e-18	6.33961e-19
12193.30000	1.75627e-18	9.06641e-19
12194.60000	2.46744e-18	2.08686e-18
12195.90000	1.03857e-18	3.12548e-18
12197.20000	1.28083e-18	2.76746e-18
12198.50000	9.53764e-19	1.33640e-18
12199.80000	9.25184e-19	7.67189e-19
12201.10000	-7.84808e-20	6.34306e-19
12202.40000	-5.56676e-19	6.25678e-19
12203.70000	3.83069e-19	5.84182e-19
12205.00000	7.81245e-19	5.70611e-19
12206.30000	6.00668e-19	5.58281e-19
12207.60000	-2.92130e-19	6.30685e-19
12209.00000	-2.67993e-19	7.26265e-19
12210.30000	3.08954e-19	7.88706e-19
12211.60000	1.35989e-18	7.93939e-19
12212.90000	1.04361e-18	7.15638e-19
12214.20000	7.03550e-19	1.03065e-18
12215.50000	1.89787e-18	6.80914e-19
12216.80000	2.22152e-18	5.47883e-19
12218.10000	6.21067e-20	5.50106e-19
12219.40000	-7.55621e-19	5.60837e-19
12220.70000	7.43435e-20	5.86038e-19
12222.00000	1.16462e-18	6.13765e-19
12223.30000	1.72386e-18	6.52975e-19
12224.60000	5.19421e-19	7.22017e-19
12225.90000	5.09751e-19	1.02413e-18
12227.20000	9.98654e-19	2.63824e-18
12228.50000	-1.15622e-18	5.10516e-18
12229.80000	-3.79779e-18	5.33656e-18
12231.10000	-5.07094e-19	3.06183e-18
12232.40000	1.24961e-18	9.80971e-19
12233.70000	-7.98603e-20	6.55255e-19
12235.00000	-1.63676e-20	6.09516e-19
12236.30000	3.23845e-19	6.64362e-19
12237.60000	-1.27693e-19	7.67847e-19
12238.90000	-1.60661e-19	8.70758e-19
12240.20000	3.62267e-19	8.50665e-19
12241.50000	9.33195e-19	7.23618e-19
12242.80000	1.00422e-18	6.08576e-19
12244.10000	1.16907e-18	5.72112e-19
12245.40000	1.26068e-18	6.66594e-19
12246.70000	5.48778e-19	9.21983e-19
12248.00000	-1.09610e-18	9.99990e-19
12249.30000	4.80608e-19	1.05420e-18
12250.70000	1.24922e-19	9.69652e-19
12252.00000	5.93184e-19	7.32385e-19
12253.30000	9.98649e-19	6.96983e-19
12254.60000	6.59952e-19	9.84213e-19
12255.90000	1.93037e-19	2.25516e-18
12257.20000	2.64450e-18	3.39590e-18
12258.50000	5.15431e-18	3.23408e-18
12259.80000	2.09779e-18	1.64989e-18
12261.10000	-8.45627e-19	7.10999e-19
12262.40000	7.86923e-19	5.60188e-19
12263.70000	5.21906e-20	5.41295e-19
12265.00000	-2.79244e-19	5.25223e-19
12266.30000	-1.19431e-20	5.16790e-19
12267.60000	3.73399e-19	5.19798e-19
12268.90000	6.66891e-19	5.35137e-19
12270.20000	1.16245e-18	5.37462e-19
12271.50000	7.20147e-19	5.32562e-19
12272.80000	-8.58745e-19	5.34479e-19
12274.10000	-4.27732e-19	5.59327e-19
12275.40000	6.70266e-19	5.67196e-19
12276.70000	1.19146e-18	5.83444e-19
12278.00000	-4.63473e-19	7.60003e-19
12279.30000	-3.10103e-19	5.82218e-19
12280.60000	2.35622e-19	5.58008e-19
12281.90000	-5.66158e-20	6.13775e-19
12283.20000	7.05826e-19	9.17387e-19
12284.50000	2.65132e-18	2.28650e-18
12285.80000	5.15659e-18	4.85587e-18
12287.10000	-9.68626e-19	5.74224e-18
12288.40000	3.78411e-19	4.12986e-18
12289.70000	1.28663e-19	1.40964e-18
12291.10000	6.75861e-19	7.58960e-19
12292.40000	-1.53538e-19	6.38196e-19
12293.70000	-1.15542e-19	6.01019e-19
12295.00000	7.39426e-20	6.25450e-19
12296.30000	-7.45628e-19	7.82926e-19
12297.60000	-9.48666e-19	1.07649e-18
12298.90000	6.38356e-19	8.04032e-19
12300.20000	-5.21152e-20	6.84475e-19
12301.50000	-1.06188e-18	6.71297e-19
12302.80000	8.62177e-19	7.04888e-19
12304.10000	1.95045e-18	6.89390e-19
12305.40000	7.60169e-19	6.32425e-19
12306.70000	-8.77948e-19	7.40084e-19
12308.00000	-2.99307e-19	6.43665e-19
12309.30000	1.07886e-18	5.83356e-19
12310.60000	-9.91179e-21	5.61356e-19
12311.90000	-1.85448e-19	5.99514e-19
12313.20000	-5.63776e-19	7.54934e-19
12314.50000	8.56823e-19	8.41394e-19
12315.80000	5.42624e-19	7.78406e-19
12317.10000	-2.37739e-19	5.87430e-19
12318.40000	5.48139e-19	5.33081e-19
12319.70000	-2.22091e-19	5.34836e-19
12321.00000	-6.23330e-19	6.48388e-19
12322.30000	4.04432e-19	7.02906e-19
12323.60000	7.96395e-19	1.45190e-18
12324.90000	-1.41837e-19	2.90894e-18
12326.20000	-2.54319e-18	3.16732e-18
12327.50000	-5.03467e-19	2.33601e-18
12328.80000	-2.30263e-19	8.51220e-19
12330.10000	-8.46321e-20	6.77414e-19
12331.40000	4.58533e-19	5.49806e-19
12332.80000	8.74092e-19	5.63567e-19
12334.10000	-6.43104e-20	5.27039e-19
12335.40000	7.17709e-19	5.03718e-19
12336.70000	4.80313e-19	5.06316e-19
12338.00000	-3.48051e-19	5.17285e-19
12339.30000	2.36419e-19	5.14913e-19
12340.60000	1.48727e-20	5.17264e-19
12341.90000	6.73438e-20	5.23076e-19
12343.20000	1.86403e-19	5.07212e-19
12344.50000	1.26629e-18	5.26688e-19
12345.80000	-5.20140e-19	5.59862e-19
12347.10000	9.08272e-19	6.16459e-19
12348.40000	5.37771e-19	1.01379e-18
12349.70000	6.03712e-19	2.94006e-18
12351.00000	-1.00262e-18	4.72269e-18
12352.30000	-2.82762e-18	4.63736e-18
12353.60000	2.49068e-18	2.66882e-18
12354.90000	-4.47274e-20	1.10882e-18
12356.20000	-7.98712e-19	7.53340e-19
12357.50000	-5.09321e-19	5.84739e-19
12358.80000	-1.55913e-19	5.38034e-19
12360.10000	3.05997e-19	6.17415e-19
12361.40000	6.75422e-19	7.42011e-19
12362.70000	1.45410e-18	8.06564e-19
12364.00000	6.67588e-19	7.83808e-19
12365.30000	-9.61344e-19	7.14348e-19
12366.60000	2.15452e-19	5.81654e-19
12367.90000	-1.54669e-19	4.96282e-19
12369.20000	1.28014e-18	4.79786e-19
12370.50000	-8.56238e-19	4.97966e-19
12371.80000	-6.88252e-19	5.01882e-19
12373.20000	-3.69257e-19	5.03530e-19
12374.50000	-5.08449e-19	5.16267e-19
12375.80000	1.30925e-18	6.30553e-19
12377.10000	9.60547e-19	5.86680e-19
12378.40000	8.40024e-19	5.40886e-19
12379.70000	3.88160e-19	5.11436e-19
12381.00000	-1.47820e-19	5.02653e-19
12382.30000	1.33547e-18	4.95528e-19
12383.60000	2.90924e-19	4.92473e-19
12384.90000	2.96131e-19	4.95396e-19
12386.20000	-9.82748e-19	4.82689e-19
12387.50000	4.12586e-20	4.94567e-19
12388.80000	6.51667e-19	6.20558e-19
12390.10000	1.12128e-19	5.76957e-19
12391.40000	-4.15372e-19	7.44951e-19
12392.70000	-1.56274e-19	9.03328e-19
12394.00000	-7.19821e-19	8.96884e-19
12395.30000	3.08531e-19	7.07853e-19
12396.60000	-4.68623e-19	6.03412e-19
12397.90000	4.26243e-19	8.16895e-19
12399.20000	-1.16382e-18	1.84128e-18
12400.50000	8.87550e-19	2.51293e-18
12401.80000	1.86994e-18	2.28734e-18
12403.10000	1.33911e-18	1.23696e-18
12404.40000	5.14502e-19	6.88668e-19
12405.70000	4.64741e-19	5.38545e-19
12407.00000	3.46059e-19	5.14099e-19
12408.30000	6.73697e-19	5.24367e-19
12409.60000	9.19878e-20	5.17702e-19
12410.90000	-6.52967e-20	5.03381e-19
12412.20000	1.06935e-19	4.86010e-19
12413.50000	-3.34439e-19	4.92963e-19
12414.90000	7.11626e-19	5.91933e-19
12416.20000	-7.18882e-20	5.19172e-19
12417.50000	9.32570e-20	5.17773e-19
12418.80000	-8.52247e-20	5.56183e-19
12420.10000	-3.53763e-19	8.49143e-19
12421.40000	4.47870e-19	2.16662e-18
12422.70000	-1.62534e-18	3.47707e-18
12424.00000	-2.09807e-19	3.43619e-18
12425.30000	-2.22907e-18	2.15057e-18
12426.60000	-4.66276e-19	1.12002e-18
12427.90000	1.04342e-18	8.74973e-19
12429.20000	-6.14412e-19	7.07957e-19
12430.50000	4.31176e-19	5.47703e-19
12431.80000	-2.44710e-19	5.11802e-19
12433.10000	-6.47832e-19	5.18689e-19
12434.40000	-7.10762e-19	5.14017e-19
12435.70000	4.52488e-19	5.13866e-19
12437.00000	7.34979e-19	5.07318e-19
12438.30000	1.16051e-18	5.02472e-19
12439.60000	-1.94269e-19	5.04049e-19
12440.90000	-1.44722e-19	5.04611e-19
12442.20000	-2.27534e-19	6.07913e-19
12443.50000	3.37549e-19	5.04618e-19
12444.80000	1.01718e-18	5.10620e-19
12446.10000	7.25493e-19	5.74425e-19
12447.40000	8.87558e-20	6.30679e-19
12448.70000	-8.59552e-19	7.75355e-19
12450.00000	-1.58195e-18	6.57464e-19
12451.30000	-1.92573e-19	6.97967e-19
12452.60000	4.19250e-19	7.40603e-19
12453.90000	5.43933e-19	6.95541e-19
12455.30000	1.00142e-18	5.90485e-19
12456.60000	6.37593e-19	6.13423e-19
12457.90000	8.70895e-19	6.17609e-19
12459.20000	-3.75812e-19	5.82227e-19
12460.50000	-1.54104e-19	5.48310e-19
12461.80000	2.26721e-19	5.45365e-19
12463.10000	4.45052e-19	5.30796e-19
12464.40000	-6.78551e-20	5.33561e-19
12465.70000	-5.43717e-19	5.46091e-19
12467.00000	-5.37518e-19	5.50689e-19
12468.30000	7.90277e-19	5.19608e-19
12469.60000	-4.29685e-19	4.93931e-19
12470.90000	3.59039e-19	5.17029e-19
12472.20000	-3.89969e-19	6.23963e-19
12473.50000	1.11314e-19	7.46846e-19
12474.80000	1.51245e-19	8.17267e-19
12476.10000	8.56991e-19	8.14301e-19
12477.40000	6.00796e-19	7.87681e-19
12478.70000	7.73327e-19	7.55282e-19
12480.00000	1.08435e-18	9.32053e-19
12481.30000	-7.22191e-19	1.61305e-18
12482.60000	-4.92899e-20	2.00894e-18
12483.90000	5.80253e-19	1.66557e-18
12485.20000	-9.94963e-19	1.03011e-18
12486.50000	2.81670e-19	7.58808e-19
12487.80000	-2.93638e-19	6.85829e-19
12489.10000	2.14610e-19	5.90248e-19
12490.40000	1.27479e-18	5.23863e-19
12491.70000	1.52591e-19	5.09158e-19
12493.00000	1.81278e-19	5.20748e-19
12494.30000	-1.87644e-20	6.22092e-19
12495.60000	1.03843e-18	7.20501e-19
12497.00000	2.84817e-18	6.97513e-19
12498.30000	-3.51092e-19	6.32846e-19
12499.60000	-1.25319e-18	9.41481e-19
12500.90000	8.15456e-19	1.95547e-18
12502.20000	1.39173e-18	2.42848e-18
12503.50000	-3.81956e-19	2.11640e-18
12504.80000	6.00711e-19	1.16867e-18
12506.10000	3.99639e-19	6.36430e-19
12507.40000	2.79430e-19	5.30319e-19
12508.70000	-8.18635e-20	6.20652e-19
12510.00000	1.44126e-19	7.93765e-19
12511.30000	4.25565e-19	8.34174e-19
12512.60000	-3.21989e-20	7.70645e-19
12513.90000	-2.10099e-19	6.05212e-19
12515.20000	8.14856e-19	5.54232e-19
12516.50000	4.16476e-19	5.76034e-19
12517.80000	1.97202e-19	5.56466e-19
12519.10000	3.48452e-19	5.42302e-19
12520.40000	-5.52305e-19	5.24255e-19
12521.70000	1.49541e-19	5.18617e-19
12523.00000	-9.73989e-20	5.60786e-19
12524.30000	3.99755e-19	7.76523e-19
12525.60000	3.31308e-19	1.03882e-18
12526.90000	5.19489e-19	1.00621e-18
12528.20000	2.54764e-19	7.81645e-19
12529.50000	1.09036e-19	6.88244e-19
12530.80000	-4.09591e-19	6.02580e-19
12532.10000	4.89752e-19	5.97136e-19
12533.40000	1.33554e-19	5.48571e-19
12534.70000	-4.61071e-19	5.29458e-19
12536.00000	1.63650e-20	5.48578e-19
12537.40000	1.05047e-18	5.62812e-19
12538.70000	1.27192e-18	5.85715e-19
12540.00000	7.03072e-19	7.47550e-19
12541.30000	3.24599e-19	1.14020e-18
12542.60000	-1.20664e-18	1.16141e-18
12543.90000	4.57426e-19	8.16644e-19
12545.20000	3.78706e-19	6.14919e-19
12546.50000	1.35940e-18	5.65303e-19
12547.80000	1.07475e-19	5.63388e-19
12549.10000	1.23501e-18	6.06796e-19
12550.40000	2.32146e-19	6.68031e-19
12551.70000	-9.23845e-19	6.11761e-19
12553.00000	-6.78639e-20	6.13414e-19
12554.30000	3.71377e-20	5.62916e-19
12555.60000	6.09671e-20	6.63874e-19
12556.90000	4.87130e-19	9.85902e-19
12558.20000	2.80881e-18	1.09246e-18
12559.50000	4.13248e-18	8.92128e-19
12560.80000	3.69310e-18	6.36832e-19
12562.10000	2.35359e-18	5.60833e-19
12563.40000	2.40266e-19	5.46164e-19
12564.70000	3.54669e-19	5.20388e-19
12566.00000	-2.88816e-19	5.13376e-19
12567.30000	-6.12320e-19	5.60100e-19
12568.60000	1.17643e-19	6.85625e-19
12569.90000	1.57276e-18	1.09811e-18
12571.20000	1.22949e-18	1.43839e-18
12572.50000	4.12017e-19	1.50112e-18
12573.80000	-3.37711e-19	1.31288e-18
12575.10000	-1.44380e-18	1.05693e-18
12576.40000	-1.26001e-18	7.63228e-19
12577.70000	3.99190e-19	6.03358e-19
12579.10000	-4.57202e-20	5.91412e-19
12580.40000	-4.56533e-19	6.14946e-19
12581.70000	5.31134e-19	6.12750e-19
12583.00000	4.21194e-19	6.16907e-19
12584.30000	6.08658e-19	6.45546e-19
12585.60000	1.00805e-18	7.78255e-19
12586.90000	6.01082e-20	1.16963e-18
12588.20000	-8.91440e-19	1.63720e-18
12589.50000	-1.24764e-18	1.80840e-18
12590.80000	2.41193e-18	1.81470e-18
12592.10000	4.97384e-19	1.26540e-18
12593.40000	1.00308e-19	8.98559e-19
12594.70000	3.77509e-19	8.36782e-19
12596.00000	-1.89406e-20	9.11793e-19
12597.30000	-3.45862e-19	9.66514e-19
12598.60000	-3.69169e-19	9.74305e-19
12599.90000	1.18125e-18	9.86980e-19
12601.20000	4.26388e-19	9.97965e-19
12602.50000	-1.11783e-18	1.06879e-18
12603.80000	5.15618e-19	1.17389e-18
12605.10000	-7.48918e-19	1.44246e-18
12606.40000	-3.19049e-21	1.56729e-18
12607.70000	9.21539e-19	1.55366e-18
12609.00000	-1.36613e-19	1.78927e-18
12610.30000	1.68780e-19	1.60320e-18
12611.60000	-8.28816e-19	1.42152e-18
12612.90000	2.52580e-19	1.42884e-18
12614.20000	1.62852e-18	1.43128e-18
12615.50000	1.82970e-18	1.42064e-18
12616.80000	1.47758e-18	1.35192e-18
12618.10000	-4.37909e-20	1.29363e-18
12619.50000	-2.56618e-19	1.24729e-18
12620.80000	7.80115e-19	1.18939e-18
12622.10000	6.16798e-19	1.17284e-18
12623.40000	2.33794e-18	1.25881e-18
12624.70000	1.54626e-18	1.40764e-18
12626.00000	2.10114e-18	1.50660e-18
12627.30000	1.41432e-18	1.41661e-18
12628.60000	1.30620e-18	1.07225e-18
12629.90000	1.14390e-18	9.78533e-19
12631.20000	2.03931e-18	9.58411e-19
12632.50000	5.72293e-19	1.00818e-18
12633.80000	1.12781e-20	1.07706e-18
12635.10000	-4.37832e-19	1.06194e-18
12636.40000	-1.28860e-18	8.83239e-19
12637.70000	-5.12348e-19	8.19620e-19
12639.00000	-1.03969e-19	8.72399e-19
12640.30000	-1.85116e-19	1.07070e-18
12641.60000	1.16025e-18	1.30933e-18
12642.90000	1.42698e-18	1.34419e-18
12644.20000	7.36100e-19	1.11010e-18
12645.50000	1.05087e-18	8.26425e-19
12646.80000	6.36049e-19	8.23863e-19
12648.10000	2.11514e-19	9.21089e-19
12649.40000	2.41269e-19	9.32217e-19
12650.70000	8.62470e-20	8.93216e-19
12652.00000	-1.78757e-20	8.10487e-19
12653.30000	1.34963e-19	8.44659e-19
12654.60000	4.97525e-19	8.19955e-19
12655.90000	8.99375e-20	9.72400e-19
12657.20000	3.61968e-19	1.05119e-18
12658.50000	6.42681e-20	1.19870e-18
12659.80000	9.51530e-19	1.44058e-18
12661.20000	1.88476e-18	1.43868e-18
12662.50000	1.16803e-18	1.13853e-18
12663.80000	-4.66522e-19	1.13811e-18
12665.10000	6.23945e-19	1.33779e-18
12666.40000	1.06376e-18	1.53786e-18
12667.70000	9.38515e-19	1.41231e-18
12669.00000	-5.92841e-19	1.18239e-18
12670.30000	-1.88216e-19	9.08249e-19
12671.60000	7.51156e-19	9.37515e-19
12672.90000	2.21543e-19	1.40676e-18
12674.20000	9.85739e-19	1.78078e-18
12675.50000	-1.95617e-19	1.63367e-18
12676.80000	-2.94138e-19	1.09758e-18
12678.10000	-7.22390e-19	8.40657e-19
12679.40000	-4.95829e-19	7.88543e-19
12680.70000	5.75479e-19	1.12247e-18
12682.00000	3.61356e-18	2.13337e-18
12683.30000	8.50080e-19	3.39925e-18
12684.60000	1.37056e-18	4.20266e-18
12685.90000	-2.88130e-18	4.28606e-18
12687.20000	1.62486e-18	3.99181e-18
12688.50000	2.16941e-18	3.63044e-18
12689.80000	1.20112e-19	3.43130e-18
12691.10000	1.97803e-18	3.17045e-18
12692.40000	8.36663e-19	2.93573e-18
12693.70000	5.25119e-19	2.75429e-18
12695.00000	-9.66915e-19	2.75675e-18
12696.30000	-3.07549e-18	2.85956e-18
12697.60000	4.76681e-18	2.85179e-18
12698.90000	-1.78602e-18	2.65963e-18
12700.20000	1.87189e-18	2.39417e-18
12701.50000	2.16199e-18	2.15784e-18
12702.90000	8.62181e-19	1.61985e-18
12704.20000	7.52414e-19	1.45792e-18
12705.50000	-1.30950e-18	1.48370e-18
12706.80000	-5.27325e-19	1.57796e-18
12708.10000	-2.23535e-18	1.73681e-18
12709.40000	-1.71177e-18	1.87782e-18
12710.70000	6.12219e-19	2.20589e-18
12712.00000	-1.54591e-20	1.93825e-18
12713.30000	-2.25448e-19	8.96586e-19
12714.60000	2.29931e-19	8.68863e-19
12715.90000	1.36994e-20	1.12292e-18
12717.20000	-2.73640e-19	1.29043e-18
12718.50000	4.80505e-19	1.51488e-18
12719.80000	1.00340e-18	1.62536e-18
12721.10000	-9.65813e-20	1.47798e-18
12722.40000	-4.49962e-19	1.09176e-18
12723.70000	9.29535e-19	1.39340e-18
12725.00000	2.85334e-20	1.83147e-18
12726.30000	6.54508e-19	1.90429e-18
12727.60000	1.60952e-18	1.51032e-18
12728.90000	-2.68473e-19	1.47030e-18
12730.20000	-1.09165e-18	1.48369e-18
12731.50000	1.61964e-18	1.34485e-18
12732.80000	-1.00235e-18	8.30229e-19
12734.10000	-1.88397e-19	7.00768e-19
12735.40000	1.15263e-19	8.62705e-19
12736.70000	4.49400e-19	1.22872e-18
12738.00000	1.87433e-18	1.37754e-18
12739.30000	1.09697e-18	1.57658e-18
12740.60000	-1.19898e-18	1.59711e-18
12741.90000	2.18345e-19	1.64204e-18
12743.30000	1.48089e-18	1.86752e-18
12744.60000	-4.58343e-19	2.07831e-18
12745.90000	-4.02406e-19	2.13464e-18
12747.20000	-1.27852e-18	2.82279e-18
12748.50000	-8.02599e-19	2.42296e-18
12749.80000	1.41218e-18	2.81541e-18
12751.10000	-3.06197e-18	3.11806e-18
12752.40000	8.18936e-19	3.19065e-18
12753.70000	-2.07479e-19	2.84668e-18
12755.00000	8.99648e-19	1.59359e-18
12756.30000	8.20406e-19	9.79562e-19
12757.60000	3.31452e-18	1.23071e-18
12758.90000	6.37800e-19	2.02085e-18
12760.20000	1.43803e-18	2.59719e-18
12761.50000	2.52824e-18	3.09701e-18
12762.80000	3.00863e-18	3.94420e-18
12764.10000	5.62611e-20	4.07715e-18
12765.40000	1.73019e-18	3.41115e-18
12766.70000	2.09459e-18	1.63078e-18
12768.00000	4.57858e-19	8.91574e-19
12769.30000	1.86973e-18	1.22327e-18
12770.60000	-2.91858e-19	1.76758e-18
12771.90000	2.37336e-18	1.97300e-18
12773.20000	1.00934e-18	1.92973e-18
12774.50000	2.57040e-18	2.06301e-18
12775.80000	-2.11499e-18	2.55053e-18
12777.10000	-1.55045e-18	2.55550e-18
12778.40000	2.84412e-19	2.03734e-18
12779.70000	1.64388e-18	1.71269e-18
12781.00000	-1.21725e-18	3.28511e-18
12782.30000	3.24577e-18	5.43385e-18
12783.60000	-7.05440e-18	4.56925e-18
12785.00000	-1.01898e-17	3.05466e-18
12786.30000	-4.24977e-19	2.02131e-18
12787.60000	-2.72964e-19	1.29217e-18
12788.90000	4.31685e-19	7.16835e-19
12790.20000	8.07522e-19	5.56663e-19
12791.50000	2.10452e-19	5.62188e-19
12792.80000	-4.38552e-19	8.32758e-19
12794.10000	2.04243e-18	1.21072e-18
12795.40000	-3.73722e-19	1.34718e-18
12796.70000	-5.11598e-19	1.36324e-18
12798.00000	2.22574e-18	1.35000e-18
12799.30000	3.89115e-19	1.82692e-18
12800.60000	2.30751e-19	2.67220e-18
12801.90000	8.28933e-20	2.90229e-18
12803.20000	7.86779e-19	2.68431e-18
12804.50000	-1.86192e-18	2.78338e-18
12805.80000	-1.91068e-18	3.91102e-18
12807.10000	-3.55217e-18	4.13804e-18
12808.40000	-2.95352e-19	3.20110e-18
12809.70000	9.45872e-19	1.56326e-18
12811.00000	1.89396e-19	9.70563e-19
12812.30000	6.35620e-19	6.58893e-19
12813.60000	-7.29007e-19	5.67222e-19
12814.90000	-3.44826e-19	5.73072e-19
12816.20000	6.45817e-19	5.74572e-19
12817.50000	4.39797e-19	6.49623e-19
12818.80000	-4.48398e-19	7.61211e-19
12820.10000	1.85619e-19	8.14036e-19
12821.40000	-2.15263e-19	8.61122e-19
12822.70000	1.13797e-18	1.25600e-18
12824.00000	-9.74845e-20	1.76786e-18
12825.40000	6.25647e-19	1.75517e-18
12826.70000	2.94657e-18	1.16954e-18
12828.00000	1.17712e-18	6.85583e-19
12829.30000	-1.24630e-18	6.66156e-19
12830.60000	-7.63843e-19	8.38783e-19
12831.90000	4.98680e-19	1.24562e-18
12833.20000	2.33771e-19	2.23775e-18
12834.50000	-1.95119e-18	2.62452e-18
12835.80000	-2.46952e-18	2.16091e-18
12837.10000	9.16987e-20	1.05796e-18
12838.40000	4.89803e-19	6.05404e-19
12839.70000	8.87870e-19	5.21378e-19
12841.00000	1.05353e-18	5.19263e-19
12842.30000	1.53569e-19	5.81852e-19
12843.60000	1.88513e-18	1.03848e-18
12844.90000	9.33287e-19	1.55161e-18
12846.20000	-5.68055e-19	1.54182e-18
12847.50000	-9.35556e-19	1.04352e-18
12848.80000	-9.92928e-19	6.49327e-19
12850.10000	-7.01539e-19	5.52488e-19
12851.40000	4.58689e-20	5.22572e-19
12852.70000	4.44843e-19	5.08307e-19
12854.00000	1.62139e-18	5.18695e-19
12855.30000	5.97976e-19	5.13309e-19
12856.60000	4.05875e-19	5.12323e-19
12857.90000	-1.64122e-18	5.08635e-19
12859.20000	-6.84169e-19	5.15978e-19
12860.50000	-5.16270e-19	5.26211e-19
12861.80000	9.68833e-19	5.10460e-19
12863.10000	8.96158e-19	5.48189e-19
12864.40000	4.86630e-19	8.21037e-19
12865.70000	7.49223e-19	1.25613e-18
12867.10000	9.44539e-19	1.31506e-18
12868.40000	3.59469e-19	9.85564e-19
12869.70000	6.09611e-19	7.93566e-19
12871.00000	-1.11123e-22	6.88054e-19
12872.30000	1.36612e-18	7.54662e-19
12873.60000	1.39042e-19	7.08480e-19
12874.90000	7.66375e-19	6.08076e-19
12876.20000	4.25597e-19	5.03031e-19
12877.50000	9.10375e-19	4.65945e-19
12878.80000	-2.01121e-19	4.78512e-19
12880.10000	-5.10916e-19	5.76201e-19
12881.40000	-4.59408e-19	7.88424e-19
12882.70000	7.42105e-19	9.23987e-19
12884.00000	1.22790e-18	8.66308e-19
12885.30000	-5.90420e-20	7.78098e-19
12886.60000	-3.44743e-19	9.47188e-19
12887.90000	1.50124e-19	1.07504e-18
12889.20000	7.52962e-19	9.47625e-19
12890.50000	9.13509e-19	6.76448e-19
12891.80000	5.08893e-19	6.51565e-19
12893.10000	-8.76272e-20	8.31050e-19
12894.40000	-7.33632e-19	9.82916e-19
12895.70000	3.25561e-19	1.02469e-18
12897.00000	5.68206e-19	9.45769e-19
12898.30000	8.59058e-19	8.64425e-19
12899.60000	-6.52717e-19	8.02388e-19
12900.90000	-6.69971e-19	1.07528e-18
12902.20000	3.74721e-19	2.04084e-18
12903.50000	-4.10865e-18	3.85704e-18
12904.80000	-4.01509e-18	6.10815e-18
12906.10000	1.26782e-18	6.09149e-18
12907.50000	-3.37145e-18	3.84665e-18
12908.80000	2.39424e-18	1.68821e-18
12910.10000	-4.22527e-19	1.01263e-18
12911.40000	-8.52529e-19	7.57743e-19
12912.70000	3.57925e-19	6.61477e-19
12914.00000	1.68286e-19	9.48433e-19
12915.30000	-7.61647e-19	1.25043e-18
12916.60000	6.11910e-19	1.24151e-18
12917.90000	1.20004e-18	1.23750e-18
12919.20000	-3.19197e-19	2.40787e-18
12920.50000	-2.89016e-18	3.77396e-18
12921.80000	3.51859e-18	3.85978e-18
12923.10000	3.06326e-18	2.10512e-18
12924.40000	-3.29922e-19	9.21232e-19
12925.70000	2.29349e-19	5.81537e-19
12927.00000	-6.97458e-19	5.37311e-19
12928.30000	9.65957e-20	5.57319e-19
12929.60000	3.46668e-19	6.17572e-19
12930.90000	-1.38673e-19	6.87938e-19
12932.20000	-4.33284e-19	6.77814e-19
12933.50000	6.36385e-22	6.96904e-19
12934.80000	4.21119e-19	8.07441e-19
12936.10000	3.87514e-19	8.50837e-19
12937.40000	-9.17698e-20	7.50431e-19
12938.70000	-3.23973e-19	6.04446e-19
12940.00000	5.15578e-19	7.38792e-19
12941.30000	-3.07679e-19	1.60168e-18
12942.60000	7.26581e-19	2.45754e-18
12943.90000	-1.21124e-18	2.20916e-18
12945.20000	6.04764e-19	1.43831e-18
12946.50000	1.64187e-20	8.48245e-19
12947.80000	-1.93387e-19	5.41758e-19
12949.20000	2.82656e-20	5.41612e-19
12950.50000	3.58743e-19	5.41029e-19
12951.80000	1.97203e-19	5.70284e-19
12953.10000	5.27588e-19	6.42967e-19
12954.40000	3.31520e-19	6.85360e-19
12955.70000	2.55763e-19	6.45361e-19
12957.00000	2.48716e-19	5.56001e-19
12958.30000	-1.70177e-18	5.33641e-19
12959.60000	-1.69149e-18	5.54527e-19
12960.90000	-8.97964e-19	5.46369e-19
12962.20000	2.92004e-20	5.90333e-19
12963.50000	7.53079e-19	6.54997e-19
12964.80000	6.51409e-19	6.70340e-19
12966.10000	-5.63949e-19	6.03786e-19
12967.40000	-1.24852e-19	5.29898e-19
12968.70000	5.40008e-19	6.06291e-19
12970.00000	-9.27465e-20	9.70157e-19
12971.30000	1.03888e-18	1.30252e-18
12972.60000	4.27887e-19	1.36372e-18
12973.90000	-4.80266e-19	1.06695e-18
12975.20000	6.19565e-19	7.56764e-19
12976.50000	-3.90816e-20	6.73534e-19
12977.80000	-5.51595e-19	6.61175e-19
12979.10000	5.04815e-19	5.42990e-19
12980.40000	3.22934e-19	5.18743e-19
12981.70000	-1.37794e-19	5.66674e-19
12983.00000	2.90388e-19	1.05404e-18
12984.30000	6.65001e-19	2.42803e-18
12985.60000	2.68166e-18	2.93998e-18
12986.90000	4.36740e-19	2.30399e-18
12988.20000	-2.41447e-19	1.07289e-18
12989.60000	1.19856e-18	6.10430e-19
12990.90000	1.21394e-18	4.91434e-19
12992.20000	4.13392e-19	4.65956e-19
12993.50000	1.17563e-19	4.56068e-19
12994.80000	4.61320e-20	4.90667e-19
12996.10000	3.84656e-20	4.92932e-19
12997.40000	-1.83392e-19	4.99842e-19
12998.70000	1.51724e-19	5.49905e-19
13000.00000	6.66106e-20	6.60996e-19
13001.30000	-6.48250e-20	7.74542e-19
13002.60000	3.78563e-19	8.38320e-19
13003.90000	2.62455e-20	7.87250e-19
13005.20000	-9.25375e-20	7.31085e-19
13006.50000	-2.63558e-19	7.36178e-19
13007.80000	5.31881e-20	7.87280e-19
13009.10000	2.92559e-19	7.75064e-19
13010.40000	4.39029e-19	7.33071e-19
13011.70000	2.42708e-19	7.76473e-19
13013.00000	-8.02797e-19	8.51696e-19
13014.30000	-5.06979e-19	9.12420e-19
13015.60000	-1.80861e-19	8.78701e-19
13016.90000	8.39317e-19	7.68415e-19
13018.20000	1.37152e-21	9.37267e-19
13019.50000	-2.41416e-18	2.59964e-18
13020.80000	-5.47818e-18	4.78767e-18
13022.10000	-1.61793e-18	4.87934e-18
13023.40000	6.11604e-19	2.81961e-18
13024.70000	-4.32795e-19	1.17808e-18
13026.00000	-4.41416e-19	6.57964e-19
13027.30000	-5.07991e-19	5.02063e-19
13028.60000	-4.19405e-19	4.69797e-19
13029.90000	6.81810e-19	4.74397e-19
13031.30000	1.06930e-18	4.80568e-19
13032.60000	6.03140e-19	4.80111e-19
13033.90000	-3.17751e-19	4.70904e-19
13035.20000	2.78394e-19	4.53252e-19
13036.50000	1.00901e-18	4.43968e-19
13037.80000	4.82309e-19	4.39195e-19
13039.10000	5.93493e-19	4.48934e-19
13040.40000	6.83190e-19	4.59462e-19
13041.70000	2.93783e-19	4.94719e-19
13043.00000	-1.74096e-19	5.52206e-19
13044.30000	-6.05354e-19	5.73539e-19
13045.60000	-4.39860e-19	5.49654e-19
13046.90000	-4.83419e-19	5.29710e-19
13048.20000	3.84170e-19	6.03935e-19
13049.50000	1.05382e-18	9.12968e-19
13050.80000	-4.59287e-19	2.09891e-18
13052.10000	-9.79948e-19	3.39046e-18
13053.40000	-3.34460e-18	3.79566e-18
13054.70000	-1.74892e-18	2.32981e-18
13056.00000	-9.01700e-19	9.71016e-19
13057.30000	-2.19587e-19	6.40637e-19
13058.60000	-4.73778e-19	5.45565e-19
13059.90000	3.52483e-19	5.62237e-19
13061.20000	5.01229e-19	5.68667e-19
13062.50000	7.11084e-20	5.07761e-19
13063.80000	4.57423e-19	4.64322e-19
13065.10000	7.85950e-19	4.70358e-19
13066.40000	-1.64689e-20	4.69011e-19
13067.70000	5.48348e-19	4.76533e-19
13069.00000	2.96399e-19	4.75806e-19
13070.30000	-1.67505e-20	4.47409e-19
13071.70000	9.39810e-19	4.41600e-19
13073.00000	-1.65334e-19	4.50563e-19
13074.30000	3.74729e-19	4.64368e-19
13075.60000	7.41604e-19	4.64669e-19
13076.90000	4.82957e-19	4.56362e-19
13078.20000	8.71136e-19	4.67938e-19
13079.50000	2.29272e-19	5.01636e-19
13080.80000	-5.92187e-19	6.01441e-19
13082.10000	-5.49756e-19	1.07397e-18
13083.40000	-4.75019e-19	3.31490e-18
13084.70000	-3.65698e-18	5.32111e-18
13086.00000	-3.50591e-18	5.02380e-18
13087.30000	8.22868e-20	2.60176e-18
13088.60000	1.83314e-19	1.06918e-18
13089.90000	1.28529e-19	6.08226e-19
13091.20000	8.07567e-20	4.83305e-19
13092.50000	-2.19824e-19	4.55929e-19
13093.80000	-3.56910e-19	4.52684e-19
13095.10000	-3.73401e-20	4.60736e-19
13096.40000	2.63433e-19	4.60007e-19
13097.70000	1.57999e-19	4.65815e-19
13099.00000	-1.51350e-19	4.89060e-19
13100.30000	-2.53687e-19	5.25731e-19
13101.60000	6.05511e-19	5.36882e-19
13102.90000	7.55503e-19	5.25467e-19
13104.20000	7.07897e-19	5.58225e-19
13105.50000	1.06632e-18	6.33927e-19
13106.80000	9.93228e-19	6.55803e-19
13108.10000	5.70904e-19	6.31411e-19
13109.40000	-1.20670e-19	5.61591e-19
13110.70000	1.98599e-19	4.39539e-19
13112.00000	6.47352e-19	4.10105e-19
13113.40000	-9.60973e-20	3.95980e-19
13114.70000	-4.35617e-20	4.00698e-19
13116.00000	1.08267e-19	4.07435e-19
13117.30000	1.94557e-19	4.12482e-19
13118.60000	2.31812e-19	4.24736e-19
13119.90000	-3.02070e-19	4.30683e-19
13121.20000	9.61376e-20	4.58473e-19
13122.50000	7.49265e-20	5.72965e-19
13123.80000	4.65163e-19	7.94818e-19
13125.10000	5.29204e-19	1.26749e-18
13126.40000	3.07254e-18	2.54391e-18
13127.70000	3.48292e-18	3.22096e-18
13129.00000	1.61259e-18	2.67675e-18
13130.30000	7.72321e-19	1.41277e-18
13131.60000	9.76918e-19	9.02541e-19
13132.90000	8.02242e-19	6.79664e-19
13134.20000	1.44177e-19	5.33489e-19
13135.50000	2.14598e-20	4.90148e-19
13136.80000	-1.14833e-19	5.19557e-19
13138.10000	3.04061e-19	6.24939e-19
13139.40000	8.49411e-20	7.67242e-19
13140.70000	-5.02296e-19	8.26373e-19
13142.00000	-3.93155e-19	8.25680e-19
13143.30000	1.95440e-19	7.58612e-19
13144.60000	9.53837e-19	6.31763e-19
13145.90000	1.11589e-18	5.05177e-19
13147.20000	1.34315e-18	4.74352e-19
13148.50000	3.49509e-19	4.92849e-19
13149.80000	1.03714e-20	5.85506e-19
13151.10000	8.76980e-20	5.53291e-19
13152.40000	-3.00450e-19	5.83052e-19
13153.80000	2.48197e-18	1.06024e-18
13155.10000	3.35737e-18	2.92531e-18
13156.40000	1.14738e-18	4.35660e-18
13157.70000	-2.45267e-19	4.04156e-18
13159.00000	2.17876e-18	2.05766e-18
13160.30000	7.83087e-19	8.82354e-19
13161.60000	3.41641e-19	5.59849e-19
13162.90000	2.55007e-19	4.83488e-19
13164.20000	-7.73417e-19	4.77489e-19
13165.50000	-3.10965e-19	4.82368e-19
13166.80000	-4.05525e-22	4.72940e-19
13168.10000	9.94574e-19	4.62758e-19
13169.40000	6.51935e-19	4.59102e-19
13170.70000	1.17436e-19	4.56314e-19
13172.00000	-1.22101e-19	4.47047e-19
13173.30000	1.87403e-19	4.42015e-19
13174.60000	1.38196e-19	4.28721e-19
13175.90000	-1.47207e-19	4.14837e-19
13177.20000	1.00608e-19	4.23978e-19
13178.50000	4.55679e-19	4.49843e-19
13179.80000	1.83380e-19	4.61764e-19
13181.10000	2.13110e-19	4.72688e-19
13182.40000	3.11441e-19	4.74378e-19
13183.70000	5.68536e-19	4.23603e-19
13185.00000	2.16829e-19	4.24516e-19
13186.30000	7.63950e-20	4.24484e-19
13187.60000	2.81379e-19	4.20071e-19
13188.90000	3.62690e-19	4.16476e-19
13190.20000	1.54769e-19	4.13874e-19
13191.50000	6.28543e-19	4.16194e-19
13192.80000	-4.15676e-19	4.01263e-19
13194.10000	-4.85336e-19	3.94832e-19
13195.50000	4.85244e-19	3.92507e-19
13196.80000	-2.57720e-20	3.94779e-19
13198.10000	4.23254e-19	4.03488e-19
13199.40000	6.38551e-19	4.21728e-19
13200.70000	9.50829e-20	4.38261e-19
13202.00000	-2.54488e-19	4.51092e-19
13203.30000	6.48664e-19	4.55958e-19
13204.60000	7.09174e-20	4.79175e-19
13205.90000	-1.93486e-21	4.87198e-19
13207.20000	4.27730e-19	6.37327e-19
13208.50000	5.87672e-19	1.32045e-18
13209.80000	2.72989e-18	2.43339e-18
13211.10000	5.63813e-18	2.65313e-18
13212.40000	1.35614e-18	1.82042e-18
13213.70000	3.52547e-20	8.30045e-19
13215.00000	6.36684e-19	6.31171e-19
13216.30000	-3.95070e-19	6.11519e-19
13217.60000	-7.20039e-20	5.75520e-19
13218.90000	3.41558e-19	6.03541e-19
13220.20000	-3.07594e-19	5.99218e-19
13221.50000	4.92388e-19	6.34177e-19
13222.80000	-4.13578e-20	6.20297e-19
13224.10000	-7.19733e-19	5.40587e-19
13225.40000	-2.03388e-19	4.97986e-19
13226.70000	3.70993e-19	5.32907e-19
13228.00000	-5.40785e-19	5.63248e-19
13229.30000	6.52188e-20	5.28041e-19
13230.60000	-1.55664e-19	4.95050e-19
13231.90000	-6.11734e-19	5.53180e-19
13233.20000	-2.02837e-19	9.43941e-19
13234.50000	-1.54708e-18	2.31544e-18
13235.80000	2.32042e-18	3.57016e-18
13237.20000	1.54613e-18	3.50406e-18
13238.50000	-7.01857e-19	2.18872e-18
13239.80000	7.78902e-19	9.40149e-19
13241.10000	-1.15329e-19	5.75534e-19
13242.40000	-6.57854e-19	4.73012e-19
13243.70000	-6.79463e-20	4.64686e-19
13245.00000	1.90577e-19	5.55579e-19
13246.30000	2.93472e-19	6.96602e-19
13247.60000	3.06793e-19	7.31123e-19
13248.90000	7.29127e-20	6.32026e-19
13250.20000	-1.99073e-19	4.57915e-19
13251.50000	1.31764e-18	4.00870e-19
13252.80000	1.45768e-18	3.93241e-19
13254.10000	1.05569e-18	3.91329e-19
13255.40000	4.52966e-20	3.96474e-19
13256.70000	2.77477e-19	4.09727e-19
13258.00000	7.13710e-19	4.23501e-19
13259.30000	3.11637e-19	4.10089e-19
13260.60000	2.02829e-19	3.91903e-19
13261.90000	2.79954e-19	3.87109e-19
13263.20000	1.53729e-19	3.99954e-19
13264.50000	1.43442e-19	4.38920e-19
13265.80000	1.57269e-19	5.51321e-19
13267.10000	2.52101e-19	6.80286e-19
13268.40000	7.50317e-19	8.49155e-19
13269.70000	6.90476e-20	7.92416e-19
13271.00000	-2.29014e-19	5.50279e-19
13272.30000	3.13152e-19	4.31016e-19
13273.60000	1.20948e-18	4.25488e-19
13274.90000	7.84407e-19	5.48072e-19
13276.20000	1.70336e-19	6.73478e-19
13277.60000	4.94387e-19	6.98785e-19
13278.90000	1.21140e-18	6.87186e-19
13280.20000	1.00379e-18	6.76285e-19
13281.50000	1.23271e-18	5.90349e-19
13282.80000	7.37663e-20	4.56418e-19
13284.10000	-5.86183e-19	4.17842e-19
13285.40000	8.86390e-19	4.30489e-19
13286.70000	5.80487e-19	4.47720e-19
13288.00000	-8.45268e-19	4.44223e-19
13289.30000	4.33334e-20	4.37956e-19
13290.60000	1.55476e-19	4.32094e-19
13291.90000	-4.54935e-20	4.00222e-19
13293.20000	2.11838e-19	3.89004e-19
13294.50000	3.05158e-19	4.32684e-19
13295.80000	-1.64325e-19	5.85679e-19
13297.10000	-1.00912e-19	6.86952e-19
13298.40000	1.50529e-19	7.33787e-19
13299.70000	1.22917e-18	1.06883e-18
13301.00000	6.76514e-19	1.56144e-18
13302.30000	-3.51579e-19	1.63205e-18
13303.60000	-3.48616e-19	1.11304e-18
13304.90000	-6.50907e-20	5.91141e-19
13306.20000	7.54199e-19	4.28831e-19
13307.50000	5.48907e-19	3.99281e-19
13308.80000	-2.10683e-19	4.03954e-19
13310.10000	1.92149e-19	4.13885e-19
13311.40000	-1.70674e-19	4.36300e-19
13312.70000	4.72642e-19	4.58939e-19
13314.00000	5.69643e-19	4.57983e-19
13315.30000	5.74320e-21	4.73396e-19
13316.60000	-1.79051e-19	4.86037e-19
13317.90000	3.16314e-19	5.09889e-19
13319.30000	2.62612e-19	5.11611e-19
13320.60000	5.55259e-19	6.78847e-19
13321.90000	1.88789e-18	1.34487e-18
13323.20000	1.99338e-18	2.30198e-18
13324.50000	2.56907e-18	2.77613e-18
13325.80000	8.19443e-19	2.30541e-18
13327.10000	2.56731e-19	1.20390e-18
13328.40000	3.14462e-19	6.04134e-19
13329.70000	-2.66493e-20	4.28169e-19
13331.00000	2.60794e-19	4.02597e-19
13332.30000	2.87508e-19	4.04590e-19
13333.60000	3.33137e-19	4.11383e-19
13334.90000	1.56981e-20	4.45340e-19
13336.20000	4.45211e-19	4.82931e-19
13337.50000	8.52139e-19	5.20402e-19
13338.80000	1.40344e-19	6.37525e-19
13340.10000	1.52431e-18	5.76332e-19
13341.40000	7.19604e-19	5.91881e-19
13342.70000	4.62535e-19	4.63791e-19
13344.00000	-1.32070e-19	4.14097e-19
13345.30000	2.74671e-19	4.25471e-19
13346.60000	2.22976e-19	4.56696e-19
13347.90000	8.92211e-19	4.60013e-19
13349.20000	3.49166e-19	4.36197e-19
13350.50000	3.12616e-19	4.64890e-19
13351.80000	5.87067e-19	5.42396e-19
13353.10000	4.10977e-19	5.48221e-19
13354.40000	6.47616e-19	4.97475e-19
13355.70000	7.42453e-19	5.32500e-19
13357.00000	7.49614e-19	5.52239e-19
13358.30000	9.94193e-19	4.93341e-19
13359.70000	-7.89917e-20	5.17173e-19
13361.00000	2.80736e-19	5.83057e-19
13362.30000	4.86162e-19	5.88340e-19
13363.60000	3.92812e-19	5.08980e-19
13364.90000	-2.53791e-19	4.15718e-19
13366.20000	-3.57388e-19	3.78545e-19
13367.50000	-1.18189e-19	4.16512e-19
13368.80000	1.18246e-20	5.63144e-19
13370.10000	-3.29722e-19	4.82726e-19
13371.40000	-7.58557e-19	4.30995e-19
13372.70000	4.64285e-19	4.31508e-19
13374.00000	9.35132e-19	4.17435e-19
13375.30000	2.97408e-19	4.12784e-19
13376.60000	2.74279e-19	4.28831e-19
13377.90000	5.13616e-19	4.33513e-19
13379.20000	5.06063e-19	4.35743e-19
13380.50000	-7.45324e-19	4.57642e-19
13381.80000	2.62826e-19	5.02557e-19
13383.10000	1.22772e-18	4.92461e-19
13384.40000	5.88844e-20	4.44275e-19
13385.70000	2.77810e-19	4.30419e-19
13387.00000	1.56894e-20	4.23434e-19
13388.30000	-6.34708e-19	4.28206e-19
13389.60000	3.39061e-20	4.32391e-19
13390.90000	1.04189e-18	4.41194e-19
13392.20000	3.59660e-19	4.86552e-19
13393.50000	1.23833e-19	5.48219e-19
13394.80000	7.93616e-19	5.45262e-19
13396.10000	2.10408e-19	5.17317e-19
13397.40000	7.00836e-20	6.03432e-19
13398.70000	-6.45207e-19	9.38805e-19
13400.00000	-3.53037e-19	1.45389e-18
13401.40000	5.09065e-19	1.62791e-18
13402.70000	1.02998e-18	1.26805e-18
13404.00000	1.74729e-18	8.22561e-19
13405.30000	1.16587e-19	6.34761e-19
13406.60000	-1.15121e-19	5.41188e-19
13407.90000	1.32829e-19	4.53087e-19
13409.20000	3.05989e-19	4.07529e-19
13410.50000	5.60664e-19	4.18782e-19
13411.80000	2.35032e-20	5.06909e-19
13413.10000	-1.20100e-19	6.67129e-19
13414.40000	3.29974e-19	7.71347e-19
13415.70000	1.45069e-19	7.69557e-19
13417.00000	-5.67637e-19	7.32671e-19
13418.30000	-1.56654e-19	9.10210e-19
13419.60000	1.33320e-20	1.46120e-18
13420.90000	-1.55932e-18	1.95467e-18
13422.20000	-2.15075e-18	1.90488e-18
13423.50000	3.40381e-19	1.38480e-18
13424.80000	9.35902e-19	8.79297e-19
13426.10000	1.10852e-18	7.10011e-19
13427.40000	1.65238e-19	6.45262e-19
13428.70000	-1.12375e-19	5.29618e-19
13430.00000	6.76228e-19	4.47228e-19
13431.30000	1.14837e-18	4.25064e-19
13432.60000	7.97510e-19	4.15109e-19
13433.90000	1.43373e-19	4.20121e-19
13435.20000	3.92604e-19	4.53589e-19
13436.50000	2.61412e-19	5.16857e-19
13437.80000	-9.78163e-19	5.66828e-19
13439.10000	-3.08175e-19	5.73536e-19
13440.40000	2.64399e-19	5.74556e-19
13441.80000	-2.01383e-19	5.98603e-19
13443.10000	-4.92181e-19	5.99834e-19
13444.40000	3.57508e-20	5.90923e-19
13445.70000	5.56485e-19	6.11488e-19
13447.00000	3.10196e-19	6.97016e-19
13448.30000	6.72356e-19	7.05360e-19
13449.60000	-1.91223e-19	6.03010e-19
13450.90000	3.19656e-19	4.92198e-19
13452.20000	6.52743e-19	4.67879e-19
13453.50000	5.81525e-19	4.98437e-19
13454.80000	5.63649e-19	4.91381e-19
13456.10000	1.29142e-19	5.16489e-19
13457.40000	-1.60182e-19	5.34486e-19
13458.70000	-5.72485e-19	5.34705e-19
13460.00000	-1.43560e-19	5.27028e-19
13461.30000	5.10243e-19	6.03413e-19
13462.60000	7.30217e-19	6.00221e-19
13463.90000	2.21278e-19	5.53238e-19
13465.20000	-4.90101e-19	5.55701e-19
13466.50000	-6.41278e-19	5.58207e-19
13467.80000	-2.70947e-19	5.39247e-19
13469.10000	9.03412e-19	5.16292e-19
13470.40000	2.53291e-19	5.10238e-19
13471.70000	6.52869e-19	5.23849e-19
13473.00000	4.34074e-19	5.72917e-19
13474.30000	8.68859e-19	6.62904e-19
13475.60000	1.31463e-19	7.98049e-19
13476.90000	1.43954e-19	9.58493e-19
13478.20000	3.07280e-19	1.10916e-18
13479.50000	3.11253e-19	1.16454e-18
13480.80000	-2.66233e-18	1.06348e-18
13482.10000	-2.74718e-18	9.88124e-19
13483.50000	1.32022e-18	9.21644e-19
13484.80000	1.18203e-18	9.29826e-19
13486.10000	6.39784e-19	9.37988e-19
13487.40000	6.21299e-19	9.09321e-19
13488.70000	4.34447e-19	8.31936e-19
13490.00000	5.86552e-19	8.72241e-19
13491.30000	7.07277e-19	8.53900e-19
13492.60000	5.40960e-19	7.42526e-19
13493.90000	2.08987e-21	7.30048e-19
13495.20000	1.35695e-18	7.40458e-19
13496.50000	1.15430e-18	7.60572e-19
13497.80000	-2.32313e-18	7.88524e-19
13499.10000	-8.83850e-19	8.44599e-19
13500.40000	7.48823e-19	1.00945e-18
13501.70000	1.08129e-18	1.22351e-18
13503.00000	-2.21724e-19	1.47449e-18
13504.30000	-5.48204e-20	1.72341e-18
13505.60000	5.65062e-18	1.97850e-18
13506.90000	-1.62553e-18	2.45713e-18
13508.20000	-2.61805e-18	2.96840e-18
13509.50000	-2.07343e-18	2.77281e-18
13510.80000	-6.33737e-19	2.09100e-18
13512.10000	2.98453e-19	1.52322e-18
13513.40000	-6.95717e-20	1.48125e-18
13514.70000	-1.71875e-18	1.62068e-18
13516.00000	-3.65252e-18	1.80972e-18
13517.30000	9.64102e-19	1.94857e-18
13518.60000	7.54171e-19	1.99889e-18
13519.90000	-8.39925e-20	1.56976e-18
