#macsj1149_mos_1.J.5421.fc.1d.esc.txt
#Wavelength in (A) | Flux (erg/sec/cm2/A)| Flux Error
11530.00000	2.33103e-18	1.34630e-18
11531.30000	-1.29199e-18	1.07330e-18
11532.60000	-7.43396e-19	1.07798e-18
11533.90000	-7.14348e-19	1.14462e-18
11535.20000	1.05649e-18	1.64064e-18
11536.50000	-4.26015e-18	4.70385e-18
11537.80000	1.43357e-18	9.65327e-18
11539.10000	2.28303e-18	9.96554e-18
11540.40000	-1.77826e-17	6.51745e-18
11541.70000	-2.25130e-18	2.88094e-18
11543.00000	-3.17847e-18	1.26807e-18
11544.30000	-1.01515e-18	1.01591e-18
11545.60000	-1.48661e-18	9.76073e-19
11546.90000	-2.61804e-18	9.42993e-19
11548.20000	-1.53265e-18	9.15472e-19
11549.50000	-5.01855e-19	9.20721e-19
11550.90000	6.90954e-19	1.05884e-18
11552.20000	1.45372e-18	9.45035e-19
11553.50000	1.24729e-18	9.64366e-19
11554.80000	5.27522e-19	9.97905e-19
11556.10000	4.18385e-19	9.60074e-19
11557.40000	1.77397e-18	9.63700e-19
11558.70000	-8.66900e-19	9.45388e-19
11560.00000	-1.41206e-18	9.21501e-19
11561.30000	5.34382e-19	9.92971e-19
11562.60000	-2.14726e-18	1.79700e-18
11563.90000	-5.03104e-18	4.23279e-18
11565.20000	-9.42208e-20	4.57157e-18
11566.50000	2.53045e-18	3.55325e-18
11567.80000	-1.62910e-18	2.08749e-18
11569.10000	-6.66058e-20	1.21581e-18
11570.40000	2.08253e-18	9.55506e-19
11571.70000	1.06502e-18	8.67287e-19
11573.00000	9.65667e-19	8.87677e-19
11574.30000	4.52946e-19	1.05144e-18
11575.60000	1.12751e-18	1.24234e-18
11576.90000	2.10414e-18	1.30829e-18
11578.20000	1.72793e-18	1.19624e-18
11579.50000	1.70714e-18	9.94087e-19
11580.80000	-6.77370e-19	8.77993e-19
11582.10000	-2.87091e-19	7.88648e-19
11583.40000	2.24240e-19	7.61465e-19
11584.70000	4.94113e-19	7.58387e-19
11586.00000	5.91683e-19	8.23541e-19
11587.30000	7.60303e-19	1.04767e-18
11588.60000	-1.11992e-18	2.11984e-18
11589.90000	-4.83792e-18	5.38485e-18
11591.20000	-4.54058e-18	7.19951e-18
11592.60000	-7.46997e-18	6.62976e-18
11593.90000	-4.71948e-18	3.92386e-18
11595.20000	-1.26216e-18	1.54344e-18
11596.50000	-6.60627e-19	8.57731e-19
11597.80000	7.05042e-19	7.87444e-19
11599.10000	-2.42188e-19	7.56864e-19
11600.40000	-7.26034e-19	8.43234e-19
11601.70000	6.60916e-19	7.73325e-19
11603.00000	-1.42709e-18	7.93826e-19
11604.30000	-3.73465e-19	8.07952e-19
11605.60000	-6.87068e-19	8.05276e-19
11606.90000	-7.48025e-20	8.06947e-19
11608.20000	-8.28107e-19	9.51821e-19
11609.50000	1.28692e-19	1.06893e-18
11610.80000	5.81146e-19	1.04572e-18
11612.10000	2.65103e-19	8.44647e-19
11613.40000	3.63172e-19	7.03261e-19
11614.70000	-3.71851e-19	6.71340e-19
11616.00000	-5.60204e-19	6.89009e-19
11617.30000	4.09353e-19	7.37869e-19
11618.60000	2.30417e-19	7.52504e-19
11619.90000	7.91333e-19	7.60077e-19
11621.20000	-4.62564e-19	7.52090e-19
11622.50000	-1.95191e-19	7.46132e-19
11623.80000	-6.84107e-19	8.31532e-19
11625.10000	-3.30442e-19	1.47207e-18
11626.40000	-1.22588e-18	3.08083e-18
11627.70000	-9.90612e-19	3.67800e-18
11629.00000	-1.47161e-18	3.00934e-18
11630.30000	-2.79245e-18	1.65330e-18
11631.60000	-3.21833e-19	8.27494e-19
11633.00000	1.42042e-18	7.20202e-19
11634.30000	1.54290e-19	7.48343e-19
11635.60000	-2.08337e-18	7.77739e-19
11636.90000	-8.20674e-19	8.18074e-19
11638.20000	2.28363e-20	8.44504e-19
11639.50000	-2.55878e-19	8.32545e-19
11640.80000	-2.49150e-19	8.26159e-19
11642.10000	7.60580e-19	7.91989e-19
11643.40000	-5.66747e-19	7.46136e-19
11644.70000	-3.89810e-19	6.91116e-19
11646.00000	-7.14611e-19	7.44873e-19
11647.30000	9.96668e-19	1.14327e-18
11648.60000	1.77604e-18	2.99012e-18
11649.90000	3.96646e-18	5.17274e-18
11651.20000	-1.16752e-18	5.43384e-18
11652.50000	-1.51275e-18	3.73197e-18
11653.80000	-1.74781e-18	1.59434e-18
11655.10000	-2.36319e-19	8.32149e-19
11656.40000	4.93582e-19	6.99823e-19
11657.70000	6.14153e-19	6.75043e-19
11659.00000	-4.62460e-19	6.71350e-19
11660.30000	3.48570e-19	6.04463e-19
11661.60000	-6.60881e-19	5.93267e-19
11662.90000	-1.06661e-18	5.90073e-19
11664.20000	-5.58491e-19	5.89415e-19
11665.50000	-1.77837e-20	5.94730e-19
11666.80000	-7.15935e-19	6.11416e-19
11668.10000	7.44170e-19	6.19226e-19
11669.40000	7.77507e-19	6.51443e-19
11670.70000	1.04473e-18	7.31748e-19
11672.00000	1.46785e-19	8.08877e-19
11673.30000	-5.40796e-19	8.13672e-19
11674.70000	-1.33330e-18	7.44127e-19
11676.00000	-4.96807e-19	7.00572e-19
11677.30000	8.06286e-19	7.50040e-19
11678.60000	7.89859e-19	8.31955e-19
11679.90000	3.47400e-19	9.27592e-19
11681.20000	1.38068e-18	1.02833e-18
11682.50000	1.17733e-18	1.09969e-18
11683.80000	7.89102e-19	1.11729e-18
11685.10000	-3.62691e-19	9.04851e-19
11686.40000	-5.58524e-19	6.53739e-19
11687.70000	-9.40194e-19	5.99632e-19
11689.00000	-4.46130e-19	6.05398e-19
11690.30000	-9.41184e-19	6.21890e-19
11691.60000	-8.86751e-19	6.75416e-19
11692.90000	-8.19524e-19	8.48337e-19
11694.20000	-1.30600e-18	1.66919e-18
11695.50000	-1.89865e-19	2.66014e-18
11696.80000	4.87265e-19	2.80791e-18
11698.10000	-2.10677e-19	1.98232e-18
11699.40000	8.78212e-19	1.07502e-18
11700.70000	3.44741e-19	6.19895e-19
11702.00000	-8.95852e-19	5.76843e-19
11703.30000	1.10202e-19	5.74459e-19
11704.60000	6.48279e-19	5.77756e-19
11705.90000	4.22448e-19	5.85487e-19
11707.20000	-1.42106e-18	5.72574e-19
11708.50000	-8.89549e-20	5.84656e-19
11709.80000	1.47913e-19	5.75421e-19
11711.10000	-7.12144e-19	6.49959e-19
11712.40000	-1.23976e-19	9.70797e-19
11713.70000	-4.29394e-20	2.16409e-18
11715.00000	-3.99289e-19	3.52798e-18
11716.40000	2.82646e-18	3.83161e-18
11717.70000	-4.39581e-19	2.98534e-18
11719.00000	4.17780e-19	1.61791e-18
11720.30000	2.68327e-19	8.21527e-19
11721.60000	1.75192e-18	6.03957e-19
11722.90000	-2.52268e-19	6.08275e-19
11724.20000	-3.58374e-19	6.00494e-19
11725.50000	1.61382e-18	6.09617e-19
11726.80000	8.29235e-20	6.17631e-19
11728.10000	5.12988e-19	6.68479e-19
11729.40000	6.17208e-19	6.29010e-19
11730.70000	-1.13923e-18	6.14364e-19
11732.00000	3.03211e-20	5.91045e-19
11733.30000	1.66823e-18	5.77795e-19
11734.60000	-1.44088e-18	5.72406e-19
11735.90000	-6.03378e-19	5.68974e-19
11737.20000	1.62349e-19	5.78519e-19
11738.50000	9.89324e-19	5.85310e-19
11739.80000	1.97058e-18	5.98805e-19
11741.10000	8.32199e-19	5.96513e-19
11742.40000	-7.77603e-19	6.30459e-19
11743.70000	-2.11167e-19	6.23707e-19
11745.00000	2.84515e-19	5.89109e-19
11746.30000	-1.07490e-20	6.17449e-19
11747.60000	-6.22872e-19	5.79368e-19
11748.90000	-1.07244e-18	5.88951e-19
11750.20000	2.75574e-19	5.97415e-19
11751.50000	-2.07211e-19	6.02187e-19
11752.80000	-1.46328e-18	5.96422e-19
11754.10000	-3.05034e-19	6.00308e-19
11755.40000	4.31207e-19	7.64744e-19
11756.80000	-3.64439e-19	7.84466e-19
11758.10000	8.19881e-19	7.62832e-19
11759.40000	2.24115e-19	6.37468e-19
11760.70000	1.29732e-18	5.46251e-19
11762.00000	-9.31176e-20	5.17696e-19
11763.30000	-4.57969e-19	5.20263e-19
11764.60000	-5.70703e-19	5.24403e-19
11765.90000	-8.95075e-19	5.51501e-19
11767.20000	-1.28394e-18	6.33381e-19
11768.50000	-2.25146e-19	1.15027e-18
11769.80000	-3.27702e-19	1.77069e-18
11771.10000	3.32606e-19	1.91923e-18
11772.40000	7.24073e-19	1.47994e-18
11773.70000	1.10480e-18	9.94725e-19
11775.00000	-6.48759e-19	8.25317e-19
11776.30000	4.32958e-20	6.61937e-19
11777.60000	3.54291e-19	6.11741e-19
11778.90000	-1.92038e-18	6.27472e-19
11780.20000	5.04379e-19	6.59407e-19
11781.50000	5.79830e-19	7.40595e-19
11782.80000	-1.17069e-19	8.20612e-19
11784.10000	9.36099e-20	9.07030e-19
11785.40000	9.21886e-19	1.34783e-18
11786.70000	1.60230e-18	2.36098e-18
11788.00000	-4.52099e-19	2.47106e-18
11789.30000	4.72158e-19	2.02471e-18
11790.60000	-2.42007e-19	1.26790e-18
11791.90000	3.72156e-19	8.18685e-19
11793.20000	5.13105e-20	6.78207e-19
11794.50000	1.22184e-18	5.93196e-19
11795.80000	1.03491e-18	5.65383e-19
11797.10000	6.14856e-20	5.56907e-19
11798.50000	-4.17428e-19	5.38267e-19
11799.80000	-4.13730e-19	5.26253e-19
11801.10000	-2.56892e-19	5.19917e-19
11802.40000	-8.63001e-19	5.61466e-19
11803.70000	-2.72554e-21	6.21542e-19
11805.00000	-7.91552e-20	7.08260e-19
11806.30000	9.08264e-21	6.84500e-19
11807.60000	1.73361e-19	7.05780e-19
11808.90000	7.47064e-19	6.67015e-19
11810.20000	1.14707e-18	6.67456e-19
11811.50000	7.09021e-19	6.19838e-19
11812.80000	2.24985e-19	7.17736e-19
11814.10000	-2.73043e-19	7.72813e-19
11815.40000	-1.28014e-18	7.38590e-19
11816.70000	4.82769e-19	7.25070e-19
11818.00000	9.97068e-19	5.82709e-19
11819.30000	1.74973e-19	5.64874e-19
11820.60000	-7.21611e-19	5.62764e-19
11821.90000	3.15828e-19	5.41447e-19
11823.20000	6.78696e-19	5.32004e-19
11824.50000	-8.72356e-19	5.28217e-19
11825.80000	-2.98560e-19	5.23986e-19
11827.10000	-8.72326e-19	5.15139e-19
11828.40000	1.00341e-18	5.05303e-19
11829.70000	2.42401e-19	5.01275e-19
11831.00000	-1.46562e-19	5.54509e-19
11832.30000	-6.89638e-19	6.27124e-19
11833.60000	7.99403e-19	5.71223e-19
11834.90000	7.74124e-19	5.36057e-19
11836.20000	6.24917e-19	5.48298e-19
11837.50000	2.36491e-19	5.71643e-19
11838.90000	3.28820e-19	5.70453e-19
11840.20000	-2.33103e-19	5.39839e-19
11841.50000	-7.90840e-19	5.54050e-19
11842.80000	1.61699e-20	5.50055e-19
11844.10000	3.12878e-19	5.26289e-19
11845.40000	-3.96883e-19	5.24725e-19
11846.70000	6.86176e-20	5.38816e-19
11848.00000	-1.48733e-19	6.10348e-19
11849.30000	2.29384e-19	9.12015e-19
11850.60000	1.20481e-18	1.27533e-18
11851.90000	2.59327e-18	1.25866e-18
11853.20000	-2.10005e-19	9.47237e-19
11854.50000	-4.79744e-19	6.46483e-19
11855.80000	-3.07070e-19	5.42076e-19
11857.10000	-2.74888e-19	5.42412e-19
11858.40000	-1.04004e-19	5.49825e-19
11859.70000	7.02701e-19	5.36721e-19
11861.00000	8.40009e-19	5.28077e-19
11862.30000	-9.07024e-19	5.77042e-19
11863.60000	-5.45338e-19	8.34540e-19
11864.90000	-3.14814e-20	1.30369e-18
11866.20000	-9.56637e-19	1.58476e-18
11867.50000	-1.07466e-18	1.69673e-18
11868.80000	-3.21898e-19	1.09886e-18
11870.10000	-1.70609e-19	7.76961e-19
11871.40000	-3.63830e-19	7.03688e-19
11872.70000	-3.34827e-19	6.33762e-19
11874.00000	7.46858e-20	5.57436e-19
11875.30000	5.28689e-19	5.68777e-19
11876.60000	-4.96488e-19	5.83841e-19
11877.90000	-8.98756e-19	6.40901e-19
11879.20000	-1.09837e-18	5.63206e-19
11880.60000	-2.27721e-19	5.48130e-19
11881.90000	-2.29273e-19	5.44212e-19
11883.20000	1.04927e-18	5.40043e-19
11884.50000	1.03947e-18	5.70269e-19
11885.80000	1.39095e-18	6.32370e-19
11887.10000	1.02611e-18	6.82159e-19
11888.40000	5.71860e-19	6.69464e-19
11889.70000	1.14773e-18	5.91552e-19
11891.00000	8.31002e-19	5.59056e-19
11892.30000	1.00126e-18	5.39072e-19
11893.60000	8.82935e-19	5.32940e-19
11894.90000	6.41416e-19	5.32028e-19
11896.20000	1.88931e-18	5.22224e-19
11897.50000	7.73144e-19	5.37521e-19
11898.80000	1.48998e-18	6.05283e-19
11900.10000	1.04426e-18	6.83869e-19
11901.40000	2.06761e-19	7.12545e-19
11902.70000	1.54469e-19	6.66313e-19
11904.00000	-1.22571e-19	6.43066e-19
11905.30000	-2.53283e-19	6.77296e-19
11906.60000	-2.68192e-19	7.09171e-19
11907.90000	7.38528e-20	7.04431e-19
11909.20000	-4.11829e-20	6.96982e-19
11910.50000	-7.55852e-19	7.11810e-19
11911.80000	1.94504e-19	6.45857e-19
11913.10000	3.20007e-19	6.01340e-19
11914.40000	-6.44062e-19	6.70645e-19
11915.70000	-4.52517e-19	7.13094e-19
11917.00000	5.39042e-19	6.52337e-19
11918.30000	1.49829e-18	5.73461e-19
11919.60000	3.52319e-19	5.64048e-19
11921.00000	-4.85328e-19	5.49516e-19
11922.30000	7.48606e-19	5.12845e-19
11923.60000	6.38330e-19	4.95667e-19
11924.90000	8.37230e-19	4.66846e-19
11926.20000	1.36755e-18	4.84728e-19
11927.50000	5.36926e-19	4.73375e-19
11928.80000	-4.88175e-19	4.77645e-19
11930.10000	6.13210e-19	4.81328e-19
11931.40000	5.01172e-19	5.12928e-19
11932.70000	8.55599e-19	6.05390e-19
11934.00000	-2.43278e-19	6.58796e-19
11935.30000	1.21527e-19	7.04678e-19
11936.60000	1.06718e-18	8.35346e-19
11937.90000	6.59155e-19	9.50062e-19
11939.20000	1.11861e-18	8.73563e-19
11940.50000	4.59557e-19	6.66545e-19
11941.80000	1.27965e-19	5.27541e-19
11943.10000	-3.39155e-19	4.96083e-19
11944.40000	-3.51942e-19	4.96579e-19
11945.70000	9.94656e-19	4.99972e-19
11947.00000	1.47541e-18	4.88616e-19
11948.30000	6.28784e-19	5.76588e-19
11949.60000	-7.62251e-19	9.12873e-19
11950.90000	-3.97775e-20	1.05981e-18
11952.20000	6.74619e-19	1.07041e-18
11953.50000	-5.96606e-19	8.22333e-19
11954.80000	-3.92532e-19	5.90255e-19
11956.10000	5.12728e-19	4.95824e-19
11957.40000	-1.45019e-19	4.87799e-19
11958.70000	3.10369e-19	4.90864e-19
11960.00000	3.41720e-19	5.54490e-19
11961.30000	-2.07903e-20	4.96853e-19
11962.70000	-4.74860e-19	5.80629e-19
11964.00000	-3.98909e-19	6.03308e-19
11965.30000	-4.64779e-19	6.86941e-19
11966.60000	2.78836e-19	1.18191e-18
11967.90000	-1.48371e-18	1.66241e-18
11969.20000	-9.62421e-19	1.72192e-18
11970.50000	9.02652e-19	1.48716e-18
11971.80000	5.56871e-19	1.47367e-18
11973.10000	-9.36016e-19	1.76281e-18
11974.40000	-1.35876e-18	2.14471e-18
11975.70000	-1.18995e-18	2.12106e-18
11977.00000	-6.80319e-19	1.63205e-18
11978.30000	-1.86061e-19	9.64329e-19
11979.60000	1.14902e-18	7.20423e-19
11980.90000	2.83821e-19	9.23382e-19
11982.20000	7.20012e-19	1.51850e-18
11983.50000	-7.02686e-19	2.04658e-18
11984.80000	7.64312e-19	1.63574e-18
11986.10000	9.65989e-19	1.86997e-18
11987.40000	3.38914e-19	2.77358e-18
11988.70000	-8.42801e-19	3.04511e-18
11990.00000	2.34537e-18	2.63894e-18
11991.30000	2.91964e-18	1.14263e-18
11992.60000	8.17448e-19	5.97991e-19
11993.90000	8.87574e-20	5.30235e-19
11995.20000	-1.55847e-19	5.19277e-19
11996.50000	-2.30604e-19	6.07976e-19
11997.80000	8.15907e-19	1.07946e-18
11999.10000	7.05560e-19	1.86909e-18
12000.40000	1.54687e-19	2.08617e-18
12001.70000	-6.71652e-20	1.71706e-18
12003.10000	-5.68386e-19	1.30237e-18
12004.40000	-4.45273e-19	1.66398e-18
12005.70000	1.53435e-18	3.12006e-18
12007.00000	-3.75865e-18	3.81497e-18
12008.30000	-4.06532e-18	3.10765e-18
12009.60000	-8.55953e-19	1.43072e-18
12010.90000	2.58019e-19	6.50917e-19
12012.20000	8.73247e-19	5.58887e-19
12013.50000	1.10607e-18	5.92891e-19
12014.80000	9.54999e-19	6.09402e-19
12016.10000	8.37174e-20	5.68326e-19
12017.40000	2.05692e-19	5.14229e-19
12018.70000	1.34487e-18	5.09583e-19
12020.00000	9.08184e-19	5.59517e-19
12021.30000	1.25234e-18	8.49621e-19
12022.60000	9.50310e-19	1.84062e-18
12023.90000	3.90127e-19	2.45912e-18
12025.20000	1.89075e-19	2.34065e-18
12026.50000	1.18578e-18	1.66902e-18
12027.80000	-1.05529e-18	1.71361e-18
12029.10000	-1.91417e-18	2.96594e-18
12030.40000	-3.17891e-19	4.08270e-18
12031.70000	9.15755e-20	3.70297e-18
12033.00000	1.60824e-18	2.08486e-18
12034.30000	1.02594e-18	9.42525e-19
12035.60000	-9.81524e-19	6.62530e-19
12036.90000	-1.32440e-20	5.74932e-19
12038.20000	5.86428e-19	5.86116e-19
12039.50000	3.69454e-19	5.62247e-19
12040.80000	-2.58871e-19	6.51224e-19
12042.10000	-2.90759e-19	7.97823e-19
12043.40000	6.81896e-19	8.85774e-19
12044.80000	3.07247e-19	8.15309e-19
12046.10000	8.92765e-19	6.53057e-19
12047.40000	3.13604e-19	5.37810e-19
12048.70000	-2.59665e-19	5.26279e-19
12050.00000	-1.59391e-19	5.26330e-19
12051.30000	-1.83249e-19	5.88235e-19
12052.60000	-6.62201e-19	7.69515e-19
12053.90000	-6.92719e-19	1.49602e-18
12055.20000	1.39150e-18	2.25279e-18
12056.50000	6.03488e-20	2.26704e-18
12057.80000	-4.45978e-19	1.58013e-18
12059.10000	-2.89073e-19	9.83311e-19
12060.40000	-9.23787e-20	7.20092e-19
12061.70000	3.89377e-19	5.99560e-19
12063.00000	3.91982e-19	5.69453e-19
12064.30000	1.05572e-20	5.80411e-19
12065.60000	-1.55999e-19	5.94523e-19
12066.90000	8.18777e-19	5.88322e-19
12068.20000	-1.92571e-20	5.42009e-19
12069.50000	1.45763e-19	5.07120e-19
12070.80000	-1.58126e-20	5.09674e-19
12072.10000	-2.04010e-19	5.06797e-19
12073.40000	2.97079e-19	4.84102e-19
12074.70000	1.18142e-19	4.69255e-19
12076.00000	3.46157e-20	4.71848e-19
12077.30000	4.41913e-19	4.70694e-19
12078.60000	5.47261e-19	4.76703e-19
12079.90000	5.89006e-19	4.96009e-19
12081.20000	4.81424e-19	5.19867e-19
12082.50000	2.97393e-19	5.26578e-19
12083.80000	7.97356e-19	5.16885e-19
12085.20000	7.74043e-19	4.96535e-19
12086.50000	2.70719e-19	4.63139e-19
12087.80000	-2.39846e-19	4.84964e-19
12089.10000	-2.97183e-19	5.09917e-19
12090.40000	2.24063e-19	5.14943e-19
12091.70000	-6.57424e-19	5.38728e-19
12093.00000	-2.08120e-19	5.21518e-19
12094.30000	-7.33061e-19	5.69411e-19
12095.60000	-7.35520e-19	6.91809e-19
12096.90000	1.79865e-20	7.49319e-19
12098.20000	-9.38413e-20	7.02243e-19
12099.50000	-9.81104e-19	5.89401e-19
12100.80000	-6.55004e-19	5.14700e-19
12102.10000	5.23313e-19	4.90834e-19
12103.40000	1.81024e-19	4.88032e-19
12104.70000	5.15845e-19	4.76273e-19
12106.00000	9.90456e-20	4.88422e-19
12107.30000	6.25139e-20	4.42811e-19
12108.60000	-5.23706e-19	4.66760e-19
12109.90000	2.39576e-19	4.70505e-19
12111.20000	6.61282e-19	5.15265e-19
12112.50000	7.62713e-20	4.85075e-19
12113.80000	5.77521e-19	4.84669e-19
12115.10000	4.85040e-20	5.13473e-19
12116.40000	-3.61497e-19	6.11543e-19
12117.70000	-2.42915e-19	9.98955e-19
12119.00000	4.81450e-19	2.08977e-18
12120.30000	1.41032e-18	3.66496e-18
12121.60000	6.24931e-18	5.64940e-18
12122.90000	2.56040e-18	5.80637e-18
12124.20000	3.83851e-19	3.89688e-18
12125.50000	1.57321e-18	1.31419e-18
12126.90000	1.62638e-18	7.02584e-19
12128.20000	-2.65450e-19	7.21050e-19
12129.50000	-3.93774e-19	1.05541e-18
12130.80000	6.02952e-20	1.30739e-18
12132.10000	-4.98824e-19	1.34325e-18
12133.40000	-2.04879e-18	1.79540e-18
12134.70000	-1.59892e-18	3.09366e-18
12136.00000	-2.26364e-19	3.54283e-18
12137.30000	-1.36736e-18	3.25130e-18
12138.60000	3.78854e-19	1.29024e-18
12139.90000	2.16152e-19	8.00422e-19
12141.20000	3.09874e-19	8.69505e-19
12142.50000	-3.53534e-19	1.07132e-18
12143.80000	2.77695e-19	9.32025e-19
12145.10000	-5.95946e-20	7.57943e-19
12146.40000	7.03353e-19	7.20392e-19
12147.70000	9.63361e-19	8.25810e-19
12149.00000	4.93177e-19	8.41655e-19
12150.30000	4.03812e-19	7.14809e-19
12151.60000	9.50231e-20	7.80662e-19
12152.90000	-9.29765e-19	1.47223e-18
12154.20000	1.38468e-19	2.36957e-18
12155.50000	4.06937e-19	2.11809e-18
12156.80000	-2.84083e-19	1.36359e-18
12158.10000	-5.86135e-19	7.83340e-19
12159.40000	-9.03463e-19	6.30537e-19
12160.70000	-2.07466e-19	6.55075e-19
12162.00000	7.20850e-19	7.02411e-19
12163.30000	8.93636e-19	6.28222e-19
12164.60000	1.06980e-18	6.62097e-19
12165.90000	-6.28941e-19	7.52999e-19
12167.20000	-1.05367e-18	6.96716e-19
12168.60000	1.36720e-19	5.34731e-19
12169.90000	1.75226e-19	4.93404e-19
12171.20000	6.05833e-19	5.36392e-19
12172.50000	7.06594e-20	5.95222e-19
12173.80000	1.88774e-19	5.82336e-19
12175.10000	8.74123e-19	5.73552e-19
12176.40000	2.59372e-19	6.08234e-19
12177.70000	-3.93211e-19	8.49513e-19
12179.00000	-1.73646e-19	1.14020e-18
12180.30000	-7.08352e-19	1.18313e-18
12181.60000	-2.60648e-19	9.39583e-19
12182.90000	-2.70028e-19	6.20036e-19
12184.20000	2.99510e-21	4.84103e-19
12185.50000	-1.71309e-19	4.58286e-19
12186.80000	-3.61740e-19	4.62625e-19
12188.10000	-1.13503e-19	4.65863e-19
12189.40000	-2.13252e-19	4.83417e-19
12190.70000	-6.93862e-20	5.03952e-19
12192.00000	-2.07552e-21	5.52985e-19
12193.30000	6.83714e-19	8.41913e-19
12194.60000	1.51197e-18	2.10679e-18
12195.90000	2.15492e-19	2.81872e-18
12197.20000	1.71633e-18	2.52596e-18
12198.50000	2.74155e-19	1.31890e-18
12199.80000	-1.05429e-18	6.10690e-19
12201.10000	2.92522e-20	4.87974e-19
12202.40000	-3.90407e-19	5.02305e-19
12203.70000	4.26940e-19	5.18845e-19
12205.00000	4.18106e-19	5.12887e-19
12206.30000	-2.61115e-19	5.40022e-19
12207.60000	-3.40004e-19	6.42748e-19
12209.00000	-4.57146e-19	6.28440e-19
12210.30000	8.56171e-19	7.06296e-19
12211.60000	6.26381e-19	7.10973e-19
12212.90000	4.97366e-19	6.27866e-19
12214.20000	4.59705e-19	5.79382e-19
12215.50000	-3.50864e-19	5.14069e-19
12216.80000	-3.44678e-19	4.69921e-19
12218.10000	4.19466e-19	4.57506e-19
12219.40000	2.79897e-19	4.66669e-19
12220.70000	-9.02138e-20	4.95139e-19
12222.00000	6.72642e-19	5.12818e-19
12223.30000	2.57384e-19	5.37981e-19
12224.60000	7.68943e-19	6.09277e-19
12225.90000	-1.69568e-18	9.35558e-19
12227.20000	-1.01588e-18	2.57073e-18
12228.50000	-1.02038e-18	4.61482e-18
12229.80000	-5.54034e-18	4.65545e-18
12231.10000	7.52869e-19	2.78400e-18
12232.40000	2.25330e-18	9.23276e-19
12233.70000	-3.37992e-19	5.76802e-19
12235.00000	-9.97868e-19	5.76098e-19
12236.30000	-2.79495e-19	1.05484e-18
12237.60000	3.25569e-19	8.13136e-19
12238.90000	2.37696e-19	7.66831e-19
12240.20000	8.30265e-19	7.43879e-19
12241.50000	-1.84659e-19	6.20787e-19
12242.80000	-8.58771e-19	5.41988e-19
12244.10000	-2.90203e-20	5.05253e-19
12245.40000	3.78992e-19	5.24160e-19
12246.70000	1.30997e-19	6.41454e-19
12248.00000	5.88722e-19	7.55740e-19
12249.30000	5.41463e-19	8.18946e-19
12250.70000	2.32495e-19	7.57561e-19
12252.00000	8.43896e-19	6.67526e-19
12253.30000	9.87440e-19	6.55453e-19
12254.60000	8.30139e-19	8.63161e-19
12255.90000	-1.28760e-18	2.00418e-18
12257.20000	4.01305e-18	3.04498e-18
12258.50000	2.50726e-18	2.90557e-18
12259.80000	-5.25047e-19	1.55125e-18
12261.10000	2.56063e-19	6.27542e-19
12262.40000	4.54861e-19	4.75202e-19
12263.70000	7.82702e-20	4.43722e-19
12265.00000	-1.69953e-19	4.32654e-19
12266.30000	-9.96126e-19	4.31541e-19
12267.60000	2.30315e-19	4.35428e-19
12268.90000	4.70503e-19	4.40804e-19
12270.20000	-6.92289e-19	4.43775e-19
12271.50000	3.04095e-19	4.46409e-19
12272.80000	1.07175e-19	4.41787e-19
12274.10000	8.27115e-20	4.39786e-19
12275.40000	1.94800e-20	4.42969e-19
12276.70000	1.15477e-19	4.39468e-19
12278.00000	-3.35272e-19	4.48010e-19
12279.30000	-8.10080e-20	4.56190e-19
12280.60000	3.00988e-19	4.68731e-19
12281.90000	7.81029e-19	5.18927e-19
12283.20000	7.02481e-19	8.10190e-19
12284.50000	2.87966e-18	1.99267e-18
12285.80000	-8.18657e-19	4.49213e-18
12287.10000	-3.63296e-18	5.05004e-18
12288.40000	4.77463e-18	3.61777e-18
12289.70000	2.28646e-18	1.27619e-18
12291.10000	-1.18224e-19	6.47624e-19
12292.40000	-3.79413e-19	5.56200e-19
12293.70000	3.92767e-19	5.24673e-19
12295.00000	3.92162e-19	5.38558e-19
12296.30000	4.86904e-20	6.21710e-19
12297.60000	2.32194e-19	7.05764e-19
12298.90000	2.50691e-19	6.49085e-19
12300.20000	2.04341e-19	5.86080e-19
12301.50000	3.59357e-19	5.89146e-19
12302.80000	5.25990e-19	6.43268e-19
12304.10000	-1.09059e-18	6.01248e-19
12305.40000	-1.68868e-18	6.15360e-19
12306.70000	-6.74771e-19	6.10363e-19
12308.00000	9.79746e-20	6.03765e-19
12309.30000	-2.84328e-20	5.07902e-19
12310.60000	-1.36852e-19	4.76026e-19
12311.90000	-2.91878e-19	5.27254e-19
12313.20000	6.06583e-19	6.63539e-19
12314.50000	1.08909e-18	7.31104e-19
12315.80000	7.29622e-19	7.67595e-19
12317.10000	3.25167e-19	7.03359e-19
12318.40000	-3.21425e-19	4.78642e-19
12319.70000	2.83279e-19	4.43591e-19
12321.00000	2.65140e-19	4.61975e-19
12322.30000	-3.04848e-19	5.98769e-19
12323.60000	-4.84455e-19	1.25364e-18
12324.90000	2.05034e-18	2.58884e-18
12326.20000	4.29302e-18	2.80516e-18
12327.50000	1.94480e-18	1.89125e-18
12328.80000	9.48025e-19	7.28810e-19
12330.10000	4.82110e-19	4.79233e-19
12331.40000	-1.50584e-19	4.51117e-19
12332.80000	6.85924e-20	4.75822e-19
12334.10000	3.24363e-19	4.32020e-19
12335.40000	-5.44409e-20	4.15965e-19
12336.70000	2.23605e-20	4.20277e-19
12338.00000	2.93856e-19	4.46923e-19
12339.30000	-4.01865e-19	4.54867e-19
12340.60000	-4.98725e-19	4.31161e-19
12341.90000	-1.85641e-19	4.39397e-19
12343.20000	-8.34675e-20	4.33536e-19
12344.50000	2.53163e-19	4.36663e-19
12345.80000	4.10049e-20	4.59073e-19
12347.10000	1.74523e-20	5.32614e-19
12348.40000	5.65621e-19	9.06914e-19
12349.70000	-1.36813e-18	2.60853e-18
12351.00000	-5.94030e-19	4.14311e-18
12352.30000	5.16666e-18	4.02096e-18
12353.60000	4.89101e-18	2.41908e-18
12354.90000	4.59277e-19	9.95075e-19
12356.20000	8.03694e-19	6.36796e-19
12357.50000	2.92745e-19	5.06276e-19
12358.80000	8.78563e-19	4.61083e-19
12360.10000	1.90391e-18	5.62924e-19
12361.40000	3.09993e-18	6.96425e-19
12362.70000	4.33178e-18	7.55411e-19
12364.00000	4.35744e-18	7.41184e-19
12365.30000	2.36517e-18	6.60325e-19
12366.60000	8.77473e-19	5.27666e-19
12367.90000	8.74931e-19	4.40319e-19
12369.20000	7.56233e-19	4.09975e-19
12370.50000	3.55816e-19	4.09104e-19
12371.80000	-5.43232e-20	4.09894e-19
12373.20000	9.06361e-19	4.13658e-19
12374.50000	7.42805e-19	4.29147e-19
12375.80000	6.98047e-19	4.55960e-19
12377.10000	-5.76681e-20	4.64774e-19
12378.40000	4.04598e-19	4.43472e-19
12379.70000	2.48307e-20	4.28028e-19
12381.00000	-8.31844e-19	4.19009e-19
12382.30000	-1.80335e-19	4.13248e-19
12383.60000	2.15657e-19	4.12120e-19
12384.90000	6.14990e-19	4.10085e-19
12386.20000	-4.76415e-21	4.14425e-19
12387.50000	1.95782e-19	4.15288e-19
12388.80000	3.11615e-19	4.42728e-19
12390.10000	5.20944e-19	4.96588e-19
12391.40000	1.15176e-18	6.63382e-19
12392.70000	-2.48016e-20	7.87692e-19
12394.00000	-5.57813e-20	7.61704e-19
12395.30000	3.13810e-19	5.99299e-19
12396.60000	1.64935e-19	5.17171e-19
12397.90000	2.35995e-19	7.24803e-19
12399.20000	-5.76065e-19	1.59634e-18
12400.50000	-9.76859e-19	2.19512e-18
12401.80000	6.86695e-19	1.99957e-18
12403.10000	4.26633e-19	1.05200e-18
12404.40000	-2.64124e-19	5.30976e-19
12405.70000	-1.60728e-19	4.50672e-19
12407.00000	4.34552e-19	4.39241e-19
12408.30000	-2.76678e-19	4.30502e-19
12409.60000	-2.02936e-19	4.07179e-19
12410.90000	-1.83320e-19	4.13637e-19
12412.20000	-6.68532e-19	4.17794e-19
12413.50000	-1.12071e-19	4.13233e-19
12414.90000	2.61556e-19	4.18341e-19
12416.20000	3.34500e-19	4.21517e-19
12417.50000	5.99177e-19	4.40879e-19
12418.80000	7.39358e-19	5.60962e-19
12420.10000	-9.52792e-20	7.85838e-19
12421.40000	3.94910e-19	1.91499e-18
12422.70000	1.30790e-18	3.04839e-18
12424.00000	-1.44088e-18	3.03361e-18
12425.30000	-8.99924e-19	1.94867e-18
12426.60000	-1.21319e-18	9.69850e-19
12427.90000	-1.17894e-19	7.52700e-19
12429.20000	-5.97206e-20	5.98390e-19
12430.50000	4.46372e-19	4.62968e-19
12431.80000	9.56777e-20	4.20772e-19
12433.10000	-1.03959e-20	4.53111e-19
12434.40000	-1.67965e-19	4.51811e-19
12435.70000	-5.98332e-20	4.52423e-19
12437.00000	2.67220e-19	4.32228e-19
12438.30000	-9.67161e-22	4.60982e-19
12439.60000	-3.23918e-19	4.50923e-19
12440.90000	4.93022e-19	4.39633e-19
12442.20000	4.53667e-19	4.33724e-19
12443.50000	-5.81776e-19	4.18725e-19
12444.80000	8.99469e-19	4.13791e-19
12446.10000	-9.68336e-20	4.80578e-19
12447.40000	-4.16724e-19	5.39657e-19
12448.70000	-3.39493e-19	5.49003e-19
12450.00000	-1.00914e-19	5.50987e-19
12451.30000	2.42913e-20	5.97930e-19
12452.60000	-1.47027e-19	6.14434e-19
12453.90000	9.51485e-19	5.51231e-19
12455.30000	-7.53914e-19	5.32817e-19
12456.60000	-8.44348e-19	5.40587e-19
12457.90000	3.13537e-19	5.31901e-19
12459.20000	-2.30390e-19	4.85133e-19
12460.50000	-4.17133e-19	4.59091e-19
12461.80000	4.46961e-19	4.58587e-19
12463.10000	7.82615e-19	4.51082e-19
12464.40000	-3.73339e-20	4.43067e-19
12465.70000	-2.14951e-19	4.56215e-19
12467.00000	7.96793e-19	4.63961e-19
12468.30000	4.01961e-19	4.42776e-19
12469.60000	-1.15017e-20	4.18426e-19
12470.90000	-5.79792e-19	4.42480e-19
12472.20000	3.87428e-20	6.10026e-19
12473.50000	1.23187e-18	7.29570e-19
12474.80000	8.16688e-19	7.07543e-19
12476.10000	1.09982e-18	7.02141e-19
12477.40000	-2.95595e-19	6.67702e-19
12478.70000	2.70233e-19	6.18269e-19
12480.00000	2.73700e-19	8.05889e-19
12481.30000	-1.52185e-18	1.39629e-18
12482.60000	4.91279e-19	1.76097e-18
12483.90000	2.24857e-18	1.52505e-18
12485.20000	5.76440e-19	9.72917e-19
12486.50000	5.05149e-19	6.64514e-19
12487.80000	3.82503e-19	5.95788e-19
12489.10000	-3.29345e-19	4.89189e-19
12490.40000	-4.87150e-21	4.30126e-19
12491.70000	4.54394e-20	4.22012e-19
12493.00000	2.92030e-19	4.46739e-19
12494.30000	7.60519e-20	5.44465e-19
12495.60000	-5.90788e-19	6.24860e-19
12497.00000	-2.45037e-19	6.14394e-19
12498.30000	-7.13828e-20	5.86540e-19
12499.60000	3.53696e-19	1.13029e-18
12500.90000	9.24960e-19	1.71522e-18
12502.20000	2.89178e-18	2.14397e-18
12503.50000	1.59103e-18	1.96316e-18
12504.80000	4.17047e-19	1.04203e-18
12506.10000	6.62440e-20	5.19786e-19
12507.40000	-6.09745e-19	4.79455e-19
12508.70000	-3.01601e-19	5.22544e-19
12510.00000	2.36707e-19	6.67085e-19
12511.30000	-7.75874e-19	7.51979e-19
12512.60000	2.39584e-19	6.98958e-19
12513.90000	1.03906e-18	5.23317e-19
12515.20000	2.63237e-19	4.67233e-19
12516.50000	9.20612e-19	5.26060e-19
12517.80000	1.02445e-18	4.84394e-19
12519.10000	5.04209e-19	4.50511e-19
12520.40000	1.24053e-18	4.45629e-19
12521.70000	1.29234e-19	4.43360e-19
12523.00000	2.21715e-19	4.75252e-19
12524.30000	-5.96000e-20	6.82242e-19
12525.60000	6.01221e-19	8.89187e-19
12526.90000	-3.09613e-19	8.75299e-19
12528.20000	1.82945e-19	6.55340e-19
12529.50000	-2.02964e-19	5.05795e-19
12530.80000	1.57283e-20	5.05728e-19
12532.10000	-1.45486e-19	5.31958e-19
12533.40000	-7.70014e-20	4.69082e-19
12534.70000	7.93313e-20	4.49942e-19
12536.00000	-2.39879e-19	5.02823e-19
12537.40000	5.02365e-20	4.94454e-19
12538.70000	9.02800e-19	5.45025e-19
12540.00000	1.05238e-18	6.74256e-19
12541.30000	1.25664e-18	8.99239e-19
12542.60000	7.77375e-19	9.19998e-19
12543.90000	-4.77972e-19	7.14595e-19
12545.20000	5.52481e-19	5.07872e-19
12546.50000	6.58304e-19	4.72754e-19
12547.80000	8.61668e-20	4.75150e-19
12549.10000	-9.09981e-19	4.89581e-19
12550.40000	-7.46464e-19	4.86684e-19
12551.70000	-1.21424e-21	4.68006e-19
12553.00000	1.15148e-19	4.65910e-19
12554.30000	2.97594e-19	4.81273e-19
12555.60000	-7.08891e-20	5.87973e-19
12556.90000	-4.69197e-19	8.51546e-19
12558.20000	-2.83819e-19	9.37933e-19
12559.50000	-2.43844e-19	7.81257e-19
12560.80000	-1.18975e-18	5.24567e-19
12562.10000	-2.84777e-19	4.66887e-19
12563.40000	6.53655e-19	4.62182e-19
12564.70000	-3.41228e-19	4.52567e-19
12566.00000	5.59501e-19	4.46618e-19
12567.30000	4.36732e-19	4.73101e-19
12568.60000	-1.78746e-19	6.05168e-19
12569.90000	-2.25055e-18	1.03044e-18
12571.20000	7.75060e-20	1.29996e-18
12572.50000	6.60638e-19	1.69745e-18
12573.80000	8.37191e-19	1.16193e-18
12575.10000	-4.96721e-19	9.26699e-19
12576.40000	3.53392e-20	6.66572e-19
12577.70000	1.04877e-18	5.09935e-19
12579.10000	6.41701e-19	5.05056e-19
12580.40000	-1.05516e-19	5.19471e-19
12581.70000	-5.10874e-20	5.20171e-19
12583.00000	-4.74839e-19	5.19688e-19
12584.30000	-2.48765e-19	5.36812e-19
12585.60000	-1.39914e-19	6.56140e-19
12586.90000	-1.05768e-20	1.03244e-18
12588.20000	5.48065e-19	1.44289e-18
12589.50000	9.83182e-19	1.59408e-18
12590.80000	-7.35432e-20	1.39673e-18
12592.10000	2.59793e-19	1.07980e-18
12593.40000	-3.31439e-19	8.33432e-19
12594.70000	-9.22572e-19	6.90756e-19
12596.00000	-9.64186e-19	7.39968e-19
12597.30000	1.71887e-18	8.42958e-19
12598.60000	1.43956e-18	8.30685e-19
12599.90000	6.13793e-19	8.55246e-19
12601.20000	1.75566e-19	8.56803e-19
12602.50000	1.51054e-18	9.31087e-19
12603.80000	1.08627e-18	1.03769e-18
12605.10000	-1.19079e-18	1.14277e-18
12606.40000	-6.43164e-19	1.28226e-18
12607.70000	2.30863e-18	1.33660e-18
12609.00000	1.03874e-18	1.35502e-18
12610.30000	9.91851e-19	1.27544e-18
12611.60000	5.06298e-20	1.22275e-18
12612.90000	6.07854e-19	1.24179e-18
12614.20000	-1.06654e-18	1.21882e-18
12615.50000	-1.02687e-18	1.19856e-18
12616.80000	-4.52866e-19	1.16875e-18
12618.10000	-1.20026e-18	1.28149e-18
12619.50000	8.68480e-21	1.09667e-18
12620.80000	1.08992e-18	1.08651e-18
12622.10000	3.20257e-19	1.00611e-18
12623.40000	1.34280e-19	1.08854e-18
12624.70000	-8.45345e-19	1.36702e-18
12626.00000	3.95706e-20	1.38571e-18
12627.30000	-2.06764e-19	1.08620e-18
12628.60000	4.17699e-19	9.22426e-19
12629.90000	-5.73110e-19	8.22886e-19
12631.20000	-7.73503e-19	7.94616e-19
12632.50000	1.23903e-18	8.49000e-19
12633.80000	2.16231e-19	8.77239e-19
12635.10000	4.17535e-19	8.23576e-19
12636.40000	1.06399e-18	7.48333e-19
12637.70000	6.80340e-19	7.10543e-19
12639.00000	-2.37984e-19	7.60352e-19
12640.30000	3.27912e-19	9.20821e-19
12641.60000	5.69042e-19	1.18395e-18
12642.90000	6.87260e-19	1.19939e-18
12644.20000	-1.09195e-18	9.73151e-19
12645.50000	-6.23596e-19	7.13971e-19
12646.80000	2.14030e-21	7.59326e-19
12648.10000	-3.58811e-19	7.96220e-19
12649.40000	-1.39383e-19	7.99588e-19
12650.70000	4.29924e-19	7.59559e-19
12652.00000	3.96428e-19	7.18609e-19
12653.30000	-5.38948e-19	6.14691e-19
12654.60000	-1.33392e-19	7.30905e-19
12655.90000	2.96971e-19	8.36714e-19
12657.20000	-9.15078e-19	9.27327e-19
12658.50000	5.73620e-19	1.07752e-18
12659.80000	-3.83423e-19	1.31315e-18
12661.20000	-7.35784e-19	1.28196e-18
12662.50000	2.63854e-19	1.01582e-18
12663.80000	-9.50142e-19	9.69394e-19
12665.10000	1.06950e-18	1.15026e-18
12666.40000	1.10134e-18	1.30192e-18
12667.70000	6.50517e-20	1.21357e-18
12669.00000	-5.05092e-19	1.01784e-18
12670.30000	6.90758e-19	7.84297e-19
12671.60000	1.49965e-19	7.86835e-19
12672.90000	-8.01675e-20	1.54636e-18
12674.20000	-1.81867e-18	1.76817e-18
12675.50000	-4.76458e-19	1.41387e-18
12676.80000	2.88192e-19	9.67338e-19
12678.10000	-5.35045e-19	7.15232e-19
12679.40000	3.71570e-19	6.73904e-19
12680.70000	-2.06676e-19	9.82656e-19
12682.00000	4.19624e-19	1.94654e-18
12683.30000	-6.45568e-20	2.98614e-18
12684.60000	2.53191e-19	3.65571e-18
12685.90000	-3.95538e-18	3.84703e-18
12687.20000	4.86463e-19	3.52905e-18
12688.50000	6.58908e-19	3.14465e-18
12689.80000	2.84955e-18	2.94812e-18
12691.10000	4.77620e-18	2.73021e-18
12692.40000	4.65437e-19	2.54597e-18
12693.70000	9.91532e-19	2.46199e-18
12695.00000	-1.77517e-19	2.52250e-18
12696.30000	8.73349e-19	2.47682e-18
12697.60000	5.36064e-19	2.44534e-18
12698.90000	9.74053e-19	2.28725e-18
12700.20000	-1.55959e-19	2.05746e-18
12701.50000	-1.56752e-20	1.89593e-18
12702.90000	2.68514e-18	1.46773e-18
12704.20000	1.44959e-18	1.36796e-18
12705.50000	-8.08153e-19	1.38301e-18
12706.80000	-1.66303e-19	1.37359e-18
12708.10000	1.41257e-19	1.50436e-18
12709.40000	3.44017e-19	1.63131e-18
12710.70000	-1.42586e-19	1.54243e-18
12712.00000	2.16394e-19	1.13808e-18
12713.30000	7.59000e-19	7.70288e-19
12714.60000	3.03304e-19	7.58428e-19
12715.90000	1.49245e-19	9.78677e-19
12717.20000	2.05573e-19	1.12023e-18
12718.50000	-5.48918e-19	1.31802e-18
12719.80000	7.55735e-19	1.40401e-18
12721.10000	1.03494e-18	1.24884e-18
12722.40000	8.44712e-19	1.09994e-18
12723.70000	-1.33304e-20	1.26891e-18
12725.00000	1.11824e-18	1.58335e-18
12726.30000	2.01010e-18	1.62505e-18
12727.60000	7.10269e-19	1.35909e-18
12728.90000	-8.36025e-19	1.28746e-18
12730.20000	-8.96562e-19	1.27809e-18
12731.50000	7.52614e-19	1.12671e-18
12732.80000	1.08869e-18	7.41103e-19
12734.10000	-6.51966e-19	6.01954e-19
12735.40000	-7.08359e-19	7.33500e-19
12736.70000	-1.47964e-19	1.05444e-18
12738.00000	-6.90538e-20	1.19826e-18
12739.30000	5.60118e-19	1.36425e-18
12740.60000	9.56522e-19	1.39123e-18
12741.90000	8.20043e-19	1.43775e-18
12743.30000	6.14110e-19	1.63260e-18
12744.60000	1.16833e-18	1.78235e-18
12745.90000	5.68014e-19	1.82120e-18
12747.20000	1.79155e-18	1.91938e-18
12748.50000	8.02095e-19	2.04795e-18
12749.80000	-7.05755e-19	2.15173e-18
12751.10000	-9.14322e-19	2.47389e-18
12752.40000	-3.41566e-19	2.75009e-18
12753.70000	-3.12301e-18	2.37270e-18
12755.00000	-1.92950e-18	1.34710e-18
12756.30000	-3.23108e-19	8.87530e-19
12757.60000	-1.43943e-18	1.04925e-18
12758.90000	-1.75724e-18	1.72475e-18
12760.20000	1.74764e-18	2.22847e-18
12761.50000	1.39859e-18	2.54894e-18
12762.80000	-8.85272e-19	3.11284e-18
12764.10000	-1.91613e-18	3.43371e-18
12765.40000	-3.25060e-18	3.25441e-18
12766.70000	-7.19928e-19	1.45269e-18
12768.00000	4.60084e-19	8.41333e-19
12769.30000	4.49222e-19	1.02952e-18
12770.60000	3.46846e-19	1.53628e-18
12771.90000	1.08453e-19	1.86093e-18
12773.20000	9.78742e-20	1.76495e-18
12774.50000	1.59006e-18	1.79791e-18
12775.80000	1.13510e-18	2.17659e-18
12777.10000	-8.77350e-19	2.18791e-18
12778.40000	-1.49202e-19	1.69857e-18
12779.70000	6.10877e-19	1.61218e-18
12781.00000	-4.19705e-19	2.71773e-18
12782.30000	-1.75413e-18	3.84417e-18
12783.60000	-1.15754e-18	3.72542e-18
12785.00000	-1.36826e-18	2.88125e-18
12786.30000	-1.94906e-19	1.97228e-18
12787.60000	-2.68394e-19	1.07482e-18
12788.90000	4.32250e-22	6.24643e-19
12790.20000	-8.46032e-19	4.79205e-19
12791.50000	-1.02132e-19	4.97132e-19
12792.80000	4.68697e-19	7.30361e-19
12794.10000	1.34088e-18	1.07548e-18
12795.40000	-2.33538e-19	1.16669e-18
12796.70000	-1.11513e-18	1.17497e-18
12798.00000	-1.11190e-18	1.19075e-18
12799.30000	-1.37898e-18	1.57855e-18
12800.60000	-1.33679e-18	2.24022e-18
12801.90000	-4.29927e-19	2.48492e-18
12803.20000	-8.60028e-19	2.29373e-18
12804.50000	-4.04911e-19	2.46485e-18
12805.80000	-2.21064e-18	3.33340e-18
12807.10000	-9.21782e-19	3.56371e-18
12808.40000	-5.18409e-19	2.70480e-18
12809.70000	3.28052e-19	1.36072e-18
12811.00000	5.93125e-19	8.10160e-19
12812.30000	2.81383e-19	5.77063e-19
12813.60000	-3.83555e-20	5.03676e-19
12814.90000	4.56982e-19	4.87822e-19
12816.20000	4.08086e-19	4.83086e-19
12817.50000	1.08047e-18	5.59249e-19
12818.80000	5.63517e-19	6.46340e-19
12820.10000	2.56051e-19	7.36715e-19
12821.40000	-1.90020e-19	7.97017e-19
12822.70000	-1.86031e-20	1.07696e-18
12824.00000	1.03773e-18	1.65674e-18
12825.40000	1.59405e-18	1.56039e-18
12826.70000	7.84538e-19	9.94299e-19
12828.00000	1.41086e-18	6.12256e-19
12829.30000	1.86507e-19	5.83910e-19
12830.60000	5.75322e-19	7.28165e-19
12831.90000	6.49621e-19	1.10329e-18
12833.20000	-2.70163e-19	1.98950e-18
12834.50000	1.86719e-19	2.26632e-18
12835.80000	1.67782e-18	1.85306e-18
12837.10000	-1.08367e-18	9.28699e-19
12838.40000	-5.29638e-19	5.31898e-19
12839.70000	4.18079e-19	4.53364e-19
12841.00000	-3.55959e-19	4.45448e-19
12842.30000	1.71123e-19	5.19136e-19
12843.60000	5.74742e-19	8.95939e-19
12844.90000	-5.30203e-19	1.34072e-18
12846.20000	1.01689e-20	1.35556e-18
12847.50000	2.19229e-19	8.93665e-19
12848.80000	-5.16227e-19	5.78191e-19
12850.10000	-4.27296e-19	4.87334e-19
12851.40000	1.76218e-19	4.57767e-19
12852.70000	-1.47216e-19	4.45572e-19
12854.00000	-1.53671e-20	4.52438e-19
12855.30000	2.83804e-19	4.55598e-19
12856.60000	-3.47428e-19	4.61216e-19
12857.90000	2.74801e-19	4.62911e-19
12859.20000	4.61459e-19	4.51230e-19
12860.50000	-1.21139e-19	4.54527e-19
12861.80000	-1.31420e-19	4.48031e-19
12863.10000	-4.63731e-19	4.83268e-19
12864.40000	1.15833e-18	7.23620e-19
12865.70000	2.27522e-18	1.07745e-18
12867.10000	-1.41908e-18	1.14587e-18
12868.40000	-9.36979e-19	8.55275e-19
12869.70000	-4.36597e-19	6.15657e-19
12871.00000	2.15553e-19	6.33161e-19
12872.30000	9.38843e-20	6.55869e-19
12873.60000	-1.27629e-18	6.15023e-19
12874.90000	-5.06332e-21	5.22560e-19
12876.20000	2.76872e-19	4.45252e-19
12877.50000	-3.62318e-19	4.21914e-19
12878.80000	-4.17050e-19	4.30212e-19
12880.10000	-1.00766e-18	5.15436e-19
12881.40000	1.26061e-18	6.88596e-19
12882.70000	-7.80895e-19	8.01079e-19
12884.00000	3.32686e-20	7.53414e-19
12885.30000	-2.17217e-19	6.91844e-19
12886.60000	-1.58665e-20	8.63375e-19
12887.90000	1.10273e-18	9.65060e-19
12889.20000	-2.02091e-19	8.37000e-19
12890.50000	-1.74293e-19	6.70709e-19
12891.80000	6.14713e-19	5.84711e-19
12893.10000	2.25117e-19	7.39436e-19
12894.40000	4.72097e-19	8.61268e-19
12895.70000	1.18812e-18	8.97434e-19
12897.00000	4.98710e-19	8.43884e-19
12898.30000	5.67295e-19	7.60376e-19
12899.60000	5.45601e-19	7.04602e-19
12900.90000	1.74664e-19	9.75449e-19
12902.20000	-1.58235e-18	1.77544e-18
12903.50000	2.04582e-18	3.38339e-18
12904.80000	-1.06146e-18	5.21081e-18
12906.10000	-1.06808e-17	5.30410e-18
12907.50000	-4.08911e-18	3.47922e-18
12908.80000	2.20073e-18	1.55999e-18
12910.10000	1.60705e-19	8.96512e-19
12911.40000	-3.31697e-19	6.78520e-19
12912.70000	2.60816e-20	5.89179e-19
12914.00000	1.13171e-18	8.55162e-19
12915.30000	6.86075e-19	1.12624e-18
12916.60000	1.21433e-18	1.10083e-18
12917.90000	6.22372e-19	1.08267e-18
12919.20000	-1.61368e-18	2.10830e-18
12920.50000	2.41116e-18	3.26772e-18
12921.80000	-7.84744e-19	3.26539e-18
12923.10000	-6.37331e-19	1.95926e-18
12924.40000	4.92849e-19	8.75254e-19
12925.70000	4.47935e-19	5.20534e-19
12927.00000	7.89247e-19	4.74195e-19
12928.30000	-3.40370e-19	4.90750e-19
12929.60000	4.83134e-19	5.53625e-19
12930.90000	6.94690e-19	6.06980e-19
12932.20000	5.64488e-19	5.97639e-19
12933.50000	-4.43724e-19	6.19781e-19
12934.80000	-4.92758e-19	7.22097e-19
12936.10000	1.29333e-18	7.55131e-19
12937.40000	1.66240e-19	6.62267e-19
12938.70000	2.32509e-19	5.31981e-19
12940.00000	1.26207e-19	6.78523e-19
12941.30000	2.13471e-18	1.41679e-18
12942.60000	4.26301e-19	2.01984e-18
12943.90000	1.67312e-19	1.96977e-18
12945.20000	1.19028e-18	1.24277e-18
12946.50000	1.01493e-18	6.66908e-19
12947.80000	1.37943e-19	4.89243e-19
12949.20000	-1.09230e-19	4.88403e-19
12950.50000	-4.12248e-20	4.89720e-19
12951.80000	-1.16039e-19	5.33902e-19
12953.10000	-2.37139e-19	7.02503e-19
12954.40000	8.89795e-19	6.14731e-19
12955.70000	4.95716e-19	5.78340e-19
12957.00000	-2.27599e-20	4.98601e-19
12958.30000	5.21817e-19	4.70128e-19
12959.60000	-8.88767e-19	4.81517e-19
12960.90000	-4.49319e-20	4.92106e-19
12962.20000	5.64416e-19	5.37737e-19
12963.50000	3.78487e-19	5.81627e-19
12964.80000	6.09440e-19	5.91368e-19
12966.10000	6.93072e-20	5.07784e-19
12967.40000	1.09793e-18	4.61795e-19
12968.70000	1.16347e-18	5.35741e-19
12970.00000	8.60840e-19	8.60341e-19
12971.30000	1.48171e-18	1.15776e-18
12972.60000	-1.10051e-19	1.25708e-18
12973.90000	5.62000e-19	9.64881e-19
12975.20000	6.78218e-19	6.70836e-19
12976.50000	9.41105e-20	5.47996e-19
12977.80000	4.70637e-19	5.31228e-19
12979.10000	5.87003e-19	4.90399e-19
12980.40000	2.16278e-19	4.66653e-19
12981.70000	6.36286e-19	4.89814e-19
12983.00000	-1.08999e-18	9.51076e-19
12984.30000	-3.77745e-19	2.18459e-18
12985.60000	7.65814e-20	2.65659e-18
12986.90000	-1.90917e-18	2.28361e-18
12988.20000	7.49330e-19	1.03348e-18
12989.60000	5.35247e-20	5.63517e-19
12990.90000	-5.73695e-19	4.39125e-19
12992.20000	2.30338e-19	4.35215e-19
12993.50000	-2.24086e-19	4.44532e-19
12994.80000	-1.37823e-19	4.36729e-19
12996.10000	6.86713e-19	4.33656e-19
12997.40000	4.20045e-19	4.49695e-19
12998.70000	-4.01711e-19	4.98899e-19
13000.00000	5.82421e-19	5.80823e-19
13001.30000	7.10942e-19	6.83608e-19
13002.60000	4.33957e-19	8.09089e-19
13003.90000	9.24440e-19	7.59269e-19
13005.20000	5.76879e-19	6.53058e-19
13006.50000	9.99887e-19	6.45130e-19
13007.80000	2.09914e-19	7.06159e-19
13009.10000	-4.54353e-19	7.49983e-19
13010.40000	4.65258e-19	6.53715e-19
13011.70000	4.80826e-19	7.06563e-19
13013.00000	4.05182e-19	7.54575e-19
13014.30000	1.24631e-18	8.20344e-19
13015.60000	8.29753e-19	7.43571e-19
13016.90000	-6.13852e-20	6.91645e-19
13018.20000	1.12783e-18	8.01250e-19
13019.50000	-4.73832e-19	2.47609e-18
13020.80000	-1.92186e-18	4.23006e-18
13022.10000	-2.24582e-18	4.33160e-18
13023.40000	-1.00602e-18	2.82357e-18
13024.70000	3.78182e-19	1.34215e-18
13026.00000	1.30917e-18	6.18871e-19
13027.30000	1.44621e-18	4.56662e-19
13028.60000	8.85454e-19	4.27001e-19
13029.90000	6.44377e-20	4.25058e-19
13031.30000	6.49970e-19	4.32398e-19
13032.60000	-5.64283e-20	4.30072e-19
13033.90000	-2.47074e-19	4.31156e-19
13035.20000	3.57751e-19	4.16947e-19
13036.50000	5.10621e-19	4.04912e-19
13037.80000	2.60492e-20	4.04376e-19
13039.10000	-5.12762e-20	4.04721e-19
13040.40000	5.88343e-19	4.18866e-19
13041.70000	2.49308e-19	4.53358e-19
13043.00000	9.16147e-20	4.93526e-19
13044.30000	6.25663e-19	5.13490e-19
13045.60000	9.01139e-19	4.88647e-19
13046.90000	-1.96845e-19	4.65494e-19
13048.20000	-2.38440e-19	5.48525e-19
13049.50000	5.29804e-19	8.20192e-19
13050.80000	6.79040e-19	1.97620e-18
13052.10000	1.94608e-19	2.95804e-18
13053.40000	2.01911e-18	2.90821e-18
13054.70000	-1.23263e-18	1.77967e-18
13056.00000	4.68084e-20	9.29185e-19
13057.30000	-1.39501e-19	5.93639e-19
13058.60000	4.74371e-19	4.94459e-19
13059.90000	9.24027e-19	5.15815e-19
13061.20000	-5.45635e-20	5.58359e-19
13062.50000	2.82247e-19	4.63145e-19
13063.80000	1.75590e-19	4.22907e-19
13065.10000	6.28654e-20	4.25083e-19
13066.40000	5.87700e-19	4.36548e-19
13067.70000	8.01062e-20	4.57478e-19
13069.00000	-4.85103e-20	4.38183e-19
13070.30000	3.65510e-19	4.38403e-19
13071.70000	1.15254e-19	4.12603e-19
13073.00000	7.48397e-19	4.09913e-19
13074.30000	-4.05500e-19	4.18897e-19
13075.60000	7.84519e-19	4.14830e-19
13076.90000	8.93663e-19	4.09802e-19
13078.20000	8.00876e-19	4.22500e-19
13079.50000	5.13116e-19	4.53953e-19
13080.80000	-7.69466e-20	5.30639e-19
13082.10000	1.88342e-18	9.08548e-19
13083.40000	-1.36431e-18	3.18034e-18
13084.70000	-2.85778e-19	4.67516e-18
13086.00000	-9.54204e-19	4.40155e-18
13087.30000	1.38571e-18	2.48961e-18
13088.60000	-3.75231e-20	1.14683e-18
13089.90000	-2.26861e-21	6.03451e-19
13091.20000	3.64571e-20	4.38606e-19
13092.50000	5.11214e-19	4.10266e-19
13093.80000	7.26092e-19	4.13285e-19
13095.10000	1.06933e-18	4.24812e-19
13096.40000	8.00902e-19	4.28986e-19
13097.70000	-2.57336e-19	4.36654e-19
13099.00000	-4.57079e-19	4.85050e-19
13100.30000	-3.55584e-19	4.74230e-19
13101.60000	-3.04688e-19	5.65051e-19
13102.90000	8.80129e-19	5.28716e-19
13104.20000	4.74673e-21	5.05105e-19
13105.50000	-8.88456e-19	5.82060e-19
13106.80000	-5.46758e-19	6.06836e-19
13108.10000	-1.44446e-19	5.76800e-19
13109.40000	-5.13245e-19	5.14663e-19
13110.70000	2.73331e-19	4.20974e-19
13112.00000	2.09325e-19	3.80903e-19
13113.40000	3.05951e-19	3.71572e-19
13114.70000	1.78903e-20	3.68738e-19
13116.00000	2.79344e-19	3.76583e-19
13117.30000	7.53574e-19	3.78085e-19
13118.60000	5.81316e-19	3.83311e-19
13119.90000	-4.86208e-19	3.93407e-19
13121.20000	-4.32880e-19	4.18939e-19
13122.50000	9.81386e-20	5.16833e-19
13123.80000	-1.92733e-19	7.13649e-19
13125.10000	-2.27659e-19	1.09338e-18
13126.40000	-1.85658e-20	2.37559e-18
13127.70000	2.04604e-19	2.80896e-18
13129.00000	6.07179e-19	2.34994e-18
13130.30000	1.70120e-18	1.42980e-18
13131.60000	1.04563e-18	9.36517e-19
13132.90000	-3.66964e-21	6.32665e-19
13134.20000	4.19145e-20	4.97156e-19
13135.50000	8.53774e-19	4.49758e-19
13136.80000	-5.69043e-21	4.71544e-19
13138.10000	3.10584e-19	5.96623e-19
13139.40000	6.71579e-19	7.65504e-19
13140.70000	-2.65996e-19	7.69408e-19
13142.00000	-6.40547e-19	7.35225e-19
13143.30000	-3.41855e-19	6.81050e-19
13144.60000	4.10029e-19	5.75093e-19
13145.90000	-2.29132e-19	4.67277e-19
13147.20000	-5.90931e-19	4.46752e-19
13148.50000	-4.38639e-19	4.59345e-19
13149.80000	5.59155e-19	4.58833e-19
13151.10000	9.56394e-19	4.55266e-19
13152.40000	-7.12509e-20	5.61606e-19
13153.80000	-6.72274e-19	9.77405e-19
13155.10000	2.63350e-18	2.66336e-18
13156.40000	1.46737e-18	3.84986e-18
13157.70000	-3.49787e-18	3.55605e-18
13159.00000	-1.98110e-18	1.97447e-18
13160.30000	-8.49355e-19	9.64078e-19
13161.60000	1.82182e-19	5.59482e-19
13162.90000	1.50421e-19	4.52615e-19
13164.20000	-8.18782e-20	4.43807e-19
13165.50000	-2.94451e-19	4.43364e-19
13166.80000	9.77172e-20	4.41931e-19
13168.10000	5.19426e-19	4.34398e-19
13169.40000	3.61610e-19	4.24960e-19
13170.70000	3.08582e-20	4.57903e-19
13172.00000	4.16292e-19	4.24244e-19
13173.30000	-2.69432e-19	4.07525e-19
13174.60000	6.24080e-19	3.96938e-19
13175.90000	5.97560e-19	3.85544e-19
13177.20000	3.40497e-19	3.89301e-19
13178.50000	4.44995e-19	4.09844e-19
13179.80000	1.04826e-19	4.18787e-19
13181.10000	-1.05221e-19	4.10819e-19
13182.40000	7.37427e-20	3.88057e-19
13183.70000	-1.10231e-19	4.28956e-19
13185.00000	-3.92449e-19	4.08042e-19
13186.30000	-5.66217e-19	4.05455e-19
13187.60000	-8.22419e-19	3.95918e-19
13188.90000	-1.40982e-19	3.98629e-19
13190.20000	2.45153e-19	3.97772e-19
13191.50000	4.06205e-20	3.90691e-19
13192.80000	-4.21534e-19	3.74743e-19
13194.10000	2.12609e-19	3.68351e-19
13195.50000	-1.05457e-19	4.33365e-19
13196.80000	-8.35549e-20	3.88524e-19
13198.10000	-5.27186e-19	3.84363e-19
13199.40000	-2.35148e-19	3.97622e-19
13200.70000	3.71104e-19	4.11930e-19
13202.00000	8.78574e-20	4.13990e-19
13203.30000	-1.49752e-19	4.14812e-19
13204.60000	1.34776e-19	4.19321e-19
13205.90000	-2.10924e-19	4.30676e-19
13207.20000	8.92217e-19	5.66057e-19
13208.50000	3.29722e-19	1.14069e-18
13209.80000	-1.83706e-19	2.13858e-18
13211.10000	1.04612e-18	2.31713e-18
13212.40000	1.51156e-18	1.64144e-18
13213.70000	4.02028e-19	8.72601e-19
13215.00000	3.93976e-19	6.22058e-19
13216.30000	6.83884e-19	5.38496e-19
13217.60000	9.00641e-20	5.21223e-19
13218.90000	3.12018e-19	4.95848e-19
13220.20000	2.58927e-19	5.18323e-19
13221.50000	-3.69734e-19	6.78708e-19
13222.80000	-6.00213e-19	6.32889e-19
13224.10000	3.13870e-19	4.93351e-19
13225.40000	4.43103e-19	4.60165e-19
13226.70000	-1.30999e-19	5.00835e-19
13228.00000	-6.31681e-19	5.05171e-19
13229.30000	-1.66091e-18	5.04154e-19
13230.60000	-9.79421e-19	4.71659e-19
13231.90000	4.84698e-19	4.97223e-19
13233.20000	-4.75960e-19	8.22052e-19
13234.50000	1.55678e-18	2.25230e-18
13235.80000	2.56178e-18	3.11737e-18
13237.20000	3.54226e-19	3.06504e-18
13238.50000	3.62162e-19	1.99844e-18
13239.80000	-3.95572e-19	1.02285e-18
13241.10000	9.95929e-20	6.18359e-19
13242.40000	8.29159e-19	4.59700e-19
13243.70000	8.74701e-20	4.17277e-19
13245.00000	3.33911e-19	5.02520e-19
13246.30000	6.94104e-19	6.23007e-19
13247.60000	-5.48570e-20	6.38577e-19
13248.90000	2.57044e-19	5.23663e-19
13250.20000	2.28437e-21	4.10900e-19
13251.50000	1.59769e-19	3.73092e-19
13252.80000	4.92435e-19	3.62513e-19
13254.10000	2.42665e-19	3.62133e-19
13255.40000	5.71452e-19	3.67707e-19
13256.70000	6.03228e-19	3.80050e-19
13258.00000	3.83165e-19	3.89696e-19
13259.30000	8.27021e-19	3.75192e-19
13260.60000	3.60989e-19	3.58496e-19
13261.90000	7.18299e-20	3.61458e-19
13263.20000	1.23484e-20	3.69382e-19
13264.50000	1.08013e-19	3.91367e-19
13265.80000	9.43910e-20	4.93574e-19
13267.10000	-2.13704e-19	5.94569e-19
13268.40000	2.25929e-19	6.40775e-19
13269.70000	-6.83704e-20	5.73835e-19
13271.00000	-2.45691e-19	4.90791e-19
13272.30000	3.91313e-19	4.13374e-19
13273.60000	5.62938e-19	4.42831e-19
13274.90000	3.65723e-19	5.34926e-19
13276.20000	4.26763e-20	6.11716e-19
13277.60000	6.86595e-19	6.40052e-19
13278.90000	2.86063e-19	6.21250e-19
13280.20000	7.20494e-20	6.06238e-19
13281.50000	4.06922e-19	5.43667e-19
13282.80000	4.43645e-20	4.34773e-19
13284.10000	2.72202e-19	4.01458e-19
13285.40000	-3.33944e-20	4.06508e-19
13286.70000	-3.30998e-19	4.04936e-19
13288.00000	-2.56803e-19	4.06210e-19
13289.30000	3.81452e-19	4.00823e-19
13290.60000	3.70680e-19	3.95780e-19
13291.90000	6.02811e-19	3.87847e-19
13293.20000	1.90573e-19	3.67440e-19
13294.50000	-4.00966e-19	3.73125e-19
13295.80000	-4.41218e-19	4.33417e-19
13297.10000	9.00247e-20	5.54391e-19
13298.40000	-1.99441e-19	6.92513e-19
13299.70000	-2.17773e-19	9.74515e-19
13301.00000	-1.78396e-18	1.39019e-18
13302.30000	1.47578e-18	1.43312e-18
13303.60000	4.48326e-19	1.03102e-18
13304.90000	4.35077e-19	5.97257e-19
13306.20000	-2.04366e-19	4.44560e-19
13307.50000	9.82593e-19	3.90841e-19
13308.80000	6.48388e-19	3.86133e-19
13310.10000	7.68464e-19	4.02999e-19
13311.40000	-1.01805e-19	4.13143e-19
13312.70000	5.41679e-20	4.12182e-19
13314.00000	8.89116e-19	4.14250e-19
13315.30000	5.81963e-19	4.30473e-19
13316.60000	8.30751e-19	4.46043e-19
13317.90000	5.20766e-19	4.32852e-19
13319.30000	1.64401e-19	4.26964e-19
13320.60000	-4.42083e-19	5.45631e-19
13321.90000	-2.37871e-19	1.08527e-18
13323.20000	-7.55814e-19	2.05556e-18
13324.50000	-4.26619e-19	2.40762e-18
13325.80000	-6.63762e-19	2.05818e-18
13327.10000	-1.55616e-18	1.20584e-18
13328.40000	8.52799e-19	6.66225e-19
13329.70000	4.61793e-19	4.55957e-19
13331.00000	3.71014e-19	3.89608e-19
13332.30000	-2.59964e-19	3.79794e-19
13333.60000	-3.73139e-19	3.85196e-19
13334.90000	1.79552e-20	4.17378e-19
13336.20000	3.71127e-19	4.54987e-19
13337.50000	-8.69104e-20	5.29763e-19
13338.80000	-1.05150e-19	5.27758e-19
13340.10000	1.19162e-19	4.98870e-19
13341.40000	1.18666e-19	4.58699e-19
13342.70000	3.65530e-19	4.09751e-19
13344.00000	4.73285e-19	3.85476e-19
13345.30000	2.38015e-19	3.99672e-19
13346.60000	6.05306e-19	4.24588e-19
13347.90000	6.87131e-19	4.31433e-19
13349.20000	9.18443e-19	4.10727e-19
13350.50000	3.51085e-19	4.31157e-19
13351.80000	-5.50318e-19	4.91327e-19
13353.10000	4.08100e-19	4.93064e-19
13354.40000	2.91301e-19	4.51513e-19
13355.70000	4.02684e-19	4.05279e-19
13357.00000	3.96221e-20	4.10059e-19
13358.30000	6.24173e-19	4.19553e-19
13359.70000	6.61060e-19	4.73176e-19
13361.00000	-1.66956e-19	5.45098e-19
13362.30000	4.36536e-19	5.36458e-19
13363.60000	5.98167e-19	4.68924e-19
13364.90000	6.60822e-19	4.27438e-19
13366.20000	5.57477e-19	4.05579e-19
13367.50000	-2.48727e-19	3.68662e-19
13368.80000	3.81083e-20	3.74541e-19
13370.10000	-4.35554e-19	4.30392e-19
13371.40000	4.43415e-19	4.03792e-19
13372.70000	6.44264e-19	4.07926e-19
13374.00000	5.71432e-20	4.05359e-19
13375.30000	-7.47902e-20	3.95335e-19
13376.60000	-5.00534e-19	4.09806e-19
13377.90000	-7.88398e-19	4.14476e-19
13379.20000	3.40236e-19	3.99290e-19
13380.50000	1.70504e-19	3.90641e-19
13381.80000	2.46968e-19	3.91454e-19
13383.10000	9.96585e-20	3.92466e-19
13384.40000	3.19114e-19	3.89566e-19
13385.70000	4.93914e-19	3.98717e-19
13387.00000	1.09562e-18	4.04216e-19
13388.30000	8.49157e-20	4.08961e-19
13389.60000	-5.50457e-19	4.13261e-19
13390.90000	2.86099e-19	4.19219e-19
13392.20000	-7.38134e-20	4.52375e-19
13393.50000	7.01525e-19	4.96663e-19
13394.80000	9.62667e-19	5.49082e-19
13396.10000	-7.35328e-19	4.84481e-19
13397.40000	-3.15442e-19	5.37945e-19
13398.70000	1.97552e-19	8.42950e-19
13400.00000	-1.70319e-18	1.27615e-18
13401.40000	4.47969e-19	1.41020e-18
13402.70000	1.11745e-18	1.16211e-18
13404.00000	9.07462e-19	7.79509e-19
13405.30000	6.37210e-19	6.13444e-19
13406.60000	3.02399e-19	5.05835e-19
13407.90000	1.18081e-19	4.22086e-19
13409.20000	-6.01026e-20	3.92533e-19
13410.50000	-5.41115e-19	3.96490e-19
13411.80000	-5.13776e-19	4.67635e-19
13413.10000	-3.40019e-19	6.00086e-19
13414.40000	-4.11601e-20	6.76660e-19
13415.70000	-5.64813e-19	6.83469e-19
13417.00000	9.97279e-20	6.38332e-19
13418.30000	5.82588e-19	8.02984e-19
13419.60000	1.25027e-18	1.28088e-18
13420.90000	5.31287e-19	1.66411e-18
13422.20000	3.32620e-19	1.62621e-18
13423.50000	3.40668e-19	1.24588e-18
13424.80000	1.22814e-18	8.31383e-19
13426.10000	1.52778e-19	6.72229e-19
13427.40000	-9.86672e-19	5.96790e-19
13428.70000	-3.27219e-19	4.85272e-19
13430.00000	-1.82396e-19	4.28184e-19
13431.30000	1.13981e-19	4.00890e-19
13432.60000	3.64207e-19	3.84731e-19
13433.90000	1.70336e-19	3.88472e-19
13435.20000	4.62510e-20	4.17571e-19
13436.50000	-1.02022e-19	4.84573e-19
13437.80000	3.67916e-19	5.28874e-19
13439.10000	8.67485e-19	5.56776e-19
13440.40000	-6.58780e-20	5.97412e-19
13441.80000	4.23680e-19	5.77421e-19
13443.10000	1.10400e-18	5.82790e-19
13444.40000	6.69284e-19	6.67189e-19
13445.70000	4.63641e-19	6.81363e-19
13447.00000	1.01777e-18	6.89156e-19
13448.30000	4.03483e-19	6.59244e-19
13449.60000	7.78342e-19	5.79118e-19
13450.90000	9.05199e-19	4.72612e-19
13452.20000	7.72919e-19	4.85816e-19
13453.50000	1.73790e-19	4.65234e-19
13454.80000	1.01363e-18	5.01097e-19
13456.10000	8.35620e-19	5.73014e-19
13457.40000	-1.41766e-19	5.28412e-19
13458.70000	-4.03165e-19	5.90967e-19
13460.00000	-2.07065e-19	5.09474e-19
13461.30000	2.82316e-19	4.82408e-19
13462.60000	6.91234e-19	5.23914e-19
13463.90000	8.41032e-19	5.43849e-19
13465.20000	1.22473e-18	5.47424e-19
13466.50000	2.88324e-19	5.40044e-19
13467.80000	-8.40888e-19	5.42344e-19
13469.10000	-5.07377e-19	5.64136e-19
13470.40000	-2.86606e-19	4.86810e-19
13471.70000	5.02446e-19	4.97579e-19
13473.00000	-1.25996e-19	5.58785e-19
13474.30000	3.20330e-20	6.51136e-19
13475.60000	1.54979e-18	8.00459e-19
13476.90000	1.55817e-18	9.26546e-19
13478.20000	2.10249e-19	1.02010e-18
13479.50000	3.05889e-18	1.04085e-18
13480.80000	-2.36203e-19	9.95441e-19
13482.10000	1.76379e-18	9.47020e-19
13483.50000	2.73504e-18	1.08182e-18
13484.80000	5.28834e-19	9.57805e-19
13486.10000	6.31855e-19	9.47497e-19
13487.40000	8.32020e-19	9.12420e-19
13488.70000	-6.00873e-19	8.34517e-19
13490.00000	3.66098e-19	7.86773e-19
13491.30000	3.22452e-19	7.62945e-19
13492.60000	4.80237e-19	7.16702e-19
13493.90000	1.07384e-18	6.98846e-19
13495.20000	-4.93050e-19	7.43105e-19
13496.50000	3.22395e-19	7.13234e-19
13497.80000	9.50869e-19	7.56487e-19
13499.10000	9.28401e-19	8.49738e-19
13500.40000	-1.65526e-18	1.00874e-18
13501.70000	1.95225e-18	1.21464e-18
13503.00000	-1.50785e-18	1.43328e-18
13504.30000	-5.05809e-19	1.62026e-18
13505.60000	-1.00481e-18	1.80273e-18
13506.90000	1.64955e-18	2.34300e-18
13508.20000	-4.29445e-18	3.29241e-18
13509.50000	-4.49912e-18	3.02910e-18
13510.80000	6.50000e-19	2.34904e-18
13512.10000	-3.86529e-20	1.67718e-18
13513.40000	2.15785e-18	1.62337e-18
13514.70000	5.20866e-18	1.74382e-18
13516.00000	-1.52994e-18	1.92554e-18
13517.30000	-1.19192e-18	1.95242e-18
13518.60000	3.41625e-18	2.06951e-18
13519.90000	2.61032e-18	1.62207e-18
