#macsj1149_mos_1.H.2185.fc.1d.esc.txt
#Wavelength in (A) | Flux (erg/sec/cm2/A)| Flux Error
14529.30000	2.47222e-18	1.29015e-18
14531.00000	3.95242e-17	1.93824e-17
14532.60000	7.90494e-18	2.60877e-18
14534.20000	5.25815e-19	2.48870e-19
14535.80000	-8.42137e-18	2.52491e-18
14537.50000	-2.73851e-18	1.61544e-18
14539.10000	-3.28167e-18	3.23257e-18
14540.70000	-5.02127e-18	2.95477e-18
14542.40000	-4.30009e-18	2.74814e-18
14544.00000	-3.58992e-18	2.55002e-18
14545.60000	-2.65122e-18	2.47759e-18
14547.20000	-2.19184e-18	2.47687e-18
14548.90000	-1.58972e-18	2.68707e-18
14550.50000	-7.39228e-18	2.92948e-18
14552.10000	5.95712e-18	2.97560e-18
14553.80000	-1.09622e-18	2.99177e-18
14555.40000	-1.06558e-18	2.74094e-18
14557.00000	5.72149e-18	2.44872e-18
14558.60000	-4.00754e-18	2.07030e-18
14560.30000	3.54683e-18	2.78764e-18
14561.90000	1.44457e-18	5.67582e-18
14563.50000	2.10333e-18	7.10693e-18
14565.20000	-4.66707e-18	6.62168e-18
14566.80000	1.42059e-18	3.89570e-18
14568.40000	-3.16113e-18	2.04475e-18
14570.00000	-2.82502e-18	1.52849e-18
14571.70000	-4.33810e-18	1.78437e-18
14573.30000	-2.21885e-18	1.95048e-18
14574.90000	2.57174e-18	1.91970e-18
14576.60000	1.41629e-18	1.58223e-18
14578.20000	6.08231e-19	1.40404e-18
14579.80000	2.51074e-18	1.38710e-18
14581.40000	-2.36191e-19	1.34442e-18
14583.10000	-2.12531e-18	1.24169e-18
14584.70000	2.57073e-19	1.33111e-18
14586.30000	-1.51589e-18	1.22126e-18
14588.00000	-1.39417e-18	1.13942e-18
14589.60000	-5.58961e-19	1.14266e-18
14591.20000	-1.16003e-18	1.11406e-18
14592.90000	-2.24922e-19	1.11748e-18
14594.50000	2.45978e-20	1.09395e-18
14596.10000	1.35485e-18	1.13142e-18
14597.70000	1.02155e-18	1.22623e-18
14599.40000	1.46172e-18	1.57775e-18
14601.00000	-4.07843e-18	3.00000e-18
14602.60000	-1.35805e-17	7.71696e-18
14604.30000	-5.01548e-18	1.08887e-17
14605.90000	-5.68319e-18	9.57714e-18
14607.50000	-3.29487e-19	5.64511e-18
14609.10000	3.76928e-18	3.15530e-18
14610.80000	1.68268e-18	2.47263e-18
14612.40000	-1.46754e-18	1.99911e-18
14614.00000	1.12761e-18	1.64467e-18
14615.70000	3.36483e-19	1.55466e-18
14617.30000	-2.07519e-18	1.41363e-18
14618.90000	-2.68384e-19	1.18320e-18
14620.50000	7.35872e-20	9.63159e-19
14622.20000	9.78480e-19	8.74646e-19
14623.80000	1.42807e-18	9.28684e-19
14625.40000	1.30375e-18	1.05219e-18
14627.10000	1.86864e-18	1.18903e-18
14628.70000	3.79834e-20	1.38948e-18
14630.30000	1.58913e-19	1.48532e-18
14631.90000	-5.73524e-19	1.44808e-18
14633.60000	2.16409e-19	1.59890e-18
14635.20000	1.68569e-18	1.55042e-18
14636.80000	1.58204e-18	1.26473e-18
14638.50000	-4.13173e-19	1.05862e-18
14640.10000	-1.41244e-18	8.23461e-19
14641.70000	-2.38941e-19	7.58238e-19
14643.30000	-2.00072e-18	8.30598e-19
14645.00000	-2.14100e-18	9.15831e-19
14646.60000	-2.04132e-19	9.58743e-19
14648.20000	-6.46270e-19	1.02814e-18
14649.90000	7.07913e-19	1.13543e-18
14651.50000	2.01224e-18	1.22630e-18
14653.10000	5.67294e-19	1.33414e-18
14654.80000	-1.04476e-18	1.54160e-18
14656.40000	-2.52500e-19	1.50875e-18
14658.00000	7.56314e-19	1.22017e-18
14659.60000	-6.80896e-19	1.18102e-18
14661.30000	-6.76282e-19	1.56693e-18
14662.90000	1.11602e-18	3.91500e-18
14664.50000	1.58056e-18	5.27317e-18
14666.20000	-4.99842e-18	4.87539e-18
14667.80000	-8.69130e-19	2.97824e-18
14669.40000	2.76090e-18	1.50805e-18
14671.00000	1.76463e-18	9.95422e-19
14672.70000	1.51073e-19	8.82753e-19
14674.30000	1.25910e-18	7.95371e-19
14675.90000	1.47105e-19	7.75064e-19
14677.60000	-5.03197e-19	8.07471e-19
14679.20000	8.09266e-19	8.62627e-19
14680.80000	3.82638e-19	9.05467e-19
14682.40000	-4.96625e-19	8.34226e-19
14684.10000	-8.59724e-19	7.57233e-19
14685.70000	-9.49820e-19	5.98126e-19
14687.30000	-1.12490e-19	6.00611e-19
14689.00000	2.89956e-19	6.48241e-19
14690.60000	-3.94483e-19	7.15498e-19
14692.20000	-1.88519e-19	8.69801e-19
14693.80000	-1.01777e-18	1.35266e-18
14695.50000	-4.04289e-18	3.94211e-18
14697.10000	-2.69760e-17	7.56506e-18
14698.70000	4.23464e-18	6.97742e-18
14700.40000	3.34956e-18	5.19125e-18
14702.00000	1.34102e-18	3.15314e-18
14703.60000	2.72127e-19	2.11514e-18
14705.20000	-7.62083e-19	1.67926e-18
14706.90000	-1.75272e-18	1.21126e-18
14708.50000	-9.51659e-20	1.13745e-18
14710.10000	4.66712e-19	1.10681e-18
14711.80000	1.13279e-18	1.24287e-18
14713.40000	1.23766e-18	1.15507e-18
14715.00000	8.56916e-19	9.97369e-19
14716.70000	-2.86578e-19	8.12877e-19
14718.30000	4.20859e-19	7.53976e-19
14719.90000	2.97644e-19	7.24861e-19
14721.50000	-1.28763e-18	7.28152e-19
14723.20000	-1.24450e-18	7.49315e-19
14724.80000	-4.30202e-19	7.12900e-19
14726.40000	-7.11738e-19	6.50279e-19
14728.10000	4.83438e-19	6.04053e-19
14729.70000	1.31101e-19	5.69523e-19
14731.30000	9.48918e-19	5.60303e-19
14732.90000	2.68132e-19	6.02026e-19
14734.60000	-1.22571e-18	6.80326e-19
14736.20000	-2.07159e-19	1.01577e-18
14737.80000	1.23738e-18	2.07634e-18
14739.50000	-5.54627e-18	2.59366e-18
14741.10000	1.31656e-18	2.31157e-18
14742.70000	4.21283e-18	1.45916e-18
14744.30000	1.06088e-18	8.04113e-19
14746.00000	-2.03766e-19	5.10177e-19
14747.60000	-3.95233e-19	4.53861e-19
14749.20000	7.82855e-19	4.44667e-19
14750.90000	-2.32634e-19	4.97797e-19
14752.50000	1.42796e-18	8.89285e-19
14754.10000	1.13269e-18	1.76088e-18
14755.70000	8.02620e-19	1.92275e-18
14757.40000	1.72546e-19	1.57373e-18
14759.00000	5.54181e-20	1.01581e-18
14760.60000	2.38411e-19	7.01182e-19
14762.30000	-6.84161e-19	5.72785e-19
14763.90000	4.27459e-19	5.05882e-19
14765.50000	-5.80473e-19	5.12172e-19
14767.10000	-4.54553e-19	6.23010e-19
14768.80000	2.50368e-18	1.16060e-18
14770.40000	9.70659e-19	2.29159e-18
14772.00000	-2.37280e-18	2.75819e-18
14773.70000	-7.17450e-19	2.42319e-18
14775.30000	-1.11550e-18	1.75162e-18
14776.90000	1.47879e-19	8.68521e-19
14778.60000	-1.13123e-19	8.58627e-19
14780.20000	-4.73598e-19	1.58663e-18
14781.80000	2.55747e-18	3.15633e-18
14783.40000	-8.21245e-19	3.56567e-18
14785.10000	-1.23996e-18	2.87454e-18
14786.70000	7.91397e-19	1.65217e-18
14788.30000	1.46448e-18	8.61993e-19
14790.00000	1.93697e-19	8.85527e-19
14791.60000	2.17525e-19	1.04780e-18
14793.20000	2.07810e-19	1.06950e-18
14794.80000	6.75451e-19	1.04918e-18
14796.50000	-3.33518e-19	1.71723e-18
14798.10000	-2.95999e-18	3.20615e-18
14799.70000	-1.33988e-18	3.87886e-18
14801.40000	4.04635e-20	3.51696e-18
14803.00000	5.89169e-18	3.11047e-18
14804.60000	7.25572e-19	3.01859e-18
14806.20000	-9.39868e-19	2.72090e-18
14807.90000	6.95074e-20	1.70031e-18
14809.50000	8.74915e-19	9.00260e-19
14811.10000	-3.92512e-19	6.95768e-19
14812.80000	-3.22237e-19	5.80375e-19
14814.40000	-2.99872e-19	5.90736e-19
14816.00000	-3.72795e-19	5.48051e-19
14817.60000	5.98796e-21	5.11833e-19
14819.30000	8.35067e-19	5.06054e-19
14820.90000	3.25992e-19	4.89569e-19
14822.50000	4.68713e-19	4.78640e-19
14824.20000	-2.16919e-19	4.80098e-19
14825.80000	8.30092e-19	6.19232e-19
14827.40000	3.46519e-19	8.24876e-19
14829.00000	-4.73912e-19	1.20096e-18
14830.70000	-1.85772e-18	2.78511e-18
14832.30000	-3.16454e-18	4.15000e-18
14833.90000	-3.88170e-18	3.92589e-18
14835.60000	-3.07216e-18	2.41284e-18
14837.20000	-1.00962e-18	9.98742e-19
14838.80000	-2.34278e-19	5.47327e-19
14840.50000	-3.07508e-19	4.75761e-19
14842.10000	-6.80824e-19	4.90503e-19
14843.70000	-4.21543e-19	4.93263e-19
14845.30000	-3.55910e-19	4.84443e-19
14847.00000	-3.78165e-19	5.46514e-19
14848.60000	-1.85986e-20	5.31150e-19
14850.20000	4.52585e-19	4.82288e-19
14851.90000	1.30262e-19	4.64940e-19
14853.50000	2.53964e-19	4.45314e-19
14855.10000	1.46810e-19	4.52050e-19
14856.70000	3.44226e-19	5.40536e-19
14858.40000	6.01194e-19	6.81731e-19
14860.00000	6.67420e-19	9.16357e-19
14861.60000	-4.81226e-18	1.68538e-18
14863.30000	-9.66679e-18	2.95917e-18
14864.90000	-2.34074e-18	3.07541e-18
14866.50000	-3.39077e-19	2.15689e-18
14868.10000	1.18466e-18	1.08057e-18
14869.80000	1.49165e-19	6.43408e-19
14871.40000	3.31357e-19	5.04808e-19
14873.00000	1.27966e-19	4.75624e-19
14874.70000	1.00468e-19	4.87448e-19
14876.30000	1.19791e-19	5.07297e-19
14877.90000	2.02179e-19	5.03126e-19
14879.50000	2.55320e-21	5.21852e-19
14881.20000	-7.44151e-20	6.35658e-19
14882.80000	-9.83101e-19	1.03403e-18
14884.40000	3.22302e-19	2.27213e-18
14886.10000	1.56153e-18	4.41812e-18
14887.70000	1.20701e-19	4.75674e-18
14889.30000	1.40104e-18	3.57001e-18
14891.00000	4.09140e-19	1.79877e-18
14892.60000	7.74551e-19	7.52696e-19
14894.20000	-5.54136e-19	4.87927e-19
14895.80000	-7.97177e-19	4.55972e-19
14897.50000	-3.16800e-19	4.32721e-19
14899.10000	5.74194e-19	4.37654e-19
14900.70000	-8.78458e-20	4.43425e-19
14902.40000	-3.84491e-19	3.86451e-19
14904.00000	-1.45092e-19	4.55550e-19
14905.60000	1.14656e-18	8.11663e-19
14907.20000	8.87921e-19	1.36213e-18
14908.90000	1.26709e-18	1.74412e-18
14910.50000	-4.57956e-19	1.64630e-18
14912.10000	-1.40062e-18	9.85378e-19
14913.80000	-3.92076e-19	6.22585e-19
14915.40000	-9.42084e-20	4.87291e-19
14917.00000	7.90966e-20	4.74415e-19
14918.60000	-2.68153e-19	4.55290e-19
14920.30000	1.22623e-19	4.39968e-19
14921.90000	5.07267e-19	4.30386e-19
14923.50000	4.74846e-19	4.30681e-19
14925.20000	6.40594e-19	4.52755e-19
14926.80000	1.54682e-19	5.60244e-19
14928.40000	-4.71708e-19	1.08201e-18
14930.00000	1.34301e-18	2.43995e-18
14931.70000	4.03902e-18	3.14246e-18
14933.30000	-3.29826e-18	2.85546e-18
14934.90000	-5.58113e-19	1.54352e-18
14936.60000	2.19981e-20	7.02241e-19
14938.20000	3.42322e-19	5.40550e-19
14939.80000	1.40097e-19	5.48796e-19
14941.40000	-5.76873e-20	5.38155e-19
14943.10000	2.36672e-19	4.93008e-19
14944.70000	-2.29640e-19	4.55937e-19
14946.30000	-6.97648e-20	4.39898e-19
14948.00000	-5.41029e-20	4.31770e-19
14949.60000	5.92561e-19	4.28337e-19
14951.20000	7.45122e-19	4.45959e-19
14952.90000	6.96735e-19	4.80293e-19
14954.50000	-1.69338e-19	4.93083e-19
14956.10000	4.52667e-19	4.95382e-19
14957.70000	5.43337e-19	4.93486e-19
14959.40000	1.63789e-19	5.07236e-19
14961.00000	-8.34562e-19	5.32897e-19
14962.60000	-6.91588e-19	5.84094e-19
14964.30000	-3.03461e-19	5.93784e-19
14965.90000	-1.68966e-19	5.52321e-19
14967.50000	-2.20171e-19	4.76340e-19
14969.10000	-1.34211e-19	4.44890e-19
14970.80000	1.49392e-19	4.35385e-19
14972.40000	3.04426e-20	4.37165e-19
14974.00000	-9.35650e-19	4.32979e-19
14975.70000	3.48307e-19	4.76383e-19
14977.30000	-5.87277e-19	6.07237e-19
14978.90000	6.03324e-19	4.80304e-19
14980.50000	3.61191e-20	4.40663e-19
14982.20000	7.41486e-19	4.45450e-19
14983.80000	5.79957e-19	4.49542e-19
14985.40000	-5.63846e-19	4.52200e-19
14987.10000	-7.44168e-20	4.63831e-19
14988.70000	1.54912e-19	4.82830e-19
14990.30000	-5.21259e-19	5.21249e-19
14991.90000	-1.08643e-18	5.89642e-19
14993.60000	-5.65548e-20	5.85943e-19
14995.20000	7.40157e-20	5.31808e-19
14996.80000	3.37232e-20	4.91338e-19
14998.50000	-4.59222e-19	4.74885e-19
15000.10000	1.61547e-20	4.76823e-19
15001.70000	-5.21806e-19	4.87184e-19
15003.30000	-3.65266e-19	5.68156e-19
15005.00000	-4.22288e-19	7.32989e-19
15006.60000	7.20922e-19	7.99555e-19
15008.20000	6.13884e-19	7.30556e-19
15009.90000	9.72008e-19	5.83257e-19
15011.50000	-5.11545e-19	4.90539e-19
15013.10000	7.50686e-19	4.68683e-19
15014.80000	-1.78493e-19	4.67064e-19
15016.40000	-1.29754e-18	4.61967e-19
15018.00000	-9.75078e-19	4.59572e-19
15019.60000	1.68828e-19	4.67650e-19
15021.30000	-3.76772e-19	5.07274e-19
15022.90000	2.34597e-19	6.77687e-19
15024.50000	1.57773e-20	8.68036e-19
15026.20000	4.51184e-19	9.24838e-19
15027.80000	4.21161e-19	8.07143e-19
15029.40000	5.48391e-19	5.98809e-19
15031.00000	-2.29331e-19	4.82242e-19
15032.70000	-2.22826e-20	4.54389e-19
15034.30000	8.33086e-20	4.63488e-19
15035.90000	1.41982e-19	5.47712e-19
15037.60000	-2.59394e-19	4.84503e-19
15039.20000	1.76156e-19	4.91005e-19
15040.80000	2.88650e-19	4.92669e-19
15042.40000	-8.53076e-19	4.98554e-19
15044.10000	-1.34588e-19	5.04389e-19
15045.70000	-7.44015e-19	5.38863e-19
15047.30000	-2.22003e-19	6.26583e-19
15049.00000	-2.32134e-19	9.77115e-19
15050.60000	2.59489e-19	1.88749e-18
15052.20000	4.70015e-18	3.60452e-18
15053.80000	-3.41871e-18	5.96036e-18
15055.50000	-1.20006e-19	6.70420e-18
15057.10000	2.73531e-18	5.39518e-18
15058.70000	-1.21325e-18	2.84308e-18
15060.40000	-2.39441e-19	1.13914e-18
15062.00000	-1.61568e-18	1.14030e-18
15063.60000	-8.50292e-19	1.31351e-18
15065.20000	-2.17120e-18	1.81223e-18
15066.90000	-5.22262e-18	2.91634e-18
15068.50000	1.87952e-18	3.64236e-18
15070.10000	3.40145e-18	3.23488e-18
15071.80000	2.18036e-18	1.94063e-18
15073.40000	-7.01206e-20	8.38507e-19
15075.00000	3.71490e-19	5.27050e-19
15076.70000	4.28011e-19	5.04278e-19
15078.30000	1.06294e-19	5.92883e-19
15079.90000	-1.12654e-18	7.38522e-19
15081.50000	2.18649e-19	9.49108e-19
15083.20000	-1.80953e-19	8.91197e-19
15084.80000	-9.17716e-19	1.25192e-18
15086.40000	-2.89325e-18	1.87013e-18
15088.10000	-2.32709e-19	2.17445e-18
15089.70000	9.10144e-19	1.90848e-18
15091.30000	1.33757e-18	1.22545e-18
15092.90000	-2.05032e-19	8.51018e-19
15094.60000	-3.88580e-19	5.63826e-19
15096.20000	2.47509e-19	5.39941e-19
15097.80000	3.11778e-20	5.61753e-19
15099.50000	-5.76156e-19	5.53443e-19
15101.10000	-9.06989e-19	5.09683e-19
15102.70000	1.15074e-19	5.14968e-19
15104.30000	7.95975e-20	5.76007e-19
15106.00000	1.33982e-19	6.50396e-19
15107.60000	-2.19547e-19	6.69864e-19
15109.20000	1.08228e-19	7.42823e-19
15110.90000	3.03619e-19	8.57741e-19
15112.50000	1.34466e-20	1.06516e-18
15114.10000	1.97699e-19	9.95818e-19
15115.70000	3.77926e-19	8.86672e-19
15117.40000	2.76277e-19	6.68676e-19
15119.00000	-1.55419e-20	4.98978e-19
15120.60000	4.54247e-19	4.36650e-19
15122.30000	1.71139e-19	4.30438e-19
15123.90000	8.78359e-20	4.47576e-19
15125.50000	2.80939e-19	4.58762e-19
15127.10000	-2.82563e-19	4.71721e-19
15128.80000	-1.79650e-19	4.75837e-19
15130.40000	2.53135e-19	4.92552e-19
15132.00000	1.97668e-20	5.40497e-19
15133.70000	-3.29540e-19	5.83126e-19
15135.30000	5.22915e-19	7.12206e-19
15136.90000	5.14584e-19	7.16374e-19
15138.60000	4.03667e-19	5.65219e-19
15140.20000	4.93173e-19	6.03828e-19
15141.80000	7.46203e-19	6.04762e-19
15143.40000	1.26514e-19	5.67079e-19
15145.10000	-2.78447e-19	5.59937e-19
15146.70000	3.87566e-19	5.92871e-19
15148.30000	-3.95251e-19	6.46777e-19
15150.00000	-4.15728e-19	6.61070e-19
15151.60000	6.82089e-19	6.29419e-19
15153.20000	1.62281e-19	5.38120e-19
15154.80000	-4.26406e-19	5.05428e-19
15156.50000	1.82892e-19	5.16947e-19
15158.10000	2.00084e-19	4.33626e-19
15159.70000	-1.85177e-19	4.10216e-19
15161.40000	-5.85287e-19	4.18264e-19
15163.00000	5.40862e-19	5.09879e-19
15164.60000	1.04233e-19	4.94797e-19
15166.20000	-3.03108e-19	4.63247e-19
15167.90000	-3.42613e-19	5.30289e-19
15169.50000	-2.82849e-19	4.87444e-19
15171.10000	-6.28684e-19	4.45614e-19
15172.80000	-7.99242e-19	4.41206e-19
15174.40000	-5.27666e-19	4.36398e-19
15176.00000	2.68628e-19	4.37093e-19
15177.60000	2.83915e-19	4.56628e-19
15179.30000	5.46408e-19	4.88969e-19
15180.90000	1.09705e-18	5.41019e-19
15182.50000	6.81553e-19	7.36958e-19
15184.20000	-1.51259e-18	1.44554e-18
15185.80000	-5.40620e-19	2.81626e-18
15187.40000	-8.20672e-19	3.05533e-18
15189.00000	-1.68866e-19	2.18682e-18
15190.70000	-1.30031e-19	1.01778e-18
15192.30000	3.67046e-19	5.37732e-19
15193.90000	3.56509e-19	4.32128e-19
15195.60000	-2.47083e-19	4.14627e-19
15197.20000	3.94409e-19	4.04105e-19
15198.80000	5.38856e-19	3.93963e-19
15200.50000	-4.29875e-19	3.95406e-19
15202.10000	4.13071e-20	3.91510e-19
15203.70000	4.65301e-19	3.95257e-19
15205.30000	1.99683e-19	4.02851e-19
15207.00000	-1.66735e-20	3.99525e-19
15208.60000	-4.22466e-19	3.86433e-19
15210.20000	1.61393e-19	4.32512e-19
15211.90000	3.26901e-19	4.16480e-19
15213.50000	3.70028e-19	3.80478e-19
15215.10000	3.53237e-19	3.77728e-19
15216.70000	5.03144e-19	3.75028e-19
15218.40000	1.43362e-20	3.74334e-19
15220.00000	-2.14811e-19	3.78222e-19
15221.60000	-2.14638e-19	3.85066e-19
15223.30000	-9.10162e-20	3.88886e-19
15224.90000	1.22658e-19	3.87857e-19
15226.50000	2.26981e-19	3.89088e-19
15228.10000	4.54722e-19	4.00386e-19
15229.80000	1.73874e-19	4.19527e-19
15231.40000	3.31016e-21	4.42154e-19
15233.00000	4.27907e-19	4.69894e-19
15234.70000	6.44135e-19	5.62658e-19
15236.30000	-1.16532e-19	9.09757e-19
15237.90000	1.23071e-18	2.29304e-18
15239.50000	2.98019e-18	4.90126e-18
15241.20000	-3.39674e-18	5.56071e-18
15242.80000	-4.69789e-18	4.38206e-18
15244.40000	-1.12531e-18	1.84208e-18
15246.10000	3.56655e-19	6.86188e-19
15247.70000	6.06578e-19	4.79437e-19
15249.30000	2.63515e-19	4.19653e-19
15251.00000	-1.31636e-19	3.89120e-19
15252.60000	-4.52183e-21	3.74494e-19
15254.20000	1.00091e-19	3.65770e-19
15255.80000	3.52469e-19	3.59238e-19
15257.50000	1.21654e-19	3.54056e-19
15259.10000	-2.43283e-20	3.48752e-19
15260.70000	-2.08356e-19	3.53778e-19
15262.40000	4.19602e-19	3.80969e-19
15264.00000	-1.33703e-19	4.26101e-19
15265.60000	-7.62703e-19	4.58835e-19
15267.20000	-5.47725e-19	4.86722e-19
15268.90000	5.41834e-19	5.04948e-19
15270.50000	4.47478e-19	4.92591e-19
15272.10000	6.66472e-20	4.40738e-19
15273.80000	4.50170e-20	3.95067e-19
15275.40000	4.45764e-19	3.56037e-19
15277.00000	4.07806e-19	3.55338e-19
15278.60000	-4.51392e-19	3.75992e-19
15280.30000	-6.09247e-19	4.34576e-19
15281.90000	3.64617e-19	5.54326e-19
15283.50000	1.57160e-18	8.95625e-19
15285.20000	1.27490e-18	2.11630e-18
15286.80000	1.92518e-18	3.11352e-18
15288.40000	4.95187e-19	3.08776e-18
15290.00000	1.76631e-19	1.95197e-18
15291.70000	1.08226e-18	8.20989e-19
15293.30000	-4.61768e-20	4.85257e-19
15294.90000	1.41735e-19	3.90969e-19
15296.60000	3.32301e-19	3.63704e-19
15298.20000	2.63894e-19	3.51527e-19
15299.80000	1.35282e-19	3.43969e-19
15301.40000	1.42502e-19	3.64196e-19
15303.10000	-4.50260e-19	3.90768e-19
15304.70000	-2.73074e-20	3.78092e-19
15306.30000	4.73949e-19	3.66111e-19
15308.00000	6.58094e-19	4.46964e-19
15309.60000	-7.94228e-20	6.02392e-19
15311.20000	-1.26418e-19	6.46822e-19
15312.90000	-3.61125e-19	5.34078e-19
15314.50000	4.02886e-19	4.22281e-19
15316.10000	6.26970e-19	3.74563e-19
15317.70000	-1.62970e-19	3.68280e-19
15319.40000	-1.07843e-21	3.66172e-19
15321.00000	9.79335e-20	3.69610e-19
15322.60000	1.42190e-19	3.85562e-19
15324.30000	4.38063e-19	4.30423e-19
15325.90000	1.53570e-19	5.35708e-19
15327.50000	4.81039e-19	8.55866e-19
15329.10000	-3.64494e-19	2.18496e-18
15330.80000	-1.58789e-18	5.09388e-18
15332.40000	-5.65589e-18	5.74015e-18
15334.00000	1.00230e-18	4.28899e-18
15335.70000	-6.23030e-19	1.82781e-18
15337.30000	1.50303e-19	7.27687e-19
15338.90000	-5.24363e-20	4.61054e-19
15340.50000	8.19352e-20	4.06284e-19
15342.20000	3.27132e-19	3.80915e-19
15343.80000	6.99268e-19	3.84746e-19
15345.40000	-1.67299e-19	4.73938e-19
15347.10000	7.39267e-20	7.50066e-19
15348.70000	7.46555e-19	8.68111e-19
15350.30000	1.22099e-18	7.40310e-19
15351.90000	7.94476e-19	4.99839e-19
15353.60000	5.54695e-19	3.91157e-19
15355.20000	-1.72915e-20	3.84132e-19
15356.80000	4.06146e-19	3.78340e-19
15358.50000	2.94494e-19	3.56235e-19
15360.10000	6.16622e-19	3.30658e-19
15361.70000	6.80532e-19	3.18216e-19
15363.30000	4.04273e-19	3.30001e-19
15365.00000	2.14637e-20	3.56992e-19
15366.60000	6.35044e-20	3.42394e-19
15368.20000	4.98495e-21	3.58315e-19
15369.90000	-1.25567e-19	3.73389e-19
15371.50000	-5.01044e-19	4.85300e-19
15373.10000	4.06338e-19	6.14299e-19
15374.80000	1.10017e-18	7.65207e-19
15376.40000	8.09360e-19	8.29734e-19
15378.00000	3.87057e-19	7.66935e-19
15379.60000	-1.58327e-19	6.02639e-19
15381.30000	2.79633e-19	4.48138e-19
15382.90000	1.64822e-19	3.77880e-19
15384.50000	1.33886e-19	4.20502e-19
15386.20000	-1.94228e-20	5.92062e-19
15387.80000	-4.19854e-20	7.53882e-19
15389.40000	4.10478e-19	7.05953e-19
15391.00000	8.47221e-19	8.42226e-19
15392.70000	-4.47354e-19	1.69474e-18
15394.30000	2.13244e-20	2.72507e-18
15395.90000	-8.45223e-20	2.67945e-18
15397.60000	-2.45806e-18	1.66030e-18
15399.20000	-9.95547e-19	6.46770e-19
15400.80000	-3.10124e-19	4.07809e-19
15402.40000	3.65555e-19	4.37136e-19
15404.10000	9.54440e-20	5.57723e-19
15405.70000	-5.83475e-19	6.28539e-19
15407.30000	-5.27657e-19	6.07665e-19
15409.00000	2.42967e-19	5.68084e-19
15410.60000	9.03299e-19	5.55885e-19
15412.20000	3.99257e-19	5.31822e-19
15413.80000	2.55473e-19	4.48997e-19
15415.50000	3.93098e-19	3.82210e-19
15417.10000	-1.27652e-19	3.68099e-19
15418.70000	7.54300e-19	3.51167e-19
15420.40000	7.31019e-19	3.75388e-19
15422.00000	-1.98581e-20	4.33937e-19
15423.60000	-4.67513e-19	4.82420e-19
15425.20000	4.40006e-19	5.46487e-19
15426.90000	2.69274e-19	7.32783e-19
15428.50000	-2.99518e-19	1.57590e-18
15430.10000	-1.51128e-18	3.63961e-18
15431.80000	1.18807e-18	4.52367e-18
15433.40000	3.75598e-18	3.83867e-18
15435.00000	2.78517e-18	1.93423e-18
15436.70000	4.06510e-19	1.00433e-18
15438.30000	3.77145e-19	7.18134e-19
15439.90000	3.36517e-19	5.67401e-19
15441.50000	2.37394e-20	4.46945e-19
15443.20000	7.01707e-19	3.67708e-19
15444.80000	5.07847e-19	3.51311e-19
15446.40000	-3.39934e-19	3.46264e-19
15448.10000	-2.05701e-19	3.36278e-19
15449.70000	3.97799e-19	3.27463e-19
15451.30000	5.27215e-19	3.23387e-19
15452.90000	2.09939e-19	3.24288e-19
15454.60000	3.91457e-19	3.43954e-19
15456.20000	1.78102e-19	3.55477e-19
15457.80000	1.14776e-19	3.88548e-19
15459.50000	-3.26793e-19	6.11283e-19
15461.10000	-6.79619e-20	8.86536e-19
15462.70000	-6.05554e-19	8.83967e-19
15464.30000	-3.64087e-19	6.67026e-19
15466.00000	-1.37411e-19	4.99040e-19
15467.60000	-5.93326e-19	4.67891e-19
15469.20000	-1.89446e-19	4.63069e-19
15470.90000	4.94854e-19	5.18505e-19
15472.50000	-1.41211e-19	7.47404e-19
15474.10000	-2.00668e-20	7.48801e-19
15475.70000	-2.91427e-19	6.37242e-19
15477.40000	-6.49436e-20	4.35401e-19
15479.00000	-2.84473e-20	3.53996e-19
15480.60000	3.17091e-19	3.31670e-19
15482.30000	9.19970e-20	3.00833e-19
15483.90000	-1.77235e-19	3.34735e-19
15485.50000	-4.14019e-19	4.91907e-19
15487.10000	-9.63635e-19	7.68388e-19
15488.80000	-4.74858e-19	8.20710e-19
15490.40000	5.83501e-19	6.42050e-19
15492.00000	6.69019e-20	4.25970e-19
15493.70000	-4.37391e-20	3.38948e-19
15495.30000	3.57145e-19	3.51076e-19
15496.90000	1.70508e-20	4.92578e-19
15498.60000	-2.95166e-19	1.10928e-18
15500.20000	5.18384e-20	1.52391e-18
15501.80000	1.30731e-18	1.39475e-18
15503.40000	1.18901e-18	8.48981e-19
15505.10000	-6.59888e-19	6.26767e-19
15506.70000	1.95834e-19	9.66990e-19
15508.30000	4.29403e-20	2.04830e-18
15510.00000	-1.71243e-18	2.32658e-18
15511.60000	-3.29989e-18	1.51785e-18
15513.20000	-3.13736e-18	8.59071e-19
15514.80000	-7.91388e-19	7.81446e-19
15516.50000	-4.88108e-19	1.32553e-18
15518.10000	1.17442e-18	1.30671e-18
15519.70000	-2.20632e-19	8.42038e-19
15521.40000	2.11082e-19	4.62374e-19
15523.00000	5.85713e-19	3.27416e-19
15524.60000	2.28453e-19	3.10033e-19
15526.20000	2.75065e-19	3.05543e-19
15527.90000	-5.56635e-19	3.09911e-19
15529.50000	-4.67242e-19	3.19133e-19
15531.10000	2.65173e-19	3.32438e-19
15532.80000	4.77464e-19	3.54720e-19
15534.40000	3.80849e-19	4.17614e-19
15536.00000	-4.92559e-19	6.88256e-19
15537.60000	-1.37278e-18	1.83069e-18
15539.30000	2.22295e-18	2.90562e-18
15540.90000	-2.12553e-18	3.21709e-18
15542.50000	-3.60163e-18	2.47126e-18
15544.20000	1.03808e-18	2.29699e-18
15545.80000	1.92171e-18	2.43115e-18
15547.40000	-6.70510e-19	2.03165e-18
15549.10000	-2.75984e-20	1.18779e-18
15550.70000	1.66971e-19	6.16081e-19
15552.30000	1.23951e-19	3.48728e-19
15553.90000	-1.16104e-19	3.29946e-19
15555.60000	4.91958e-19	3.12734e-19
15557.20000	-1.32379e-19	3.19003e-19
15558.80000	2.05949e-19	4.12432e-19
15560.50000	5.15920e-19	5.09987e-19
15562.10000	8.81581e-19	4.66734e-19
15563.70000	1.25550e-19	4.42968e-19
15565.30000	1.09104e-19	4.52509e-19
15567.00000	-2.91100e-20	7.14874e-19
15568.60000	8.44155e-19	1.47628e-18
15570.20000	-1.60520e-19	1.64359e-18
15571.90000	-3.28318e-19	1.24639e-18
15573.50000	-6.45981e-19	6.63249e-19
15575.10000	-1.21399e-19	4.33703e-19
15576.70000	-1.15550e-19	3.94556e-19
15578.40000	7.58176e-20	4.56802e-19
15580.00000	1.72492e-19	5.47310e-19
15581.60000	7.77705e-20	4.80946e-19
15583.30000	-9.25745e-20	4.05693e-19
15584.90000	1.99946e-19	3.37628e-19
15586.50000	2.51455e-19	3.19449e-19
15588.10000	1.47935e-19	3.23717e-19
15589.80000	-2.92725e-19	3.37348e-19
15591.40000	4.39185e-19	3.81018e-19
15593.00000	6.98622e-19	5.47363e-19
15594.70000	-8.76639e-19	1.49267e-18
15596.30000	-2.69436e-18	3.04789e-18
15597.90000	-8.08004e-18	3.26755e-18
15599.50000	-7.51549e-18	2.21191e-18
15601.20000	-5.83859e-19	7.78044e-19
15602.80000	-1.46249e-19	4.15313e-19
15604.40000	3.08177e-20	3.33528e-19
15606.10000	2.07367e-19	3.12071e-19
15607.70000	-1.87452e-20	3.06636e-19
15609.30000	4.32895e-19	3.38016e-19
15611.00000	5.22186e-19	4.51115e-19
15612.60000	5.27051e-19	5.51729e-19
15614.20000	-3.05203e-20	5.28039e-19
15615.80000	1.47752e-19	4.11448e-19
15617.50000	2.16057e-19	3.42821e-19
15619.10000	2.08370e-19	3.51382e-19
15620.70000	3.53600e-19	3.60638e-19
15622.40000	1.35626e-19	3.38394e-19
15624.00000	4.03172e-20	3.21521e-19
15625.60000	7.54854e-20	3.58252e-19
15627.20000	4.19663e-19	5.66656e-19
15628.90000	-4.09143e-19	1.66148e-18
15630.50000	-1.89487e-18	2.78670e-18
15632.10000	-7.27129e-19	2.60826e-18
15633.80000	-3.24937e-19	1.40709e-18
15635.40000	2.06480e-19	5.54601e-19
15637.00000	1.21002e-19	3.60955e-19
15638.60000	2.31469e-19	3.94768e-19
15640.30000	-1.79798e-19	4.36596e-19
15641.90000	9.22776e-20	4.09219e-19
15643.50000	3.02362e-19	3.46903e-19
15645.20000	1.68197e-19	3.19463e-19
15646.80000	7.00348e-20	3.29745e-19
15648.40000	4.74147e-20	3.71622e-19
15650.00000	2.04651e-18	5.17136e-19
15651.70000	7.01464e-18	1.28266e-18
15653.30000	9.30075e-18	3.36046e-18
15654.90000	6.15218e-18	3.94841e-18
15656.60000	-3.53309e-19	3.53785e-18
15658.20000	-1.02037e-19	2.04781e-18
15659.80000	1.19394e-19	9.61045e-19
15661.40000	-1.75407e-19	5.12586e-19
15663.10000	1.50051e-19	3.37039e-19
15664.70000	7.44372e-19	3.11822e-19
15666.30000	5.22141e-19	2.98365e-19
15668.00000	4.89595e-20	2.92061e-19
15669.60000	2.57136e-19	2.90403e-19
15671.20000	-8.67003e-20	2.91178e-19
15672.90000	2.96741e-19	2.96735e-19
15674.50000	5.19393e-19	2.99060e-19
15676.10000	3.84321e-19	2.96561e-19
15677.70000	3.63870e-19	2.94872e-19
15679.40000	7.77511e-19	2.99430e-19
15681.00000	2.78808e-19	3.17401e-19
15682.60000	2.20243e-19	3.45087e-19
15684.30000	1.92828e-19	3.57389e-19
15685.90000	2.89454e-19	3.52504e-19
15687.50000	-1.69780e-19	3.38652e-19
15689.10000	-3.10757e-19	3.30496e-19
15690.80000	1.90613e-19	3.17653e-19
15692.40000	3.06567e-19	3.12794e-19
15694.00000	3.33568e-19	3.67171e-19
15695.70000	-1.36788e-19	4.20563e-19
15697.30000	7.00696e-21	4.92025e-19
15698.90000	-6.77348e-19	7.62530e-19
15700.50000	-4.95733e-19	1.67561e-18
15702.20000	-2.46142e-19	2.13767e-18
15703.80000	-1.11553e-18	1.79400e-18
15705.40000	-7.43180e-19	8.10497e-19
15707.10000	-1.01983e-19	4.20949e-19
15708.70000	-4.03514e-19	3.47854e-19
15710.30000	-4.89633e-19	3.72134e-19
15711.90000	-1.51651e-19	3.70211e-19
15713.60000	6.49702e-20	3.27899e-19
15715.20000	-1.31393e-19	2.96500e-19
15716.80000	1.12602e-19	3.13120e-19
15718.50000	8.14249e-20	3.56664e-19
15720.10000	-4.27433e-20	3.99339e-19
15721.70000	3.38021e-19	4.48234e-19
15723.30000	-3.18364e-19	5.27444e-19
15725.00000	-3.54598e-19	5.43694e-19
15726.60000	3.60100e-20	4.58174e-19
15728.20000	-1.56938e-19	3.83503e-19
15729.90000	-3.44788e-20	3.95074e-19
15731.50000	-1.03199e-19	4.36533e-19
15733.10000	-3.77579e-20	4.45517e-19
15734.80000	2.70768e-19	4.29030e-19
15736.40000	1.49275e-19	4.37783e-19
15738.00000	9.48385e-20	4.53132e-19
15739.60000	-1.67247e-20	4.28265e-19
15741.30000	-9.52669e-20	3.53084e-19
15742.90000	-4.77886e-19	3.18588e-19
15744.50000	-3.97242e-19	3.51512e-19
15746.20000	1.87931e-19	3.91712e-19
15747.80000	5.46295e-19	3.88187e-19
15749.40000	9.85978e-19	3.92037e-19
15751.00000	4.53018e-19	4.14771e-19
15752.70000	5.20654e-20	4.01967e-19
15754.30000	-1.93357e-19	3.45323e-19
15755.90000	-4.59396e-19	3.47228e-19
15757.60000	-6.62321e-20	5.23488e-19
15759.20000	1.94820e-19	8.07782e-19
15760.80000	2.60727e-19	8.45835e-19
15762.40000	3.89395e-19	6.62746e-19
15764.10000	-2.82574e-19	5.20798e-19
15765.70000	2.90166e-19	4.88372e-19
15767.30000	1.46493e-19	4.45620e-19
15769.00000	-2.17922e-19	3.64782e-19
15770.60000	4.25299e-20	3.16824e-19
15772.20000	1.11023e-19	3.57369e-19
15773.80000	-6.81418e-20	4.13129e-19
15775.50000	4.13237e-19	3.86035e-19
15777.10000	9.25089e-19	4.47572e-19
15778.70000	-1.54350e-18	7.65256e-19
15780.40000	-2.36971e-18	1.17064e-18
15782.00000	3.03813e-19	1.04102e-18
15783.60000	3.71385e-19	8.67188e-19
15785.20000	-1.67612e-19	5.39006e-19
15786.90000	-1.97379e-19	3.71322e-19
15788.50000	1.16261e-19	3.32704e-19
15790.10000	1.30985e-19	3.53375e-19
15791.80000	9.34914e-20	4.00461e-19
15793.40000	-1.84041e-19	4.28140e-19
15795.00000	-2.82980e-19	3.94722e-19
15796.70000	4.49732e-19	3.37272e-19
15798.30000	2.60536e-19	3.28744e-19
15799.90000	6.55196e-19	4.05460e-19
15801.50000	-2.83907e-19	5.78641e-19
15803.20000	-9.11672e-19	6.79918e-19
15804.80000	-4.23568e-19	7.13252e-19
15806.40000	3.72436e-19	7.93332e-19
15808.10000	5.12213e-19	8.70069e-19
15809.70000	4.74087e-19	7.76387e-19
15811.30000	-2.80735e-19	5.18689e-19
15812.90000	-1.56597e-19	3.59847e-19
15814.60000	-5.51980e-20	3.06764e-19
15816.20000	-2.93927e-19	3.00017e-19
15817.80000	3.14937e-19	3.05941e-19
15819.50000	4.61762e-19	3.19011e-19
15821.10000	7.64365e-21	3.45920e-19
15822.70000	-3.40798e-19	3.83050e-19
15824.30000	-3.77866e-19	4.25304e-19
15826.00000	3.27791e-19	5.74058e-19
15827.60000	1.25171e-18	1.10996e-18
15829.20000	-1.98131e-18	2.31940e-18
15830.90000	-2.66513e-18	4.28767e-18
15832.50000	2.39425e-18	6.28269e-18
15834.10000	5.77354e-18	5.81660e-18
15835.70000	3.53009e-18	2.84858e-18
15837.40000	2.49674e-19	9.36013e-19
15839.00000	5.94064e-19	8.00651e-19
15840.60000	-3.31734e-19	9.88045e-19
15842.30000	3.09750e-19	1.16710e-18
15843.90000	-1.04737e-18	1.38909e-18
15845.50000	-1.69355e-18	2.19547e-18
15847.20000	-9.73935e-19	4.03973e-18
15848.80000	-1.88889e-18	4.43801e-18
15850.40000	7.04719e-19	2.39722e-18
15852.00000	1.45030e-18	7.51442e-19
15853.70000	1.36936e-19	4.82542e-19
15855.30000	-2.33739e-19	4.18185e-19
15856.90000	7.51841e-20	3.98253e-19
15858.60000	-3.38021e-19	4.41111e-19
15860.20000	-2.72631e-19	5.70801e-19
15861.80000	-5.67516e-21	6.94333e-19
15863.40000	6.09781e-22	6.87386e-19
15865.10000	6.57051e-19	8.24683e-19
15866.70000	2.32054e-19	1.32812e-18
15868.30000	-4.31851e-19	1.86145e-18
15870.00000	-1.60095e-19	1.86101e-18
15871.60000	-8.99029e-19	1.34413e-18
15873.20000	-7.28227e-19	7.60705e-19
15874.80000	5.47913e-19	5.80715e-19
15876.50000	3.35101e-19	4.90597e-19
15878.10000	-3.60268e-20	3.69635e-19
15879.70000	2.23428e-19	3.33795e-19
15881.40000	3.70236e-19	3.50923e-19
15883.00000	2.56121e-19	3.58930e-19
15884.60000	4.37558e-21	3.50048e-19
15886.20000	-1.69715e-19	3.90130e-19
15887.90000	-3.55509e-19	5.05933e-19
15889.50000	-3.38160e-19	5.81186e-19
15891.10000	-3.83412e-19	6.11192e-19
15892.80000	3.28254e-19	6.82234e-19
15894.40000	1.67267e-18	8.40542e-19
15896.00000	5.30518e-19	1.05151e-18
15897.60000	-3.32285e-19	1.08222e-18
15899.30000	2.47903e-19	9.31529e-19
15900.90000	5.34576e-19	6.50946e-19
15902.50000	-7.69563e-20	4.33809e-19
15904.20000	-1.15627e-19	3.33934e-19
15905.80000	2.33121e-19	2.80552e-19
15907.40000	-9.81558e-20	2.70902e-19
15909.10000	-3.11573e-19	2.88481e-19
15910.70000	1.75757e-19	3.35140e-19
15912.30000	5.45045e-19	4.43308e-19
15913.90000	5.77216e-19	5.78504e-19
15915.60000	1.37798e-19	6.52281e-19
15917.20000	-3.40955e-20	5.82305e-19
15918.80000	-6.41331e-20	4.38597e-19
15920.50000	-3.67778e-19	3.08993e-19
15922.10000	-1.67500e-19	3.10473e-19
15923.70000	3.45688e-20	3.79633e-19
15925.30000	-4.27990e-19	3.89004e-19
15927.00000	-8.14867e-19	4.20708e-19
15928.60000	1.22136e-19	4.51533e-19
15930.20000	8.62188e-19	4.50191e-19
15931.90000	-5.10982e-19	4.34318e-19
15933.50000	-6.70934e-19	4.49258e-19
15935.10000	1.34515e-19	4.53088e-19
15936.70000	1.89959e-19	3.73581e-19
15938.40000	3.41297e-19	2.94830e-19
15940.00000	2.95796e-19	2.78426e-19
15941.60000	2.73224e-19	2.79379e-19
15943.30000	-2.35845e-19	2.86116e-19
15944.90000	4.44258e-19	3.34349e-19
15946.50000	4.03581e-19	3.05590e-19
15948.10000	2.22448e-19	2.79103e-19
15949.80000	4.34699e-19	2.64337e-19
15951.40000	2.56128e-19	2.72291e-19
15953.00000	-2.12607e-19	2.90439e-19
15954.70000	1.17786e-19	2.98515e-19
15956.30000	-2.11938e-19	2.87821e-19
15957.90000	2.17821e-19	2.75054e-19
15959.50000	-5.73368e-20	2.76014e-19
15961.20000	2.96328e-19	2.77914e-19
15962.80000	2.11373e-19	2.83578e-19
15964.40000	4.85144e-19	2.95014e-19
15966.10000	3.63891e-19	3.22696e-19
15967.70000	-1.30114e-19	4.22986e-19
15969.30000	1.23592e-18	9.08509e-19
15971.00000	-1.79853e-18	2.33863e-18
15972.60000	4.23265e-19	2.82519e-18
15974.20000	1.75482e-18	2.27041e-18
15975.80000	1.07352e-18	8.39600e-19
15977.50000	4.98323e-19	4.09358e-19
15979.10000	-1.42623e-19	3.45319e-19
15980.70000	6.95728e-20	3.10845e-19
15982.40000	3.60777e-19	3.10215e-19
15984.00000	-4.14775e-19	3.09857e-19
15985.60000	-6.76973e-20	2.91087e-19
15987.20000	-3.03141e-19	2.78909e-19
15988.90000	9.28851e-20	2.74585e-19
15990.50000	5.86735e-19	2.84467e-19
15992.10000	1.43374e-19	2.79636e-19
15993.80000	2.70382e-19	2.74367e-19
15995.40000	2.08114e-19	2.77232e-19
15997.00000	2.84457e-19	2.78033e-19
15998.60000	-8.43565e-20	2.77279e-19
16000.30000	5.54470e-20	2.75519e-19
16001.90000	-5.10869e-20	2.76317e-19
16003.50000	4.61354e-19	2.72265e-19
16005.20000	5.59499e-19	2.74614e-19
16006.80000	-2.11067e-19	2.76630e-19
16008.40000	1.03827e-19	2.80451e-19
16010.00000	-8.44450e-20	2.86442e-19
16011.70000	-3.15643e-19	3.10345e-19
16013.30000	9.21200e-20	3.33937e-19
16014.90000	-8.18260e-20	3.42127e-19
16016.60000	3.06088e-19	3.33720e-19
16018.20000	-2.28226e-19	3.20773e-19
16019.80000	-1.55588e-20	3.21009e-19
16021.40000	4.42437e-19	3.33494e-19
16023.10000	-4.82820e-20	3.71375e-19
16024.70000	-2.92779e-19	4.41892e-19
16026.30000	-5.06688e-19	7.60904e-19
16028.00000	4.02603e-18	2.35781e-18
16029.60000	-7.28590e-18	5.09189e-18
16031.20000	6.05801e-18	5.44308e-18
16032.90000	4.93357e-19	3.71212e-18
16034.50000	-3.28811e-18	1.10468e-18
16036.10000	4.39885e-19	4.81721e-19
16037.70000	-2.66763e-19	4.08621e-19
16039.40000	7.17539e-20	5.50327e-19
16041.00000	1.94802e-19	6.69369e-19
16042.60000	9.39045e-19	5.82967e-19
16044.30000	5.36245e-21	4.86778e-19
16045.90000	1.08946e-19	3.58580e-19
16047.50000	4.99413e-19	3.06565e-19
16049.10000	1.40969e-19	2.99995e-19
16050.80000	-2.30378e-19	2.99079e-19
16052.40000	2.96988e-19	3.09480e-19
16054.00000	2.81645e-19	3.50339e-19
16055.70000	3.42384e-19	4.43449e-19
16057.30000	6.15584e-19	5.10646e-19
16058.90000	2.12196e-19	5.28003e-19
16060.50000	-2.71202e-19	4.57459e-19
16062.20000	5.26899e-20	3.74943e-19
16063.80000	2.76395e-19	3.46690e-19
16065.40000	-4.91841e-19	3.94019e-19
16067.10000	3.98602e-19	4.05264e-19
16068.70000	-3.97756e-20	3.80289e-19
16070.30000	-1.77344e-19	3.82172e-19
16071.90000	8.23020e-19	4.57562e-19
16073.60000	8.50995e-19	4.99602e-19
16075.20000	1.10768e-19	5.94715e-19
16076.80000	1.22819e-18	1.55306e-18
16078.50000	3.89400e-18	3.04314e-18
16080.10000	2.11049e-18	3.22835e-18
16081.70000	-1.53933e-18	2.21171e-18
16083.30000	1.69123e-19	7.43703e-19
16085.00000	1.99976e-19	3.78910e-19
16086.60000	9.87958e-20	3.37749e-19
16088.20000	9.68165e-20	3.26006e-19
16089.90000	2.26267e-19	3.29611e-19
16091.50000	-2.16892e-19	3.50290e-19
16093.10000	-2.92325e-19	3.58318e-19
16094.80000	-1.24778e-19	3.84285e-19
16096.40000	-4.15003e-19	4.30126e-19
16098.00000	4.69167e-20	4.23320e-19
16099.60000	-2.39081e-20	3.66834e-19
16101.30000	-8.05893e-20	3.14610e-19
16102.90000	-7.79722e-20	3.18101e-19
16104.50000	5.36015e-20	3.04151e-19
16106.20000	-2.91982e-19	2.90999e-19
16107.80000	-2.72241e-20	2.88345e-19
16109.40000	4.06323e-19	2.98384e-19
16111.00000	-1.69220e-19	2.99197e-19
16112.70000	1.47983e-19	3.04506e-19
16114.30000	-1.20218e-19	3.23568e-19
16115.90000	-8.65130e-20	4.37109e-19
16117.60000	4.11647e-19	5.94181e-19
16119.20000	-9.13888e-19	6.25319e-19
16120.80000	-9.74762e-19	5.53559e-19
16122.40000	-8.42542e-19	4.94795e-19
16124.10000	7.83036e-19	7.40058e-19
16125.70000	1.21018e-18	2.77131e-18
16127.30000	-1.74626e-18	5.19447e-18
16129.00000	2.61299e-18	5.39342e-18
16130.60000	-1.85338e-18	3.50449e-18
16132.20000	7.79509e-19	1.14654e-18
16133.80000	2.92738e-19	4.98406e-19
16135.50000	1.33058e-20	4.04939e-19
16137.10000	1.13308e-19	3.61313e-19
16138.70000	-2.53953e-19	3.31565e-19
16140.40000	-3.70025e-19	3.23830e-19
16142.00000	2.61665e-19	3.17666e-19
16143.60000	3.77495e-20	3.12422e-19
16145.20000	6.65827e-20	3.04161e-19
16146.90000	1.30978e-19	2.98270e-19
16148.50000	-4.20539e-19	2.98403e-19
16150.10000	4.92322e-19	3.11324e-19
16151.80000	-3.57778e-19	3.24062e-19
16153.40000	-7.15554e-20	3.26755e-19
16155.00000	1.25496e-19	3.37988e-19
16156.70000	1.60929e-19	4.87664e-19
16158.30000	1.65333e-19	7.75174e-19
16159.90000	1.31410e-18	7.91866e-19
16161.50000	1.83850e-19	5.82892e-19
16163.20000	5.77481e-19	3.49615e-19
16164.80000	1.00550e-19	3.08000e-19
16166.40000	3.02944e-19	2.99256e-19
16168.10000	-2.20954e-19	3.12172e-19
16169.70000	5.41718e-19	3.64004e-19
16171.30000	6.28193e-19	3.93000e-19
16172.90000	-1.81849e-19	3.89152e-19
16174.60000	6.98812e-20	3.65447e-19
16176.20000	-2.03046e-19	3.76635e-19
16177.80000	-3.41756e-19	3.08131e-19
16179.50000	1.69020e-20	3.01825e-19
16181.10000	-1.47677e-19	3.38805e-19
16182.70000	-1.58427e-19	3.05253e-19
16184.30000	1.25387e-19	3.09336e-19
16186.00000	2.77028e-19	3.26329e-19
16187.60000	3.34363e-19	3.62778e-19
16189.20000	1.53561e-19	4.08296e-19
16190.90000	-5.72442e-19	6.57074e-19
16192.50000	1.53600e-18	2.11169e-18
16194.10000	2.65012e-18	2.78643e-18
16195.70000	-1.74004e-18	2.51940e-18
16197.40000	-2.05586e-18	1.18814e-18
16199.00000	3.67448e-19	4.71725e-19
16200.60000	1.30807e-19	3.52410e-19
16202.30000	8.23541e-20	3.25869e-19
16203.90000	1.87059e-19	3.25124e-19
16205.50000	6.56172e-19	3.58367e-19
16207.20000	-6.64710e-20	4.62822e-19
16208.80000	-6.39086e-19	5.62531e-19
16210.40000	-2.17595e-19	6.68531e-19
16212.00000	3.59045e-19	4.68045e-19
16213.70000	9.08547e-20	3.65593e-19
16215.30000	-2.03136e-19	3.04971e-19
16216.90000	-2.35336e-19	3.21087e-19
16218.60000	5.29061e-19	4.36770e-19
16220.20000	5.16266e-19	6.27067e-19
16221.80000	-2.99558e-19	7.06897e-19
16223.40000	-1.05023e-18	6.54089e-19
16225.10000	-4.78619e-19	5.54459e-19
16226.70000	-8.09222e-19	5.61960e-19
16228.30000	-3.33483e-19	6.89281e-19
16230.00000	-2.91884e-19	7.90714e-19
16231.60000	4.00353e-19	1.17577e-18
16233.20000	2.50914e-19	3.17648e-18
16234.80000	-4.23691e-18	4.33458e-18
16236.50000	-1.04866e-18	3.76180e-18
16238.10000	8.70841e-19	1.59717e-18
16239.70000	6.77303e-19	6.19881e-19
16241.40000	1.08005e-19	4.16223e-19
16243.00000	-2.41128e-19	4.69355e-19
16244.60000	-2.20970e-19	6.39499e-19
16246.20000	-4.87684e-20	6.59003e-19
16247.90000	-7.35207e-19	5.12760e-19
16249.50000	-3.24442e-19	4.22225e-19
16251.10000	-1.31670e-19	4.83272e-19
16252.80000	6.61191e-19	5.18496e-19
16254.40000	4.98706e-19	4.57799e-19
16256.00000	-1.21680e-19	3.88190e-19
16257.60000	1.56418e-19	3.88714e-19
16259.30000	-1.54824e-19	3.83606e-19
16260.90000	-8.47472e-20	3.59678e-19
16262.50000	-2.14540e-19	3.48298e-19
16264.20000	-2.81086e-19	3.96049e-19
16265.80000	-4.44945e-20	4.09059e-19
16267.40000	5.13094e-20	4.53113e-19
16269.10000	-1.70744e-19	6.60788e-19
16270.70000	1.24606e-19	6.82241e-19
16272.30000	4.15886e-19	4.91746e-19
16273.90000	-2.13070e-19	3.99942e-19
16275.60000	-3.12927e-19	4.44088e-19
16277.20000	3.19592e-19	4.97692e-19
16278.80000	7.49417e-19	5.47289e-19
16280.50000	4.46282e-19	5.23833e-19
16282.10000	2.31488e-20	3.90808e-19
16283.70000	-1.88480e-19	3.08923e-19
16285.30000	-4.73075e-19	2.89162e-19
16287.00000	-6.35051e-20	2.84548e-19
16288.60000	4.25531e-19	2.87185e-19
16290.20000	2.76794e-19	2.95926e-19
16291.90000	3.45061e-19	2.95615e-19
16293.50000	5.96900e-19	2.88131e-19
16295.10000	2.68769e-19	2.79906e-19
16296.70000	3.62752e-19	2.80395e-19
16298.40000	6.25984e-19	3.47250e-19
16300.00000	1.12642e-18	6.17025e-19
16301.60000	8.89391e-19	9.05032e-19
16303.30000	4.42032e-19	8.84605e-19
16304.90000	-6.09004e-19	7.67814e-19
16306.50000	-2.83482e-19	7.48941e-19
16308.10000	1.22974e-19	7.51888e-19
16309.80000	-1.06725e-19	5.58566e-19
16311.40000	1.38080e-20	4.40507e-19
16313.00000	-1.27825e-19	5.72913e-19
16314.70000	1.48222e-18	1.36539e-18
16316.30000	2.04730e-18	2.24216e-18
16317.90000	2.46594e-18	2.05686e-18
16319.50000	1.45668e-18	9.73589e-19
16321.20000	4.84543e-19	4.16395e-19
16322.80000	3.16946e-19	3.08066e-19
16324.40000	1.36645e-19	2.94282e-19
16326.10000	2.54696e-19	2.88187e-19
16327.70000	-1.13830e-19	2.83405e-19
16329.30000	-6.15192e-20	2.81101e-19
16331.00000	-3.15883e-19	2.80012e-19
16332.60000	-3.11094e-19	2.84117e-19
16334.20000	-2.33891e-19	3.27170e-19
16335.80000	3.10498e-20	3.74989e-19
16337.50000	7.95096e-19	4.85517e-19
16339.10000	9.74818e-19	8.79753e-19
16340.70000	2.07047e-18	1.40814e-18
16342.40000	1.24474e-18	1.41660e-18
16344.00000	-1.08598e-18	9.13827e-19
16345.60000	-6.97626e-19	6.15088e-19
16347.20000	1.14497e-18	7.90512e-19
16348.90000	6.88085e-19	1.92646e-18
16350.50000	4.79684e-20	2.92010e-18
16352.10000	1.84405e-18	2.86430e-18
16353.80000	3.13445e-20	1.65870e-18
16355.40000	-2.77213e-19	7.04041e-19
16357.00000	5.80410e-19	6.86223e-19
16358.60000	4.77094e-20	9.84376e-19
16360.30000	7.40205e-19	1.13312e-18
16361.90000	-1.23520e-20	1.03835e-18
16363.50000	-1.70780e-19	8.28211e-19
16365.20000	1.57143e-19	7.07097e-19
16366.80000	9.58594e-19	5.68757e-19
16368.40000	7.04048e-20	4.81925e-19
16370.00000	-4.87549e-19	4.82116e-19
16371.70000	-4.66514e-19	4.58793e-19
16373.30000	1.56735e-19	4.19806e-19
16374.90000	3.42755e-19	3.43098e-19
16376.60000	-3.78521e-19	2.99086e-19
16378.20000	-4.50310e-19	2.90233e-19
16379.80000	-3.10475e-19	3.16614e-19
16381.40000	4.20363e-19	3.51912e-19
16383.10000	3.22313e-19	3.56969e-19
16384.70000	-3.94067e-19	5.44519e-19
16386.30000	-7.09875e-19	1.48650e-18
16388.00000	-2.79924e-19	2.26524e-18
16389.60000	3.50134e-19	2.08308e-18
16391.20000	1.03261e-18	9.26707e-19
16392.90000	8.04639e-19	4.94761e-19
16394.50000	2.34716e-19	4.15901e-19
16396.10000	-2.81252e-19	4.32079e-19
16397.70000	2.58400e-19	4.83561e-19
16399.40000	1.90465e-19	3.85610e-19
16401.00000	2.52213e-19	3.04704e-19
16402.60000	-5.64172e-20	2.86599e-19
16404.30000	2.48239e-19	2.80282e-19
16405.90000	-3.04224e-19	3.21038e-19
16407.50000	-4.97129e-19	4.10477e-19
16409.10000	1.31770e-19	4.56397e-19
16410.80000	-8.67794e-19	5.50792e-19
16412.40000	1.21906e-18	9.87544e-19
16414.00000	9.28770e-19	1.55950e-18
16415.70000	-1.17637e-18	1.50823e-18
16417.30000	-8.41297e-19	7.54754e-19
16418.90000	1.04620e-19	3.42750e-19
16420.50000	-3.97471e-20	2.87438e-19
16422.20000	2.98336e-19	2.74712e-19
16423.80000	-3.64254e-19	2.74152e-19
16425.40000	-1.41166e-19	2.75759e-19
16427.10000	-1.17862e-19	2.80539e-19
16428.70000	1.81326e-19	2.93691e-19
16430.30000	3.24040e-19	3.03371e-19
16431.90000	2.68774e-19	3.28872e-19
16433.60000	2.68846e-19	3.16053e-19
16435.20000	-6.57714e-20	3.47152e-19
16436.80000	-1.19399e-19	4.75194e-19
16438.50000	3.96677e-19	9.16312e-19
16440.10000	1.65036e-18	2.26233e-18
16441.70000	1.24026e-18	3.17393e-18
16443.30000	6.50271e-18	2.90365e-18
16445.00000	-2.96960e-19	1.71297e-18
16446.60000	1.11849e-18	1.49826e-18
16448.20000	5.59531e-19	1.43620e-18
16449.90000	-2.18053e-19	9.31866e-19
16451.50000	-2.11491e-19	4.63976e-19
16453.10000	-3.76165e-19	4.31338e-19
16454.80000	7.65564e-19	4.34165e-19
16456.40000	6.47445e-19	4.35596e-19
16458.00000	-3.55710e-19	4.26264e-19
16459.60000	-3.59740e-19	4.12186e-19
16461.30000	7.47452e-20	3.65509e-19
16462.90000	-5.44517e-22	3.10426e-19
16464.50000	9.39129e-20	2.84627e-19
16466.20000	2.00523e-19	2.77157e-19
16467.80000	3.72251e-20	2.79299e-19
16469.40000	-5.58998e-20	2.90825e-19
16471.00000	3.67954e-19	3.36601e-19
16472.70000	1.03973e-18	6.98095e-19
16474.30000	1.32240e-19	1.48639e-18
16475.90000	-1.06773e-18	2.15672e-18
16477.60000	-3.19967e-19	2.61811e-18
16479.20000	2.66026e-19	2.36845e-18
16480.80000	8.99534e-18	1.65707e-18
16482.40000	-7.78251e-20	6.03349e-19
16484.10000	4.78586e-19	3.65496e-19
16485.70000	-3.51083e-20	3.23893e-19
16487.30000	5.64706e-19	2.97486e-19
16489.00000	6.69995e-19	2.90028e-19
16490.60000	5.71202e-19	2.90555e-19
16492.20000	5.00132e-19	2.91315e-19
16493.80000	-4.31719e-19	3.04253e-19
16495.50000	-1.68792e-19	3.61811e-19
16497.10000	5.21034e-19	3.77879e-19
16498.70000	1.29537e-18	8.76201e-19
16500.40000	5.29013e-19	2.64071e-18
16502.00000	-1.81269e-18	3.49575e-18
16503.60000	2.23638e-18	3.16425e-18
16505.20000	-1.03865e-21	1.53053e-18
16506.90000	3.82612e-19	4.60155e-19
16508.50000	8.80727e-20	3.36803e-19
16510.10000	-2.78022e-20	3.09904e-19
16511.80000	4.65983e-19	2.98703e-19
16513.40000	2.14185e-19	2.90889e-19
16515.00000	-3.31920e-19	2.80814e-19
16516.70000	1.91604e-19	2.90672e-19
16518.30000	1.59229e-19	2.90447e-19
16519.90000	5.64533e-20	2.87546e-19
16521.50000	7.46508e-20	2.79588e-19
16523.20000	2.35398e-19	2.77822e-19
16524.80000	4.02402e-19	3.06252e-19
16526.40000	4.14663e-19	4.25707e-19
16528.10000	-1.39282e-18	5.17730e-19
16529.70000	-9.42839e-19	5.64737e-19
16531.30000	-2.81736e-19	5.09202e-19
16532.90000	2.50948e-19	4.10848e-19
16534.60000	-4.49825e-19	3.06838e-19
16536.20000	6.88583e-19	3.47411e-19
16537.80000	7.65475e-19	6.27858e-19
16539.50000	-1.32912e-19	5.13181e-19
16541.10000	1.02059e-21	5.03548e-19
16542.70000	-2.61952e-19	4.59894e-19
16544.30000	-1.80593e-19	4.36779e-19
16546.00000	2.47878e-19	3.48930e-19
16547.60000	1.36696e-19	2.98477e-19
16549.20000	5.87661e-19	3.39853e-19
16550.90000	5.14235e-19	9.69391e-19
16552.50000	-2.03844e-18	1.95232e-18
16554.10000	-1.68982e-18	2.04321e-18
16555.70000	6.28152e-19	1.40575e-18
16557.40000	-3.97388e-19	6.30606e-19
16559.00000	-1.72308e-19	4.77432e-19
16560.60000	-2.63117e-19	4.35490e-19
16562.30000	3.51110e-19	3.86417e-19
16563.90000	6.06002e-19	3.42494e-19
16565.50000	-2.37914e-19	3.43175e-19
16567.20000	-3.91200e-19	3.50738e-19
16568.80000	-5.53944e-20	3.48248e-19
16570.40000	-2.55719e-19	2.61557e-19
16572.00000	-1.36650e-19	2.58468e-19
16573.70000	7.02905e-20	2.57145e-19
16575.30000	-1.94023e-20	2.60324e-19
16576.90000	-2.51336e-19	2.60257e-19
16578.60000	5.37567e-19	2.60943e-19
16580.20000	-1.82629e-19	2.62491e-19
16581.80000	1.61095e-19	2.89308e-19
16583.40000	5.40648e-20	5.53527e-19
16585.10000	-2.97783e-19	8.68344e-19
16586.70000	4.05328e-20	8.96493e-19
16588.30000	3.62550e-19	6.35328e-19
16590.00000	1.41988e-20	3.47823e-19
16591.60000	-2.68681e-19	2.63930e-19
16593.20000	-1.87284e-19	2.66550e-19
16594.80000	-1.36246e-19	2.76214e-19
16596.50000	-2.16372e-19	2.70070e-19
16598.10000	-1.59956e-19	2.66470e-19
16599.70000	-3.82723e-19	2.57979e-19
16601.40000	-5.04611e-20	2.64350e-19
16603.00000	9.45619e-19	2.67475e-19
16604.60000	5.98572e-19	2.81499e-19
16606.20000	-8.08835e-19	3.40714e-19
16607.90000	-8.88692e-19	7.00124e-19
16609.50000	-8.74537e-19	1.00407e-18
16611.10000	1.05615e-18	1.10418e-18
16612.80000	8.66718e-19	8.73562e-19
16614.40000	5.75769e-19	5.18398e-19
16616.00000	2.34039e-19	3.32283e-19
16617.60000	4.98581e-19	2.66796e-19
16619.30000	4.30011e-19	2.67073e-19
16620.90000	4.00149e-19	2.66499e-19
16622.50000	2.19257e-19	2.58362e-19
16624.20000	-9.92113e-20	2.55415e-19
16625.80000	-1.76888e-20	2.56068e-19
16627.40000	1.14294e-19	2.56982e-19
16629.10000	-2.50507e-20	2.60839e-19
16630.70000	-3.74937e-19	2.58852e-19
16632.30000	1.44708e-19	2.59306e-19
16633.90000	-1.14720e-19	2.69519e-19
16635.60000	-3.33658e-19	2.96950e-19
16637.20000	2.08540e-19	3.13697e-19
16638.80000	2.92933e-19	3.04691e-19
16640.50000	9.77835e-20	2.76017e-19
16642.10000	-1.11798e-19	2.57345e-19
16643.70000	1.73324e-19	2.55828e-19
16645.30000	2.52959e-19	2.54003e-19
16647.00000	-1.66959e-19	2.55620e-19
16648.60000	3.01372e-20	2.58350e-19
16650.20000	-6.37248e-19	2.68938e-19
16651.90000	-4.43138e-19	3.05840e-19
16653.50000	3.35677e-20	3.59283e-19
16655.10000	1.61294e-19	3.68407e-19
16656.70000	1.09905e-19	3.98397e-19
16658.40000	6.63891e-19	4.40207e-19
16660.00000	1.28020e-18	4.42924e-19
16661.60000	3.63203e-19	3.92406e-19
16663.30000	3.60229e-20	3.30618e-19
16664.90000	3.66722e-19	3.26199e-19
16666.50000	-1.27667e-19	3.42163e-19
16668.10000	-1.05251e-19	3.22268e-19
16669.80000	2.18940e-19	2.81361e-19
16671.40000	3.24509e-19	2.63795e-19
16673.00000	1.94149e-19	2.68902e-19
16674.70000	-2.68815e-19	2.75523e-19
16676.30000	-3.76213e-19	2.80320e-19
16677.90000	-5.22638e-19	2.84938e-19
16679.50000	-2.02258e-19	2.91149e-19
16681.20000	-9.38766e-20	3.05840e-19
16682.80000	-1.19441e-19	3.38160e-19
16684.40000	2.95870e-19	4.17600e-19
16686.10000	-8.85952e-20	7.70882e-19
16687.70000	-3.76966e-20	1.76520e-18
16689.30000	-1.14074e-19	2.86027e-18
16691.00000	9.91757e-19	5.30863e-18
16692.60000	-1.99671e-19	5.57032e-18
16694.20000	-1.88188e-19	3.46626e-18
16695.80000	2.34195e-18	1.07955e-18
16697.50000	6.86968e-19	5.98859e-19
16699.10000	-2.44663e-19	5.87706e-19
16700.70000	-7.69108e-19	9.07829e-19
16702.40000	-3.02889e-19	1.08936e-18
16704.00000	-3.15440e-20	1.14414e-18
16705.60000	-8.09925e-19	1.55922e-18
16707.20000	-4.28476e-18	2.93234e-18
16708.90000	-6.52016e-18	3.31696e-18
16710.50000	-2.70624e-18	2.45082e-18
16712.10000	1.52024e-18	9.22640e-19
16713.80000	7.82403e-19	5.07167e-19
16715.40000	9.46213e-20	4.84614e-19
16717.00000	8.94470e-21	5.87455e-19
16718.60000	5.23018e-19	5.95769e-19
16720.30000	-1.22194e-19	5.59654e-19
16721.90000	-4.21146e-19	6.01860e-19
16723.50000	-1.94099e-19	7.35220e-19
16725.20000	6.47002e-19	7.22266e-19
16726.80000	2.62391e-19	5.82675e-19
16728.40000	-5.26469e-19	6.58125e-19
16730.00000	-2.73266e-19	1.34887e-18
16731.70000	1.47787e-18	1.87401e-18
16733.30000	1.87025e-18	1.85427e-18
16734.90000	3.20913e-19	1.25968e-18
16736.60000	-2.70725e-19	5.84457e-19
16738.20000	3.79970e-19	3.70879e-19
16739.80000	1.91755e-19	2.93054e-19
16741.40000	1.51978e-19	2.84169e-19
16743.10000	5.70675e-20	2.75786e-19
16744.70000	-2.13473e-19	2.75292e-19
16746.30000	2.13544e-20	2.79166e-19
16748.00000	1.38086e-19	2.91817e-19
16749.60000	2.76275e-20	3.28123e-19
16751.20000	-6.45981e-19	4.47545e-19
16752.90000	-2.43891e-19	6.97177e-19
16754.50000	1.33283e-19	8.37818e-19
16756.10000	5.40541e-19	7.81589e-19
16757.70000	7.45270e-19	6.22534e-19
16759.40000	-2.64860e-19	6.48593e-19
16761.00000	-8.76016e-19	8.00692e-19
16762.60000	-7.93910e-19	9.21284e-19
16764.30000	7.24238e-19	9.10879e-19
16765.90000	5.55377e-20	7.88698e-19
16767.50000	-1.68830e-19	4.78522e-19
16769.10000	-4.83616e-20	3.08964e-19
16770.80000	-3.14141e-19	2.70604e-19
16772.40000	2.62720e-19	2.72035e-19
16774.00000	4.18691e-19	2.73319e-19
16775.70000	3.34647e-19	2.69866e-19
16777.30000	1.97039e-19	2.63153e-19
16778.90000	1.52349e-20	2.58648e-19
16780.50000	-7.27583e-20	2.55774e-19
16782.20000	2.41218e-19	2.55990e-19
16783.80000	2.01988e-19	2.57916e-19
16785.40000	6.82366e-20	2.59425e-19
16787.10000	1.36874e-19	2.61927e-19
16788.70000	1.76857e-19	2.58453e-19
16790.30000	2.45100e-20	2.86120e-19
16791.90000	-3.94964e-19	3.28414e-19
16793.60000	2.08214e-19	3.31899e-19
16795.20000	1.17882e-19	3.22674e-19
16796.80000	6.43981e-20	3.58212e-19
16798.50000	4.75323e-19	4.82595e-19
16800.10000	6.60343e-19	5.53364e-19
16801.70000	8.25390e-19	4.80580e-19
16803.30000	2.92523e-19	4.60417e-19
16805.00000	1.62613e-19	4.79380e-19
16806.60000	-1.87936e-19	4.10773e-19
16808.20000	3.17629e-19	3.09680e-19
16809.90000	4.09820e-19	2.72328e-19
16811.50000	2.15700e-20	2.65588e-19
16813.10000	3.21709e-19	2.67843e-19
16814.80000	2.03952e-19	2.69043e-19
16816.40000	-3.71852e-19	2.66840e-19
16818.00000	-5.78281e-19	2.72973e-19
16819.60000	3.10202e-20	2.74699e-19
16821.30000	-4.46278e-20	2.74987e-19
16822.90000	3.06528e-20	2.71856e-19
16824.50000	-1.27570e-19	2.71020e-19
16826.20000	-6.79465e-19	2.71066e-19
16827.80000	-3.90497e-19	2.72600e-19
16829.40000	1.11152e-19	2.75296e-19
16831.00000	4.97423e-19	2.83811e-19
16832.70000	6.93828e-19	2.95369e-19
16834.30000	9.30665e-19	3.12900e-19
16835.90000	2.69184e-19	4.20997e-19
16837.60000	1.40376e-19	9.05823e-19
16839.20000	-3.72837e-19	2.34616e-18
16840.80000	-2.34343e-19	2.58576e-18
16842.40000	-6.80994e-20	1.73484e-18
16844.10000	8.26848e-19	6.17336e-19
16845.70000	4.03217e-19	4.04489e-19
16847.30000	3.63453e-19	3.28580e-19
16849.00000	-5.28823e-19	2.96495e-19
16850.60000	-8.28022e-19	3.17748e-19
16852.20000	1.74324e-20	3.35614e-19
16853.80000	-2.97781e-19	3.28024e-19
16855.50000	4.41454e-19	2.90013e-19
16857.10000	2.61854e-19	2.72642e-19
16858.70000	1.75966e-20	2.63330e-19
16860.40000	1.75479e-19	2.70148e-19
16862.00000	-1.90219e-19	2.76342e-19
16863.60000	1.62815e-19	2.71391e-19
16865.20000	-1.53566e-19	2.69286e-19
16866.90000	-4.32592e-19	2.67720e-19
16868.50000	-4.83540e-19	3.13597e-19
16870.10000	-5.59091e-19	3.61907e-19
16871.80000	2.95870e-19	3.70510e-19
16873.40000	6.79136e-19	3.57097e-19
16875.00000	-1.81782e-20	4.10837e-19
16876.70000	2.98053e-19	4.36163e-19
16878.30000	-1.00865e-19	3.87638e-19
16879.90000	3.31978e-22	3.27280e-19
16881.50000	-2.43918e-19	3.51399e-19
16883.20000	4.07585e-19	4.12958e-19
16884.80000	2.81172e-19	3.61330e-19
16886.40000	3.65718e-19	3.87970e-19
16888.10000	-1.36357e-19	5.01419e-19
16889.70000	4.19717e-20	5.76694e-19
16891.30000	2.44228e-19	5.19186e-19
16892.90000	-2.16774e-20	4.06076e-19
16894.60000	6.81615e-20	4.01019e-19
16896.20000	5.04768e-19	4.71686e-19
16897.80000	-4.73823e-19	5.79754e-19
16899.50000	-8.89456e-20	9.28119e-19
16901.10000	-4.78700e-19	2.43080e-18
16902.70000	-6.01804e-18	4.89060e-18
16904.30000	5.03832e-18	5.00540e-18
16906.00000	6.50148e-18	2.96155e-18
16907.60000	5.20099e-19	1.13006e-18
16909.20000	3.03074e-19	8.16317e-19
16910.90000	8.67387e-19	6.65082e-19
16912.50000	3.52603e-19	6.22624e-19
16914.10000	9.86276e-19	6.15877e-19
16915.70000	6.34768e-21	4.82708e-19
16917.40000	2.03933e-20	3.79925e-19
16919.00000	1.16593e-19	2.95593e-19
16920.60000	2.17598e-20	2.76425e-19
16922.30000	-1.51558e-19	3.18029e-19
16923.90000	-2.56288e-19	2.83142e-19
16925.50000	6.69507e-20	2.86019e-19
16927.20000	-4.04990e-19	2.78634e-19
16928.80000	2.47085e-20	2.68821e-19
16930.40000	7.99961e-19	2.71763e-19
16932.00000	2.32285e-19	2.71838e-19
16933.70000	2.11949e-19	2.64515e-19
16935.30000	1.45782e-19	2.57970e-19
16936.90000	9.23332e-20	2.59595e-19
16938.60000	-1.33297e-19	2.62697e-19
16940.20000	4.69535e-19	3.17376e-19
16941.80000	1.85781e-19	2.87267e-19
16943.40000	7.76571e-19	3.32316e-19
16945.10000	-6.65144e-20	3.51480e-19
16946.70000	8.62513e-20	3.49045e-19
16948.30000	3.04973e-19	3.17151e-19
16950.00000	2.91285e-19	3.54002e-19
16951.60000	8.98354e-21	8.39197e-19
16953.20000	-1.74124e-18	2.42387e-18
16954.80000	-1.59490e-18	3.08218e-18
16956.50000	-1.36166e-19	2.66536e-18
16958.10000	-1.79855e-19	1.01203e-18
16959.70000	3.88119e-19	4.11891e-19
16961.40000	2.05926e-19	3.17738e-19
16963.00000	-1.71174e-19	2.85604e-19
16964.60000	2.09895e-19	2.71543e-19
16966.20000	3.43155e-19	2.62338e-19
16967.90000	4.98999e-19	2.95556e-19
16969.50000	-1.99723e-19	2.86580e-19
16971.10000	-7.56774e-19	3.28360e-19
16972.80000	4.08073e-19	3.70062e-19
16974.40000	3.22063e-19	2.84055e-19
16976.00000	6.45958e-19	2.79647e-19
16977.60000	1.19990e-19	2.67369e-19
16979.30000	-3.55433e-19	2.61437e-19
16980.90000	3.61876e-19	2.62598e-19
16982.50000	-9.90051e-20	2.73230e-19
16984.20000	1.80791e-19	2.97482e-19
16985.80000	-1.80545e-19	3.00391e-19
16987.40000	-6.38746e-19	3.34460e-19
16989.10000	-1.05453e-19	3.91956e-19
16990.70000	2.17326e-19	4.07952e-19
16992.30000	3.71416e-19	3.48978e-19
16993.90000	6.20479e-19	3.07379e-19
16995.60000	-1.52900e-19	3.24453e-19
16997.20000	1.28947e-19	3.33667e-19
16998.80000	2.44996e-19	3.27867e-19
17000.50000	-3.45830e-19	3.41752e-19
17002.10000	-4.42799e-20	3.90007e-19
17003.70000	2.39481e-19	5.17620e-19
17005.30000	-2.60365e-19	1.61345e-18
17007.00000	1.83861e-18	4.43505e-18
17008.60000	5.48019e-18	5.27130e-18
17010.20000	-5.52725e-19	4.33800e-18
17011.90000	-2.16017e-18	1.80098e-18
17013.50000	8.51109e-19	7.87727e-19
17015.10000	6.83422e-19	5.37948e-19
17016.70000	-1.78910e-19	3.59444e-19
17018.40000	3.98810e-19	3.10089e-19
17020.00000	-3.74175e-20	2.90791e-19
17021.60000	1.00310e-19	2.77315e-19
17023.30000	7.22807e-20	2.69046e-19
17024.90000	2.86931e-19	2.67128e-19
17026.50000	8.25938e-20	2.66403e-19
17028.10000	5.23527e-19	2.70900e-19
17029.80000	2.83669e-19	2.82302e-19
17031.40000	-4.57334e-19	2.83603e-19
17033.00000	3.73101e-19	2.77104e-19
17034.70000	-1.96687e-20	2.64308e-19
17036.30000	-4.80029e-20	2.68239e-19
17037.90000	-1.60465e-19	2.69752e-19
17039.50000	3.13806e-19	2.73221e-19
17041.20000	-3.27208e-19	2.71681e-19
17042.80000	2.65459e-19	2.69824e-19
17044.40000	2.88191e-19	2.71010e-19
17046.10000	-4.63953e-20	2.77453e-19
17047.70000	-1.02283e-19	3.15179e-19
17049.30000	1.27910e-19	3.57855e-19
17051.00000	2.49821e-19	3.68857e-19
17052.60000	3.27054e-19	4.42206e-19
17054.20000	-1.10650e-19	6.23108e-19
17055.80000	1.05363e-18	8.70065e-19
17057.50000	4.05080e-19	8.32994e-19
17059.10000	1.00428e-18	5.92182e-19
17060.70000	4.57592e-19	3.19150e-19
17062.40000	-1.51270e-19	2.75240e-19
17064.00000	-9.55016e-21	2.75535e-19
17065.60000	2.16208e-20	2.83574e-19
17067.20000	3.79494e-19	3.22293e-19
17068.90000	4.51147e-19	4.88445e-19
17070.50000	1.28507e-19	5.58173e-19
17072.10000	3.54704e-19	6.13538e-19
17073.80000	4.54797e-19	6.08627e-19
17075.40000	1.46667e-20	1.39265e-18
17077.00000	6.66643e-19	2.71499e-18
17078.60000	2.44101e-18	2.80847e-18
17080.30000	-1.78899e-18	1.79537e-18
17081.90000	3.95322e-19	7.03464e-19
17083.50000	2.15182e-19	3.92529e-19
17085.20000	1.42773e-19	3.28053e-19
17086.80000	-8.33469e-20	3.20477e-19
17088.40000	5.37825e-19	3.00550e-19
17090.00000	1.63831e-19	2.80498e-19
17091.70000	4.25600e-20	2.81349e-19
17093.30000	1.52578e-19	2.96934e-19
17094.90000	1.00565e-19	3.17332e-19
17096.60000	4.85510e-19	3.41881e-19
17098.20000	4.82589e-20	4.08631e-19
17099.80000	4.10322e-19	4.77898e-19
17101.40000	7.31397e-19	4.93341e-19
17103.10000	-4.75943e-19	5.45151e-19
17104.70000	-1.56700e-19	5.30515e-19
17106.30000	1.52238e-19	5.05124e-19
17108.00000	-1.38288e-19	4.84873e-19
17109.60000	-1.00672e-19	4.89871e-19
17111.20000	2.70215e-21	4.64724e-19
17112.90000	1.98050e-19	4.37197e-19
17114.50000	-4.80670e-19	4.49698e-19
17116.10000	-3.17258e-19	4.49569e-19
17117.70000	-4.31074e-19	4.70468e-19
17119.40000	-1.36564e-18	7.73149e-19
17121.00000	-5.28469e-18	2.67309e-18
17122.60000	-1.76782e-18	4.27113e-18
17124.30000	6.00944e-18	4.17643e-18
17125.90000	-7.30014e-19	2.38807e-18
17127.50000	-1.18941e-18	9.28375e-19
17129.10000	5.93372e-19	4.92950e-19
17130.80000	4.20346e-19	3.98134e-19
17132.40000	5.45661e-20	3.01340e-19
17134.00000	3.60119e-19	2.87434e-19
17135.70000	3.25635e-19	2.74713e-19
17137.30000	1.97364e-19	2.69657e-19
17138.90000	1.31862e-19	2.68128e-19
17140.50000	2.26682e-19	2.67299e-19
17142.20000	-1.73028e-19	2.70182e-19
17143.80000	2.55469e-19	2.78245e-19
17145.40000	2.67143e-19	2.74003e-19
17147.10000	-1.53599e-20	2.64870e-19
17148.70000	-4.42677e-19	2.51652e-19
17150.30000	-5.61863e-19	2.48600e-19
17151.90000	-1.60747e-19	2.44658e-19
17153.60000	3.89210e-19	2.39090e-19
17155.20000	-1.41746e-19	2.54585e-19
17156.80000	-1.31693e-19	2.59248e-19
17158.50000	1.03431e-19	2.58707e-19
17160.10000	2.16642e-19	2.56219e-19
17161.70000	-2.33187e-19	2.70615e-19
17163.30000	-4.21081e-20	3.13300e-19
17165.00000	-1.64441e-20	3.24404e-19
17166.60000	5.12125e-19	3.28304e-19
17168.20000	1.75379e-19	4.15980e-19
17169.90000	-8.13985e-19	5.04761e-19
17171.50000	-3.29970e-19	5.82305e-19
17173.10000	-2.52357e-19	7.17346e-19
17174.80000	2.56299e-19	7.85545e-19
17176.40000	-5.72893e-20	7.11573e-19
17178.00000	8.16324e-19	5.81402e-19
17179.60000	-4.48378e-19	5.05907e-19
17181.30000	-1.49037e-19	4.35096e-19
17182.90000	3.33225e-19	3.30187e-19
17184.50000	-1.28350e-19	2.92242e-19
17186.20000	-9.62231e-21	4.51879e-19
17187.80000	-3.12999e-19	7.00966e-19
17189.40000	1.02958e-18	7.18924e-19
17191.00000	-5.79655e-19	5.26923e-19
17192.70000	2.96432e-20	3.75235e-19
17194.30000	5.71909e-20	4.60091e-19
17195.90000	3.60862e-19	4.81875e-19
17197.60000	2.44942e-19	4.31244e-19
17199.20000	7.78008e-20	3.16298e-19
17200.80000	-1.39487e-19	2.66133e-19
17202.40000	-1.47006e-19	2.74002e-19
17204.10000	-5.08104e-19	2.93344e-19
17205.70000	7.86951e-19	3.66339e-19
17207.30000	6.96226e-18	9.88226e-19
17209.00000	1.80917e-17	2.15304e-18
17210.60000	1.02976e-17	2.36517e-18
17212.20000	5.04033e-19	1.79634e-18
17213.80000	-2.53863e-21	1.11073e-18
17215.50000	-1.04414e-19	8.19519e-19
17217.10000	-6.28291e-19	5.93321e-19
17218.70000	2.43419e-19	4.37145e-19
17220.40000	-3.52068e-19	5.22348e-19
17222.00000	-8.64984e-20	5.56460e-19
17223.60000	3.66486e-19	4.54425e-19
17225.20000	4.89348e-19	3.19995e-19
17226.90000	7.99084e-19	3.04414e-19
17228.50000	3.73429e-19	4.41970e-19
17230.10000	-9.52017e-19	5.52017e-19
17231.80000	-3.56594e-19	6.29862e-19
17233.40000	2.29786e-19	5.23780e-19
17235.00000	1.90359e-19	3.73254e-19
17236.70000	-4.17253e-19	2.97788e-19
17238.30000	-7.75691e-20	3.15032e-19
17239.90000	-3.08715e-19	4.76504e-19
17241.50000	-2.06348e-19	9.14756e-19
17243.20000	4.77251e-19	1.15074e-18
17244.80000	-3.11209e-19	1.46362e-18
17246.40000	-1.56913e-18	2.55995e-18
17248.10000	-1.02829e-18	3.23864e-18
17249.70000	-4.43139e-19	2.83007e-18
17251.30000	5.43542e-19	1.36152e-18
17252.90000	-4.03166e-19	6.31191e-19
17254.60000	3.36171e-19	5.17662e-19
17256.20000	9.73553e-19	7.85154e-19
17257.80000	-7.99641e-20	8.37403e-19
17259.50000	-1.09738e-18	6.17542e-19
17261.10000	-2.47564e-19	3.76699e-19
17262.70000	1.11030e-19	2.96068e-19
17264.30000	-6.74137e-20	2.91658e-19
17266.00000	3.26973e-19	3.02339e-19
17267.60000	-3.29098e-20	2.79923e-19
17269.20000	9.68781e-20	2.80713e-19
17270.90000	-1.10559e-19	3.15896e-19
17272.50000	-1.87962e-19	5.03048e-19
17274.10000	-3.17056e-19	7.35027e-19
17275.70000	4.05797e-19	7.20093e-19
17277.40000	7.67391e-19	5.44299e-19
17279.00000	9.56163e-20	4.94846e-19
17280.60000	-1.07729e-18	1.09685e-18
17282.30000	-1.15287e-19	1.50442e-18
17283.90000	-2.49281e-19	1.36795e-18
17285.50000	2.77450e-19	7.98013e-19
17287.20000	6.85999e-19	5.21826e-19
17288.80000	7.33400e-20	4.48721e-19
17290.40000	-1.75148e-20	3.59577e-19
17292.00000	-8.36825e-20	2.96949e-19
17293.70000	1.69887e-19	2.79290e-19
17295.30000	1.74897e-19	2.73244e-19
17296.90000	1.10368e-19	2.72013e-19
17298.60000	1.93896e-19	3.01510e-19
17300.20000	-3.32018e-19	4.70955e-19
17301.80000	4.53155e-20	1.01850e-18
17303.40000	1.34119e-18	1.19305e-18
17305.10000	2.87948e-19	7.97509e-19
17306.70000	-3.35041e-19	4.41046e-19
17308.30000	2.71025e-19	3.23112e-19
17310.00000	-5.66922e-20	3.38658e-19
17311.60000	3.07314e-19	4.28218e-19
17313.20000	-1.55746e-19	4.51787e-19
17314.80000	-1.78054e-19	4.39553e-19
17316.50000	-4.66208e-19	4.11946e-19
17318.10000	-2.51835e-19	4.47447e-19
17319.70000	-6.33668e-20	5.05884e-19
17321.40000	-4.03659e-19	4.74166e-19
17323.00000	-8.41275e-19	4.15504e-19
17324.60000	-3.71504e-19	3.96830e-19
17326.20000	-7.04478e-19	5.18010e-19
17327.90000	2.36368e-18	1.03871e-18
17329.50000	4.13998e-18	2.15678e-18
17331.10000	3.81632e-19	2.28672e-18
17332.80000	1.33737e-19	1.49091e-18
17334.40000	-6.63115e-20	6.88416e-19
17336.00000	-1.42802e-19	4.46392e-19
17337.60000	1.24179e-19	4.20907e-19
17339.30000	-9.20187e-20	4.74944e-19
17340.90000	2.16414e-19	5.01592e-19
17342.50000	8.90671e-19	4.90464e-19
17344.20000	1.02664e-18	4.46221e-19
17345.80000	7.71916e-20	4.12350e-19
17347.40000	2.67351e-19	4.94915e-19
17349.10000	-4.65449e-19	1.18541e-18
17350.70000	8.14450e-19	1.57620e-18
17352.30000	9.71127e-19	1.40595e-18
17353.90000	3.34332e-19	9.01096e-19
17355.60000	7.52432e-19	7.37459e-19
17357.20000	2.78727e-19	1.09323e-18
17358.80000	3.96385e-19	1.59494e-18
17360.50000	2.16872e-18	1.49071e-18
17362.10000	-1.26977e-18	7.43872e-19
17363.70000	-2.03868e-19	3.96175e-19
17365.30000	-4.84848e-19	3.06043e-19
17367.00000	-1.28285e-19	2.91540e-19
17368.60000	2.84669e-19	3.00623e-19
17370.20000	2.30552e-19	3.06325e-19
17371.90000	2.63599e-19	3.04059e-19
17373.50000	2.32716e-19	2.97168e-19
17375.10000	5.78528e-20	2.97224e-19
17376.70000	2.08969e-19	3.14644e-19
17378.40000	-5.83974e-20	3.99821e-19
17380.00000	-5.02162e-21	8.17153e-19
17381.60000	8.58782e-19	1.64987e-18
17383.30000	-6.90326e-19	2.38424e-18
17384.90000	-1.54063e-18	3.29638e-18
17386.50000	-1.68360e-18	3.40257e-18
17388.10000	5.28517e-20	2.46575e-18
17389.80000	1.11720e-18	9.59854e-19
17391.40000	4.19925e-19	5.30567e-19
17393.00000	8.11724e-20	4.02608e-19
17394.70000	-3.42267e-19	3.18319e-19
17396.30000	3.10417e-19	3.00603e-19
17397.90000	6.36966e-19	2.97605e-19
17399.50000	1.94664e-19	3.06153e-19
17401.20000	2.69152e-19	3.41675e-19
17402.80000	1.44310e-19	4.13512e-19
17404.40000	-6.75999e-20	4.79184e-19
17406.10000	-3.85865e-19	4.68511e-19
17407.70000	1.43554e-19	3.90233e-19
17409.30000	2.27762e-19	3.10435e-19
17411.00000	-1.15584e-19	3.26026e-19
17412.60000	-1.05153e-19	4.05716e-19
17414.20000	3.76796e-19	6.17978e-19
17415.80000	-1.04492e-19	6.43253e-19
17417.50000	-5.88320e-19	5.60277e-19
17419.10000	-7.29304e-19	5.12985e-19
17420.70000	-1.25840e-19	4.14263e-19
17422.40000	5.53279e-19	4.00648e-19
17424.00000	-1.46357e-19	7.96494e-19
17425.60000	-4.06244e-21	1.88914e-18
17427.20000	6.70619e-19	2.09086e-18
17428.90000	-1.12152e-20	1.44509e-18
17430.50000	-9.27559e-19	7.73609e-19
17432.10000	-1.59471e-19	5.58286e-19
17433.80000	-3.41604e-19	4.96839e-19
17435.40000	-5.70479e-20	3.81330e-19
17437.00000	3.51782e-19	3.01628e-19
17438.60000	3.87531e-20	2.89455e-19
17440.30000	-9.75548e-20	3.45217e-19
17441.90000	6.28647e-19	4.32086e-19
17443.50000	1.15339e-19	4.53310e-19
17445.20000	4.36638e-19	4.47705e-19
17446.80000	9.12300e-19	1.17596e-18
17448.40000	-6.59749e-19	3.10240e-18
17450.00000	-2.91800e-18	3.44075e-18
17451.70000	-1.13573e-18	2.35500e-18
17453.30000	7.31853e-19	9.34450e-19
17454.90000	8.17286e-19	5.09970e-19
17456.60000	5.76748e-19	3.70988e-19
17458.20000	4.41099e-19	3.07864e-19
17459.80000	4.53273e-19	2.87535e-19
17461.40000	8.06616e-19	2.84575e-19
17463.10000	1.39026e-18	2.91185e-19
17464.70000	1.36606e-18	3.04855e-19
17466.30000	1.73983e-18	3.23428e-19
17468.00000	2.62217e-18	3.36787e-19
17469.60000	2.43891e-18	3.63344e-19
17471.20000	2.42356e-18	3.96059e-19
17472.90000	1.97572e-18	3.62539e-19
17474.50000	1.49362e-18	3.24843e-19
17476.10000	1.03533e-18	3.48673e-19
17477.70000	3.37312e-19	3.82987e-19
17479.40000	6.01757e-19	3.93433e-19
17481.00000	6.38991e-19	4.19337e-19
17482.60000	1.11799e-18	4.57342e-19
17484.30000	5.68527e-19	4.37382e-19
17485.90000	4.07610e-19	3.71666e-19
17487.50000	3.03799e-19	3.32943e-19
17489.10000	1.84331e-19	3.38962e-19
17490.80000	-3.27565e-20	3.20113e-19
17492.40000	5.00113e-19	2.96285e-19
17494.00000	2.34261e-19	2.78548e-19
17495.70000	2.93976e-19	2.96121e-19
17497.30000	-3.43021e-19	3.84249e-19
17498.90000	-6.83881e-19	7.67000e-19
17500.50000	1.86865e-20	1.03540e-18
17502.20000	6.23454e-19	1.17739e-18
17503.80000	2.24991e-18	1.64880e-18
17505.40000	9.71354e-19	2.02230e-18
17507.10000	-1.99858e-18	1.74439e-18
17508.70000	-1.90495e-19	7.11212e-19
17510.30000	-3.28659e-19	3.85837e-19
17511.90000	3.71550e-20	3.15422e-19
17513.60000	5.05254e-19	3.07328e-19
17515.20000	5.53782e-20	2.89803e-19
17516.80000	-3.23954e-19	2.84459e-19
17518.50000	-3.65281e-19	2.78235e-19
17520.10000	-3.94608e-20	2.74383e-19
17521.70000	2.81424e-21	2.98405e-19
17523.30000	-1.55246e-19	3.36880e-19
17525.00000	5.72130e-20	4.34735e-19
17526.60000	6.28785e-19	9.16553e-19
17528.20000	4.99203e-19	1.20958e-18
17529.90000	2.19182e-18	1.20462e-18
17531.50000	4.57245e-19	8.78542e-19
17533.10000	4.92262e-20	5.37780e-19
17534.80000	-4.89875e-19	4.35407e-19
17536.40000	-6.03869e-19	4.73056e-19
17538.00000	-7.05498e-20	4.15004e-19
17539.60000	2.32528e-19	3.95946e-19
17541.30000	2.22579e-19	4.57472e-19
17542.90000	5.01801e-19	5.19959e-19
17544.50000	1.68671e-19	4.68413e-19
17546.20000	5.59724e-19	3.80607e-19
17547.80000	-1.05129e-19	3.61222e-19
17549.40000	-9.35820e-20	4.33771e-19
17551.00000	1.03871e-18	4.34746e-19
17552.70000	8.28946e-19	3.61263e-19
17554.30000	2.34023e-19	2.86925e-19
17555.90000	5.23709e-19	2.61920e-19
17557.60000	-1.54861e-19	2.54143e-19
17559.20000	-4.26436e-19	2.56456e-19
17560.80000	-6.25164e-19	2.68563e-19
17562.40000	1.04996e-19	2.65549e-19
17564.10000	4.33867e-19	3.12243e-19
17565.70000	-2.31535e-19	3.57791e-19
17567.30000	3.20190e-20	3.67254e-19
17569.00000	6.50520e-19	3.38273e-19
17570.60000	6.25737e-19	3.13599e-19
17572.20000	3.11873e-19	3.00599e-19
17573.80000	4.90093e-19	2.87830e-19
17575.50000	6.70018e-19	2.80576e-19
17577.10000	1.94160e-19	2.75399e-19
17578.70000	3.83016e-19	2.69478e-19
17580.40000	1.13869e-19	2.68612e-19
17582.00000	-4.11379e-20	2.64699e-19
17583.60000	-1.14052e-19	2.64334e-19
17585.20000	2.94310e-19	2.67139e-19
17586.90000	2.40071e-19	2.77201e-19
17588.50000	2.59097e-19	3.08340e-19
17590.10000	2.38140e-19	3.34889e-19
17591.80000	8.08425e-20	3.40011e-19
17593.40000	2.57501e-19	3.53504e-19
17595.00000	-2.46579e-19	3.69896e-19
17596.70000	-1.45807e-19	3.58108e-19
17598.30000	-1.66656e-19	3.13179e-19
17599.90000	-7.25384e-20	2.86182e-19
17601.50000	3.16345e-19	2.93790e-19
17603.20000	5.52831e-19	3.18805e-19
17604.80000	-1.79648e-19	3.17186e-19
17606.40000	6.29179e-19	3.01125e-19
17608.10000	8.94669e-21	3.08167e-19
17609.70000	4.04853e-19	4.14597e-19
17611.30000	5.74651e-19	5.40958e-19
17612.90000	3.67447e-19	5.71471e-19
17614.60000	-7.33284e-20	5.28731e-19
17616.20000	2.33906e-19	4.41662e-19
17617.80000	-4.04265e-19	3.53732e-19
17619.50000	-4.90689e-19	3.10177e-19
17621.10000	-1.33836e-19	4.09129e-19
17622.70000	-4.01567e-19	5.77290e-19
17624.30000	-8.40127e-19	5.61310e-19
17626.00000	-3.67743e-19	5.34095e-19
17627.60000	-9.34917e-19	5.34174e-19
17629.20000	-4.95918e-19	5.12080e-19
17630.90000	-3.69008e-19	3.99711e-19
17632.50000	5.40741e-19	3.02944e-19
17634.10000	2.56529e-19	2.88921e-19
17635.70000	6.67317e-19	2.87077e-19
17637.40000	2.59913e-19	2.86500e-19
17639.00000	1.46436e-19	2.88416e-19
17640.60000	-2.39279e-19	2.94394e-19
17642.30000	4.81691e-19	3.14662e-19
17643.90000	4.06287e-19	3.52514e-19
17645.50000	6.07909e-19	4.56102e-19
17647.20000	-4.65438e-19	1.06518e-18
17648.80000	9.97780e-19	1.89028e-18
17650.40000	-2.72255e-18	3.27260e-18
17652.00000	-1.33729e-18	5.58469e-18
17653.70000	3.27747e-18	5.87247e-18
17655.30000	-1.07938e-17	3.97833e-18
17656.90000	-6.32985e-18	1.81848e-18
17658.60000	-1.44916e-18	1.02068e-18
17660.20000	-1.54601e-18	1.05578e-18
17661.80000	-7.87467e-19	1.11872e-18
17663.40000	7.69133e-19	1.17659e-18
17665.10000	3.00514e-18	1.11802e-18
17666.70000	-6.13056e-19	9.74422e-19
17668.30000	5.67235e-19	1.15685e-18
17670.00000	4.30187e-19	2.78146e-18
17671.60000	6.47801e-18	3.39039e-18
17673.20000	2.38037e-18	2.69081e-18
17674.80000	2.95765e-19	1.06606e-18
17676.50000	1.75941e-19	4.88255e-19
17678.10000	4.60829e-19	3.52387e-19
17679.70000	-1.55475e-19	3.35900e-19
17681.40000	1.89864e-19	4.44731e-19
17683.00000	9.03147e-19	6.91314e-19
17684.60000	1.02157e-18	8.19221e-19
17686.20000	-1.75734e-19	8.52387e-19
17687.90000	1.94110e-20	8.21527e-19
17689.50000	-3.19982e-19	7.49776e-19
17691.10000	-7.90520e-19	6.32387e-19
17692.80000	-2.90985e-19	5.28974e-19
17694.40000	-1.67124e-19	6.44490e-19
17696.00000	9.51433e-19	1.25305e-18
17697.60000	8.51709e-19	1.73554e-18
17699.30000	-9.11374e-19	1.70428e-18
17700.90000	-1.61153e-18	1.16517e-18
17702.50000	-6.61582e-19	5.77638e-19
17704.20000	7.44400e-20	3.69953e-19
17705.80000	5.27686e-20	3.52295e-19
17707.40000	-2.34360e-19	3.16697e-19
17709.10000	4.11282e-20	3.27880e-19
17710.70000	-4.44110e-19	3.66228e-19
17712.30000	-2.54677e-20	3.23886e-19
17713.90000	-2.58081e-19	2.99372e-19
17715.60000	6.14225e-20	2.83772e-19
17717.20000	3.30824e-19	2.79485e-19
17718.80000	5.58487e-19	2.83421e-19
17720.50000	7.29565e-19	3.18524e-19
17722.10000	3.96992e-19	4.26614e-19
17723.70000	1.72333e-19	4.76613e-19
17725.30000	1.35570e-20	4.42037e-19
17727.00000	2.71386e-19	3.62276e-19
17728.60000	-7.21917e-20	4.38191e-19
17730.20000	-4.09642e-19	7.51232e-19
17731.90000	-2.73048e-19	8.82705e-19
17733.50000	-1.73015e-19	9.76203e-19
17735.10000	8.34857e-19	8.84733e-19
17736.70000	2.23147e-18	7.36800e-19
17738.40000	1.95582e-19	4.45323e-19
17740.00000	5.21741e-19	3.42682e-19
17741.60000	-3.58276e-19	3.36301e-19
17743.30000	3.00365e-19	3.36394e-19
17744.90000	3.74515e-19	4.56055e-19
17746.50000	-3.98574e-20	3.01804e-19
17748.10000	-6.47020e-20	3.12830e-19
17749.80000	8.55565e-19	3.72991e-19
17751.40000	5.53981e-19	2.87246e-19
17753.00000	2.29775e-19	2.88966e-19
17754.70000	5.29548e-19	3.48512e-19
17756.30000	2.01343e-19	3.02590e-19
17757.90000	4.60284e-19	3.10804e-19
17759.50000	6.28506e-19	3.31663e-19
17761.20000	-1.82163e-19	3.39875e-19
17762.80000	-3.59941e-20	3.41153e-19
17764.40000	4.83485e-19	3.60909e-19
17766.10000	7.52200e-19	3.93807e-19
17767.70000	1.60631e-19	3.87009e-19
17769.30000	-5.38084e-20	4.22166e-19
17771.00000	2.32679e-19	4.90142e-19
17772.60000	-1.23502e-20	5.95673e-19
17774.20000	1.71986e-19	6.39745e-19
17775.80000	5.62277e-19	6.14852e-19
17777.50000	7.31114e-19	6.80197e-19
17779.10000	-1.17974e-19	7.03919e-19
17780.70000	1.37124e-19	6.07787e-19
17782.40000	-7.04643e-20	4.63150e-19
17784.00000	-1.03513e-19	4.80231e-19
17785.60000	6.24062e-19	5.63793e-19
17787.20000	1.13091e-19	5.56453e-19
17788.90000	-1.51085e-19	4.43898e-19
17790.50000	-6.35695e-19	3.67784e-19
17792.10000	-6.06712e-20	3.36820e-19
17793.80000	-1.34582e-19	3.04350e-19
17795.40000	4.58134e-19	3.05421e-19
17797.00000	-2.92843e-19	3.30515e-19
17798.60000	-6.43558e-20	3.18877e-19
17800.30000	-1.57504e-19	3.03185e-19
17801.90000	2.48212e-19	3.05258e-19
17803.50000	1.52248e-19	3.07482e-19
17805.20000	1.98607e-19	3.25963e-19
17806.80000	7.49046e-19	3.78378e-19
17808.40000	1.47154e-18	1.04767e-18
17810.00000	3.67123e-19	2.35211e-18
17811.70000	-2.57848e-18	2.72672e-18
17813.30000	-4.16297e-20	2.07696e-18
17814.90000	1.58386e-18	8.02854e-19
17816.60000	3.43706e-18	5.41885e-19
17818.20000	4.68966e-18	6.08541e-19
17819.80000	4.30435e-18	6.06620e-19
17821.40000	5.02087e-18	7.11488e-19
17823.10000	4.73202e-18	5.55990e-19
17824.70000	3.90940e-18	5.35966e-19
17826.30000	3.28236e-18	4.71354e-19
17828.00000	1.88143e-18	6.77425e-19
17829.60000	1.27223e-18	8.47177e-19
17831.20000	4.65952e-20	8.61583e-19
17832.90000	3.28624e-20	7.28622e-19
17834.50000	1.40071e-18	6.37931e-19
17836.10000	5.67462e-19	5.74261e-19
17837.70000	-4.20322e-19	4.76561e-19
17839.40000	-2.69648e-19	3.93070e-19
17841.00000	2.44937e-19	4.32298e-19
17842.60000	4.00091e-19	5.24865e-19
17844.30000	-3.38076e-19	6.13491e-19
17845.90000	-7.60074e-19	7.29682e-19
17847.50000	9.11965e-19	7.16354e-19
17849.10000	9.53711e-21	9.13802e-19
17850.80000	-7.90406e-20	9.88621e-19
17852.40000	-7.49481e-20	9.87795e-19
