#macsj1149_mos_1.H.5421.fc.1d.esc.txt
#Wavelength in (A) | Flux (erg/sec/cm2/A)| Flux Error
15008.20000	9.65361e-20	6.74212e-19
15009.90000	-3.89957e-19	1.10087e-19
15011.50000	-1.77484e-19	4.38663e-20
15013.10000	2.29089e-20	4.63235e-20
15014.80000	-5.10980e-19	3.81549e-19
15016.40000	-1.00093e-19	4.35275e-19
15018.00000	-1.38836e-19	4.34350e-19
15019.60000	-2.39261e-19	4.38553e-19
15021.30000	2.19752e-19	4.84807e-19
15022.90000	2.60723e-19	7.50329e-19
15024.50000	5.57997e-19	8.71642e-19
15026.20000	4.23031e-19	9.12241e-19
15027.80000	4.14080e-19	7.86515e-19
15029.40000	-3.37311e-19	5.79782e-19
15031.00000	4.47910e-20	4.60846e-19
15032.70000	3.50886e-19	4.41388e-19
15034.30000	7.09878e-19	4.45420e-19
15035.90000	3.08687e-19	4.73577e-19
15037.60000	-2.78307e-19	4.93094e-19
15039.20000	-2.65095e-19	4.67927e-19
15040.80000	3.96187e-21	4.69369e-19
15042.40000	5.25261e-19	4.74171e-19
15044.10000	6.47245e-19	4.85470e-19
15045.70000	-1.47411e-19	5.12412e-19
15047.30000	-2.07131e-19	5.89401e-19
15049.00000	2.17412e-19	8.80458e-19
15050.60000	1.74392e-18	1.82990e-18
15052.20000	6.27701e-19	3.39094e-18
15053.80000	4.21798e-18	5.91103e-18
15055.50000	6.74614e-18	6.63897e-18
15057.10000	2.96257e-18	5.11734e-18
15058.70000	2.66511e-18	2.61056e-18
15060.40000	3.33234e-18	1.24539e-18
15062.00000	1.34699e-19	1.11590e-18
15063.60000	-7.70997e-21	1.30012e-18
15065.20000	-1.77096e-18	1.74102e-18
15066.90000	4.56136e-19	2.94132e-18
15068.50000	9.97796e-19	3.67630e-18
15070.10000	-4.31976e-18	3.16205e-18
15071.80000	-5.36157e-19	1.85612e-18
15073.40000	-4.13399e-19	8.16097e-19
15075.00000	-3.08241e-19	5.20289e-19
15076.70000	-1.88709e-19	4.97109e-19
15078.30000	3.70088e-19	5.79344e-19
15079.90000	4.76369e-19	7.13516e-19
15081.50000	1.12224e-18	7.99183e-19
15083.20000	-2.25081e-19	8.61028e-19
15084.80000	-3.68692e-19	1.25305e-18
15086.40000	2.14647e-18	2.12813e-18
15088.10000	-3.39574e-18	2.21487e-18
15089.70000	9.65807e-19	2.03418e-18
15091.30000	2.21306e-18	1.40760e-18
15092.90000	7.34447e-19	7.29815e-19
15094.60000	-4.80721e-19	5.46115e-19
15096.20000	-7.28051e-19	5.46473e-19
15097.80000	4.10738e-20	5.68348e-19
15099.50000	-2.49110e-19	5.57611e-19
15101.10000	2.93143e-19	5.19596e-19
15102.70000	-6.86245e-19	5.16578e-19
15104.30000	1.99877e-19	5.90292e-19
15106.00000	-4.43556e-19	6.69642e-19
15107.60000	-1.53794e-18	6.93267e-19
15109.20000	-5.51611e-19	7.50320e-19
15110.90000	-6.40718e-20	8.93162e-19
15112.50000	2.61051e-19	1.03421e-18
15114.10000	7.16104e-19	1.03931e-18
15115.70000	9.97679e-19	9.39963e-19
15117.40000	-7.93341e-19	7.11393e-19
15119.00000	2.32508e-19	5.61041e-19
15120.60000	-3.34472e-19	4.49542e-19
15122.30000	-2.46479e-19	4.43717e-19
15123.90000	-3.65375e-20	4.56952e-19
15125.50000	-6.31255e-19	4.68931e-19
15127.10000	3.48264e-19	4.89084e-19
15128.80000	-1.91253e-19	5.03037e-19
15130.40000	-6.05893e-19	5.13622e-19
15132.00000	-5.75829e-19	5.67243e-19
15133.70000	-8.92730e-20	6.11886e-19
15135.30000	4.23754e-19	6.01449e-19
15136.90000	8.59612e-19	5.80701e-19
15138.60000	-6.36424e-19	5.91712e-19
15140.20000	1.95697e-19	5.85151e-19
15141.80000	-1.86304e-19	5.99601e-19
15143.40000	-5.52971e-19	5.98896e-19
15145.10000	1.55694e-19	5.82910e-19
15146.70000	6.45810e-19	6.23447e-19
15148.30000	8.22391e-19	6.88530e-19
15150.00000	5.01701e-20	7.05809e-19
15151.60000	2.36063e-21	6.60080e-19
15153.20000	3.32463e-19	7.25363e-19
15154.80000	2.83641e-19	5.20811e-19
15156.50000	-7.96136e-20	4.44283e-19
15158.10000	-1.86540e-19	4.27276e-19
15159.70000	-4.00704e-19	4.33972e-19
15161.40000	2.50927e-20	4.37603e-19
15163.00000	1.92153e-19	4.50062e-19
15164.60000	9.65312e-20	4.71943e-19
15166.20000	-1.18878e-19	5.03020e-19
15167.90000	-3.40696e-20	5.11748e-19
15169.50000	2.18795e-19	4.87368e-19
15171.10000	2.41974e-19	4.70547e-19
15172.80000	2.67275e-19	4.60194e-19
15174.40000	-2.39880e-19	4.61057e-19
15176.00000	1.62933e-19	4.59372e-19
15177.60000	-1.39276e-18	5.18934e-19
15179.30000	-6.18032e-19	5.83556e-19
15180.90000	-9.99289e-19	5.41880e-19
15182.50000	-7.80735e-19	7.11657e-19
15184.20000	4.20983e-19	1.68926e-18
15185.80000	-1.67820e-18	2.97889e-18
15187.40000	-2.33162e-18	3.26555e-18
15189.00000	4.11733e-19	2.37530e-18
15190.70000	5.28500e-19	1.20623e-18
15192.30000	-9.38630e-20	5.47614e-19
15193.90000	-6.14374e-19	4.91743e-19
15195.60000	-2.41940e-19	4.53653e-19
15197.20000	1.75476e-19	4.12548e-19
15198.80000	-2.73474e-20	4.14919e-19
15200.50000	-2.81054e-19	4.09830e-19
15202.10000	1.83938e-19	4.07088e-19
15203.70000	-1.38019e-20	4.06092e-19
15205.30000	5.65692e-19	4.16064e-19
15207.00000	4.58437e-19	4.13249e-19
15208.60000	-4.79419e-19	3.98399e-19
15210.20000	1.84044e-19	4.52293e-19
15211.90000	-3.23979e-19	4.57492e-19
15213.50000	-8.84670e-19	3.99082e-19
15215.10000	-2.67104e-19	3.91531e-19
15216.70000	5.07563e-19	3.89172e-19
15218.40000	6.03886e-19	3.85759e-19
15220.00000	-4.70376e-19	3.89427e-19
15221.60000	-1.39653e-18	4.03141e-19
15223.30000	-7.54106e-19	4.07612e-19
15224.90000	3.69105e-19	4.01089e-19
15226.50000	1.97333e-19	4.00770e-19
15228.10000	-5.47496e-19	4.13388e-19
15229.80000	-9.54090e-19	4.33736e-19
15231.40000	-5.05593e-19	4.52380e-19
15233.00000	8.50415e-20	4.70814e-19
15234.70000	3.45702e-19	5.36302e-19
15236.30000	2.45758e-18	8.56756e-19
15237.90000	2.90060e-18	2.37728e-18
15239.50000	2.26854e-18	5.04402e-18
15241.20000	-1.83074e-18	5.70584e-18
15242.80000	-5.33723e-19	4.18541e-18
15244.40000	-1.24984e-18	1.95661e-18
15246.10000	-5.83288e-19	7.15701e-19
15247.70000	7.51684e-19	4.94212e-19
15249.30000	-1.42883e-19	4.29402e-19
15251.00000	-4.24278e-19	3.97297e-19
15252.60000	-2.59591e-19	3.86001e-19
15254.20000	-1.86235e-19	3.73136e-19
15255.80000	-1.41552e-20	3.93822e-19
15257.50000	3.12364e-19	3.74370e-19
15259.10000	8.10370e-19	3.61500e-19
15260.70000	-3.95969e-19	3.64781e-19
15262.40000	-1.49154e-19	3.97799e-19
15264.00000	-3.65704e-19	4.39859e-19
15265.60000	-5.87401e-19	4.73784e-19
15267.20000	-9.67809e-19	5.00901e-19
15268.90000	-1.01972e-19	5.17185e-19
15270.50000	-3.65519e-20	4.94595e-19
15272.10000	-8.87589e-20	4.39537e-19
15273.80000	-2.25096e-19	3.93228e-19
15275.40000	-4.67801e-19	3.69197e-19
15277.00000	1.88580e-19	3.68054e-19
15278.60000	-3.58752e-19	3.87203e-19
15280.30000	-5.05849e-19	4.49983e-19
15281.90000	8.69961e-20	5.63117e-19
15283.50000	1.29476e-18	8.67862e-19
15285.20000	2.38726e-18	2.09721e-18
15286.80000	-2.33890e-19	3.23081e-18
15288.40000	3.43357e-19	3.24534e-18
15290.00000	-7.60471e-19	2.15664e-18
15291.70000	-2.12406e-18	9.69813e-19
15293.30000	-3.13057e-19	5.24770e-19
15294.90000	-2.32177e-19	4.12939e-19
15296.60000	-5.51038e-20	3.78097e-19
15298.20000	-8.23314e-20	3.70364e-19
15299.80000	-4.24138e-19	3.69481e-19
15301.40000	3.97276e-19	3.64657e-19
15303.10000	3.09386e-19	3.64476e-19
15304.70000	5.14177e-19	3.64297e-19
15306.30000	7.18314e-19	3.83580e-19
15308.00000	-5.93942e-19	4.77366e-19
15309.60000	-9.62234e-20	6.26649e-19
15311.20000	1.68049e-19	6.61095e-19
15312.90000	-1.04428e-19	5.57898e-19
15314.50000	2.36077e-19	4.39689e-19
15316.10000	-6.90276e-20	3.90909e-19
15317.70000	-5.57500e-19	3.86119e-19
15319.40000	1.00203e-19	3.84327e-19
15321.00000	-1.46410e-19	3.85059e-19
15322.60000	3.75729e-19	3.99331e-19
15324.30000	-3.12601e-19	4.37624e-19
15325.90000	9.60992e-19	5.28137e-19
15327.50000	1.80218e-18	8.40409e-19
15329.10000	8.88712e-20	2.92448e-18
15330.80000	-1.73939e-18	5.38082e-18
15332.40000	-2.04995e-18	6.06393e-18
15334.00000	4.50982e-18	4.67613e-18
15335.70000	5.30850e-18	2.33224e-18
15337.30000	-7.44348e-19	8.28127e-19
15338.90000	3.58936e-19	4.94106e-19
15340.50000	2.84782e-19	4.30462e-19
15342.20000	2.29517e-19	4.02110e-19
15343.80000	4.78374e-19	4.07319e-19
15345.40000	6.04727e-19	5.17103e-19
15347.10000	6.97410e-19	7.91937e-19
15348.70000	1.05065e-18	9.18159e-19
15350.30000	1.25771e-19	7.96123e-19
15351.90000	4.14166e-20	5.43070e-19
15353.60000	3.48669e-19	4.19999e-19
15355.20000	-3.42998e-19	4.05249e-19
15356.80000	6.28732e-20	3.98922e-19
15358.50000	-2.54942e-19	3.80092e-19
15360.10000	-1.64357e-19	3.80079e-19
15361.70000	2.60887e-19	4.22740e-19
15363.30000	-6.45859e-19	3.90884e-19
15365.00000	-3.34459e-19	2.50491e-18
15366.60000	-3.57098e-19	3.45999e-19
15368.20000	-8.26321e-19	3.44937e-19
15369.90000	2.58815e-19	4.11556e-19
15371.50000	1.60132e-19	5.53019e-19
15373.10000	-8.70324e-19	6.56031e-19
15374.80000	9.64157e-19	8.05983e-19
15376.40000	-2.79738e-19	9.66420e-19
15378.00000	1.22197e-19	8.24242e-19
15379.60000	-5.48012e-19	8.31316e-19
15381.30000	-3.72030e-19	4.94630e-19
15382.90000	-5.66193e-19	3.97221e-19
15384.50000	-8.78636e-20	4.55895e-19
15386.20000	3.30539e-19	6.10524e-19
15387.80000	-2.79890e-19	7.16675e-19
15389.40000	6.45458e-19	7.37783e-19
15391.00000	-2.79334e-18	8.75336e-19
15392.70000	-5.10570e-18	1.85406e-18
15394.30000	3.67819e-18	2.83944e-18
15395.90000	9.27163e-19	2.88198e-18
15397.60000	-5.71438e-19	1.89156e-18
15399.20000	2.89190e-19	8.18643e-19
15400.80000	-3.63638e-21	4.46055e-19
15402.40000	-8.68793e-19	4.77816e-19
15404.10000	-3.09635e-19	6.64504e-19
15405.70000	-2.95269e-19	7.84003e-19
15407.30000	-5.00027e-19	6.66114e-19
15409.00000	-1.89687e-20	6.12997e-19
15410.60000	-6.97800e-19	5.94641e-19
15412.20000	-8.76080e-20	5.73818e-19
15413.80000	-3.17310e-19	4.82102e-19
15415.50000	-9.58283e-19	4.13388e-19
15417.10000	-1.84788e-21	3.81214e-19
15418.70000	-8.34082e-19	3.78153e-19
15420.40000	-6.53215e-19	4.05746e-19
15422.00000	-7.43622e-19	4.62484e-19
15423.60000	2.76916e-19	5.13673e-19
15425.20000	3.82200e-19	5.64087e-19
15426.90000	6.07791e-19	7.73636e-19
15428.50000	-1.83197e-18	1.76697e-18
15430.10000	-5.59352e-18	3.81911e-18
15431.80000	-8.30145e-18	4.76373e-18
15433.40000	1.78196e-18	4.25768e-18
15435.00000	4.34027e-19	2.66184e-18
15436.70000	-7.51345e-19	1.04237e-18
15438.30000	-9.07988e-20	7.50666e-19
15439.90000	-4.45951e-19	6.55091e-19
15441.50000	-3.47395e-19	4.88246e-19
15443.20000	1.99729e-19	3.92527e-19
15444.80000	-6.13036e-20	3.70366e-19
15446.40000	-1.76863e-19	3.65998e-19
15448.10000	-4.78422e-19	3.62639e-19
15449.70000	1.31058e-19	3.71371e-19
15451.30000	9.61370e-19	3.73139e-19
15452.90000	3.14972e-19	3.59859e-19
15454.60000	1.07458e-19	3.59826e-19
15456.20000	-5.31618e-19	3.60784e-19
15457.80000	-2.81746e-19	4.11956e-19
15459.50000	4.94644e-19	6.68992e-19
15461.10000	8.12759e-19	9.22243e-19
15462.70000	8.18098e-19	9.48727e-19
15464.30000	1.17671e-18	7.09223e-19
15466.00000	2.75608e-19	5.33774e-19
15467.60000	4.31737e-19	4.95681e-19
15469.20000	3.26490e-19	4.81190e-19
15470.90000	4.96727e-19	5.25422e-19
15472.50000	2.54529e-19	6.84987e-19
15474.10000	1.19370e-18	8.97680e-19
15475.70000	6.91522e-19	7.23931e-19
15477.40000	3.02926e-19	4.75865e-19
15479.00000	-2.31716e-20	3.50179e-19
15480.60000	-3.48516e-19	3.21633e-19
15482.30000	-2.15683e-19	3.20510e-19
15483.90000	1.39121e-19	3.55933e-19
15485.50000	8.62174e-19	5.38866e-19
15487.10000	2.34096e-19	7.96482e-19
15488.80000	1.41181e-19	9.43231e-19
15490.40000	-6.58218e-21	7.35778e-19
15492.00000	-5.10096e-19	4.63483e-19
15493.70000	3.88802e-20	3.64098e-19
15495.30000	3.50064e-19	3.69335e-19
15496.90000	-1.28902e-19	5.50409e-19
15498.60000	8.11106e-20	1.12100e-18
15500.20000	2.45148e-19	1.54929e-18
15501.80000	1.28469e-18	1.47331e-18
15503.40000	1.67410e-18	9.50469e-19
15505.10000	2.37272e-19	6.70791e-19
15506.70000	-9.96824e-19	1.05742e-18
15508.30000	4.84644e-19	2.18830e-18
15510.00000	-1.06866e-18	2.51199e-18
15511.60000	-2.05977e-18	1.88827e-18
15513.20000	3.45527e-19	9.78870e-19
15514.80000	-1.48257e-19	8.66701e-19
15516.50000	-1.80239e-18	1.17851e-18
15518.10000	-2.04845e-19	1.25278e-18
15519.70000	-9.18706e-19	9.74489e-19
15521.40000	-4.78825e-19	6.14415e-19
15523.00000	7.25997e-20	5.22746e-19
15524.60000	3.98780e-20	4.62966e-19
15526.20000	3.11559e-19	4.82471e-19
15527.90000	2.86655e-20	3.66661e-19
15529.50000	-1.36491e-19	3.36345e-19
15531.10000	3.58917e-19	3.48864e-19
15532.80000	2.71435e-19	3.69938e-19
15534.40000	2.59404e-19	4.41308e-19
15536.00000	-3.03605e-20	7.58549e-19
15537.60000	-1.84103e-18	1.86337e-18
15539.30000	6.90104e-19	2.94395e-18
15540.90000	-4.58443e-19	3.07575e-18
15542.50000	-2.17706e-18	2.59514e-18
15544.20000	-1.93021e-18	2.62285e-18
15545.80000	1.28349e-18	3.17627e-18
15547.40000	8.72661e-19	2.58379e-18
15549.10000	-7.52665e-20	1.19864e-18
15550.70000	8.69389e-20	5.14703e-19
15552.30000	-2.49151e-20	3.80183e-19
15553.90000	3.05887e-19	3.51100e-19
15555.60000	-2.96783e-21	3.31899e-19
15557.20000	2.66228e-19	3.39772e-19
15558.80000	2.09470e-19	3.97707e-19
15560.50000	-4.11542e-19	4.67141e-19
15562.10000	5.39185e-19	4.96033e-19
15563.70000	-8.96055e-20	4.70456e-19
15565.30000	-1.85603e-19	4.87833e-19
15567.00000	2.15787e-19	7.79490e-19
15568.60000	-4.92150e-21	1.56735e-18
15570.20000	3.83076e-19	1.83687e-18
15571.90000	4.32180e-19	1.35322e-18
15573.50000	-5.72393e-19	7.56723e-19
15575.10000	5.41568e-20	4.84819e-19
15576.70000	-1.42610e-19	4.28177e-19
15578.40000	-6.11890e-19	4.60044e-19
15580.00000	-3.61246e-19	5.12701e-19
15581.60000	-3.01449e-19	5.13421e-19
15583.30000	-3.38834e-19	4.41108e-19
15584.90000	-3.22590e-20	3.70621e-19
15586.50000	5.37141e-19	3.46431e-19
15588.10000	-2.68310e-19	3.54058e-19
15589.80000	3.27822e-19	3.86263e-19
15591.40000	1.64617e-18	4.35512e-19
15593.00000	7.74941e-19	5.99072e-19
15594.70000	9.13911e-19	1.54883e-18
15596.30000	6.84660e-19	3.12894e-18
15597.90000	-1.46190e-18	3.41803e-18
15599.50000	-2.25161e-18	2.44338e-18
15601.20000	-4.16768e-19	1.02333e-18
15602.80000	3.75565e-21	5.28841e-19
15604.40000	9.77950e-20	3.81770e-19
15606.10000	6.45103e-20	3.34497e-19
15607.70000	4.95421e-20	3.26327e-19
15609.30000	5.05617e-19	3.66079e-19
15611.00000	3.26929e-19	4.82126e-19
15612.60000	2.49137e-19	5.83512e-19
15614.20000	-6.14707e-19	5.58279e-19
15615.80000	9.51322e-20	4.41657e-19
15617.50000	3.81324e-19	3.77344e-19
15619.10000	-1.07578e-19	3.82072e-19
15620.70000	-3.39331e-19	3.89897e-19
15622.40000	4.84631e-19	3.67722e-19
15624.00000	6.20368e-19	3.54351e-19
15625.60000	-1.26986e-19	3.88129e-19
15627.20000	-6.04225e-19	5.93874e-19
15628.90000	-1.74923e-18	1.53730e-18
15630.50000	-1.53666e-18	2.49726e-18
15632.10000	-1.66661e-18	2.49954e-18
15633.80000	-8.04555e-19	1.58384e-18
15635.40000	8.81378e-19	6.50010e-19
15637.00000	-9.58271e-21	4.11002e-19
15638.60000	2.55874e-20	4.28837e-19
15640.30000	1.82710e-20	4.71692e-19
15641.90000	-4.46123e-19	4.42613e-19
15643.50000	-1.81244e-19	3.94010e-19
15645.20000	-1.36892e-19	3.58699e-19
15646.80000	-4.88898e-19	3.57634e-19
15648.40000	-1.31460e-19	3.99365e-19
15650.00000	-1.61977e-20	5.85241e-19
15651.70000	-3.34407e-19	1.45972e-18
15653.30000	1.20347e-18	3.51201e-18
15654.90000	-4.23339e-18	4.13728e-18
15656.60000	-4.84933e-18	3.55696e-18
15658.20000	-2.36017e-18	2.12098e-18
15659.80000	-1.89947e-18	1.03672e-18
15661.40000	-1.10254e-18	5.17126e-19
15663.10000	-4.98451e-20	3.62917e-19
15664.70000	-2.68292e-19	3.31157e-19
15666.30000	-9.22684e-20	3.23274e-19
15668.00000	3.34160e-19	3.16229e-19
15669.60000	1.48605e-19	3.14194e-19
15671.20000	1.26742e-22	3.20059e-19
15672.90000	1.66376e-19	3.29209e-19
15674.50000	3.99141e-19	3.28359e-19
15676.10000	-1.84006e-19	3.29657e-19
15677.70000	-4.01973e-19	3.30565e-19
15679.40000	-5.08694e-19	3.32771e-19
15681.00000	-5.45018e-19	3.45896e-19
15682.60000	-4.03429e-19	3.78831e-19
15684.30000	7.67664e-20	3.92534e-19
15685.90000	-2.83837e-19	3.87894e-19
15687.50000	-3.39022e-20	3.73136e-19
15689.10000	1.04748e-19	3.62385e-19
15690.80000	-1.92400e-19	3.52175e-19
15692.40000	-4.54572e-19	3.78496e-19
15694.00000	-5.66476e-19	3.75285e-19
15695.70000	1.87374e-19	4.04618e-19
15697.30000	-2.90498e-19	5.26642e-19
15698.90000	1.39172e-19	8.74161e-19
15700.50000	7.89909e-20	1.86625e-18
15702.20000	-3.10390e-18	2.26519e-18
15703.80000	-5.73497e-18	1.92263e-18
15705.40000	-3.16694e-18	1.08251e-18
15707.10000	8.85790e-20	5.04053e-19
15708.70000	-2.11011e-19	4.03811e-19
15710.30000	3.13130e-19	5.22471e-19
15711.90000	1.64436e-19	3.95423e-19
15713.60000	-1.00555e-19	3.55427e-19
15715.20000	-1.20274e-19	3.21796e-19
15716.80000	-3.18090e-19	3.38132e-19
15718.50000	1.00668e-19	3.86338e-19
15720.10000	3.82123e-19	4.33246e-19
15721.70000	1.52892e-19	4.83990e-19
15723.30000	6.23924e-19	5.68568e-19
15725.00000	6.82148e-19	5.86154e-19
15726.60000	6.34204e-19	4.99991e-19
15728.20000	1.86622e-19	4.12860e-19
15729.90000	4.19021e-20	4.20801e-19
15731.50000	-4.74997e-19	4.70501e-19
15733.10000	-1.29936e-19	4.86604e-19
15734.80000	4.08484e-19	5.10023e-19
15736.40000	-3.44103e-19	5.02616e-19
15738.00000	-3.10474e-19	4.87006e-19
15739.60000	-4.57375e-19	4.63943e-19
15741.30000	1.14145e-19	3.88364e-19
15742.90000	5.63945e-20	3.53505e-19
15744.50000	2.75469e-19	4.47957e-19
15746.20000	-1.60419e-19	4.23611e-19
15747.80000	1.20538e-19	4.20627e-19
15749.40000	2.44553e-19	4.19747e-19
15751.00000	1.46734e-19	4.41579e-19
15752.70000	-9.41703e-20	4.32086e-19
15754.30000	-2.01095e-20	3.76374e-19
15755.90000	-1.28272e-19	3.76509e-19
15757.60000	-6.72882e-19	5.96066e-19
15759.20000	-7.04822e-19	8.90447e-19
15760.80000	-4.17434e-19	9.01497e-19
15762.40000	-2.09547e-19	7.20634e-19
15764.10000	8.06015e-20	5.62187e-19
15765.70000	-3.64948e-19	5.32109e-19
15767.30000	-3.22135e-19	4.92585e-19
15769.00000	3.05290e-19	4.07133e-19
15770.60000	1.17287e-19	3.45913e-19
15772.20000	-9.79998e-19	3.65926e-19
15773.80000	-6.46684e-19	4.14015e-19
15775.50000	-6.52640e-20	4.64538e-19
15777.10000	6.44391e-20	4.98488e-19
15778.70000	-1.77992e-18	7.29508e-19
15780.40000	-1.07658e-18	1.01846e-18
15782.00000	3.20503e-19	1.12040e-18
15783.60000	8.66350e-19	9.33282e-19
15785.20000	-1.13753e-19	6.28364e-19
15786.90000	-1.13911e-18	4.28765e-19
15788.50000	-5.82402e-19	3.71373e-19
15790.10000	-1.01985e-19	3.85044e-19
15791.80000	-4.13337e-19	4.38139e-19
15793.40000	5.57196e-20	4.74219e-19
15795.00000	8.82782e-20	4.32704e-19
15796.70000	-2.15955e-19	3.71538e-19
15798.30000	-1.28723e-19	3.61775e-19
15799.90000	-1.05739e-20	4.40408e-19
15801.50000	-7.48836e-19	6.36972e-19
15803.20000	-7.76840e-19	7.96526e-19
15804.80000	-1.11994e-18	8.08032e-19
15806.40000	2.58645e-19	8.47768e-19
15808.10000	-9.29391e-19	9.30553e-19
15809.70000	-1.22120e-22	8.38473e-19
15811.30000	-3.80360e-19	5.80634e-19
15812.90000	-2.77624e-19	3.93794e-19
15814.60000	-1.96461e-19	3.28446e-19
15816.20000	2.55200e-19	3.19591e-19
15817.80000	-5.14611e-20	3.27621e-19
15819.50000	-5.15875e-19	3.55350e-19
15821.10000	1.69595e-19	3.75699e-19
15822.70000	-1.41284e-19	4.00092e-19
15824.30000	-6.07820e-19	4.44829e-19
15826.00000	1.78180e-19	5.86897e-19
15827.60000	2.21511e-18	1.29114e-18
15829.20000	2.77549e-18	2.42914e-18
15830.90000	4.64719e-18	4.87318e-18
15832.50000	-7.36579e-18	6.56335e-18
15834.10000	-4.20905e-18	6.08924e-18
15835.70000	-8.35015e-18	3.36339e-18
15837.40000	-3.26256e-18	1.16634e-18
15839.00000	-9.69801e-19	7.89158e-19
15840.60000	-2.54542e-18	1.05657e-18
15842.30000	3.01886e-18	1.24196e-18
15843.90000	6.46936e-18	1.41921e-18
15845.50000	4.10803e-18	2.50311e-18
15847.20000	-2.21851e-18	3.63165e-18
15848.80000	-4.28143e-18	3.57969e-18
15850.40000	1.06453e-18	2.21813e-18
15852.00000	6.87302e-19	8.84279e-19
15853.70000	-7.17836e-19	5.11664e-19
15855.30000	9.86876e-20	4.46939e-19
15856.90000	1.35177e-19	4.25210e-19
15858.60000	4.95091e-19	4.62755e-19
15860.20000	-2.58218e-19	6.10586e-19
15861.80000	-1.01097e-18	7.59854e-19
15863.40000	-2.74321e-19	7.54578e-19
15865.10000	-2.68878e-19	8.45422e-19
15866.70000	-5.25244e-20	1.63966e-18
15868.30000	1.18964e-18	2.08207e-18
15870.00000	-4.67214e-19	2.23618e-18
15871.60000	1.23473e-19	1.55385e-18
15873.20000	6.78153e-19	8.54912e-19
15874.80000	1.77089e-19	6.14971e-19
15876.50000	5.97960e-19	5.25144e-19
15878.10000	-1.51343e-19	4.13418e-19
15879.70000	-4.85458e-19	3.61044e-19
15881.40000	1.20009e-19	3.83780e-19
15883.00000	-1.93397e-19	3.86850e-19
15884.60000	4.63346e-19	3.77661e-19
15886.20000	-2.99616e-19	4.15643e-19
15887.90000	6.72917e-20	5.95702e-19
15889.50000	-3.50085e-19	6.00823e-19
15891.10000	-4.65235e-19	5.92095e-19
15892.80000	-1.36625e-19	6.51653e-19
15894.40000	-1.61186e-18	9.52683e-19
15896.00000	1.76904e-19	1.19819e-18
15897.60000	1.22186e-18	1.15995e-18
15899.30000	-3.18127e-19	9.92281e-19
15900.90000	-2.58040e-19	7.12701e-19
15902.50000	-7.29529e-20	4.86953e-19
15904.20000	-1.22637e-19	3.79383e-19
15905.80000	-2.83850e-19	3.15044e-19
15907.40000	6.10668e-19	3.03447e-19
15909.10000	3.27292e-19	3.24346e-19
15910.70000	-5.20991e-19	3.72109e-19
15912.30000	-3.49557e-19	4.81429e-19
15913.90000	-3.40253e-19	6.07181e-19
15915.60000	3.47654e-19	6.94976e-19
15917.20000	1.01114e-19	6.53637e-19
15918.80000	-2.18474e-19	4.71963e-19
15920.50000	1.48524e-19	3.45802e-19
15922.10000	-2.26348e-19	3.35226e-19
15923.70000	-2.55327e-19	3.87167e-19
15925.30000	-4.59430e-19	4.14038e-19
15927.00000	-8.92878e-19	5.04842e-19
15928.60000	-6.75916e-19	5.93446e-19
15930.20000	2.02299e-19	5.10800e-19
15931.90000	-6.83329e-20	4.59647e-19
15933.50000	1.28450e-18	5.11685e-19
15935.10000	9.82666e-19	5.23196e-19
15936.70000	-5.25149e-19	4.07437e-19
15938.40000	-2.68125e-19	3.22885e-19
15940.00000	-4.41489e-19	3.04968e-19
15941.60000	-4.90020e-19	3.10000e-19
15943.30000	6.86588e-20	3.17445e-19
15944.90000	-3.88634e-19	3.24979e-19
15946.50000	3.74406e-20	3.40041e-19
15948.10000	3.20758e-19	3.74600e-19
15949.80000	1.50769e-19	3.43429e-19
15951.40000	1.60210e-22	3.10436e-19
15953.00000	-3.31131e-19	3.20347e-19
15954.70000	-1.50755e-19	3.24848e-19
15956.30000	2.48046e-19	3.18095e-19
15957.90000	1.25833e-19	3.45212e-19
15959.50000	3.19921e-20	3.02286e-19
15961.20000	-1.82737e-20	3.06421e-19
15962.80000	-9.26987e-19	4.61178e-19
15964.40000	-3.77234e-19	4.79637e-19
15966.10000	1.88220e-19	3.58886e-19
15967.70000	1.67324e-19	4.55947e-19
15969.30000	3.58413e-19	1.08322e-18
15971.00000	-7.95570e-19	2.55717e-18
15972.60000	5.46393e-19	2.97342e-18
15974.20000	-7.01118e-19	2.40043e-18
15975.80000	1.23861e-18	9.91743e-19
15977.50000	-3.77654e-19	4.51900e-19
15979.10000	6.57590e-19	3.73299e-19
15980.70000	-1.69327e-19	3.41739e-19
15982.40000	2.95645e-19	3.34341e-19
15984.00000	-1.48645e-19	3.29460e-19
15985.60000	-8.26992e-20	3.17087e-19
15987.20000	-5.48252e-19	3.02077e-19
15988.90000	-3.98689e-20	3.00196e-19
15990.50000	-1.32204e-19	3.04424e-19
15992.10000	4.04820e-20	3.07466e-19
15993.80000	1.41626e-19	3.10867e-19
15995.40000	-2.68769e-19	3.11219e-19
15997.00000	-2.17986e-19	3.12127e-19
15998.60000	-2.24150e-19	3.29293e-19
16000.30000	-1.89326e-19	3.13565e-19
16001.90000	7.76086e-20	3.08745e-19
16003.50000	9.84257e-20	3.04184e-19
16005.20000	-1.47458e-19	3.04446e-19
16006.80000	-9.60151e-20	3.05935e-19
16008.40000	6.99668e-19	3.13013e-19
16010.00000	1.10786e-18	3.26294e-19
16011.70000	3.57447e-19	3.54962e-19
16013.30000	9.96525e-20	3.66699e-19
16014.90000	-3.15931e-19	4.63051e-19
16016.60000	7.93157e-20	3.57634e-19
16018.20000	3.59659e-19	3.51740e-19
16019.80000	-2.97855e-20	3.52961e-19
16021.40000	-1.12540e-19	3.64143e-19
16023.10000	1.13927e-19	4.22344e-19
16024.70000	-2.39094e-19	5.45453e-19
16026.30000	8.02682e-19	8.81113e-19
16028.00000	-3.28636e-21	2.70345e-18
16029.60000	4.30617e-18	5.30999e-18
16031.20000	7.57225e-18	5.58868e-18
16032.90000	3.96827e-18	3.63752e-18
16034.50000	-2.31271e-18	1.14779e-18
16036.10000	-3.77623e-19	5.20397e-19
16037.70000	9.53014e-19	4.42305e-19
16039.40000	-3.91753e-19	4.97723e-19
16041.00000	3.90267e-19	5.96682e-19
16042.60000	8.73568e-21	6.20752e-19
16044.30000	-4.36781e-19	5.38887e-19
16045.90000	1.56413e-20	4.25735e-19
16047.50000	3.50958e-19	3.50395e-19
16049.10000	-9.90163e-21	3.62376e-19
16050.80000	3.00835e-19	5.24384e-19
16052.40000	5.19812e-20	5.49247e-19
16054.00000	-1.55706e-19	3.86683e-19
16055.70000	-6.00039e-19	5.03466e-19
16057.30000	-1.27907e-18	5.46175e-19
16058.90000	-3.89888e-19	5.68831e-19
16060.50000	-2.70229e-19	5.36202e-19
16062.20000	-3.09953e-19	4.14980e-19
16063.80000	4.68950e-19	3.78514e-19
16065.40000	6.82748e-19	4.10115e-19
16067.10000	5.59116e-19	4.30585e-19
16068.70000	5.05972e-19	4.15895e-19
16070.30000	3.25129e-19	4.21188e-19
16071.90000	4.72017e-19	5.16361e-19
16073.60000	3.38622e-19	5.51460e-19
16075.20000	2.02561e-19	6.73991e-19
16076.80000	-4.83617e-19	1.56428e-18
16078.50000	-5.02510e-20	3.15942e-18
16080.10000	-2.34241e-18	3.36258e-18
16081.70000	1.25688e-18	2.19837e-18
16083.30000	1.32265e-19	7.94265e-19
16085.00000	-6.85081e-19	4.26727e-19
16086.60000	9.26780e-20	3.74422e-19
16088.20000	-2.92428e-19	3.61148e-19
16089.90000	-6.22992e-19	3.62920e-19
16091.50000	-3.24657e-19	3.80623e-19
16093.10000	2.81154e-19	3.91794e-19
16094.80000	2.65799e-19	4.20856e-19
16096.40000	-1.47503e-19	4.67982e-19
16098.00000	-1.45258e-20	4.63014e-19
16099.60000	1.35933e-19	4.03788e-19
16101.30000	-2.75656e-19	3.56805e-19
16102.90000	-2.06500e-20	3.50974e-19
16104.50000	1.46999e-20	3.53077e-19
16106.20000	-2.68553e-19	3.43733e-19
16107.80000	-3.44092e-20	3.35339e-19
16109.40000	9.05187e-20	3.43751e-19
16111.00000	2.54010e-19	3.46985e-19
16112.70000	7.27055e-19	3.40584e-19
16114.30000	1.74665e-18	3.64339e-19
16115.90000	1.21488e-18	4.67217e-19
16117.60000	7.08249e-19	6.32127e-19
16119.20000	1.40233e-18	6.67494e-19
16120.80000	6.27667e-19	5.87927e-19
16122.40000	1.64147e-18	5.48159e-19
16124.10000	-2.62335e-18	7.94277e-19
16125.70000	1.93823e-18	2.55308e-18
16127.30000	1.93314e-17	5.33426e-18
16129.00000	5.45695e-18	5.56676e-18
16130.60000	-5.63462e-19	3.59061e-18
16132.20000	1.94306e-18	1.17727e-18
16133.80000	4.53092e-19	5.63466e-19
16135.50000	3.91103e-19	4.33687e-19
16137.10000	-2.41128e-19	4.15592e-19
16138.70000	-2.07326e-19	4.35745e-19
16140.40000	-1.22308e-18	4.35686e-19
16142.00000	-3.48406e-19	3.44881e-19
16143.60000	-4.36006e-19	3.36777e-19
16145.20000	-3.88725e-19	3.31228e-19
16146.90000	-2.73619e-20	3.26692e-19
16148.50000	3.92434e-21	3.27381e-19
16150.10000	-2.11583e-19	3.86454e-19
16151.80000	-3.66961e-19	5.20180e-19
16153.40000	7.94391e-20	4.55584e-19
16155.00000	3.17389e-19	3.76736e-19
16156.70000	6.64726e-19	5.12242e-19
16158.30000	2.02871e-19	7.96366e-19
16159.90000	-7.91438e-20	8.40022e-19
16161.50000	-5.77571e-19	6.15559e-19
16163.20000	-2.21525e-19	3.94142e-19
16164.80000	2.33838e-19	3.36765e-19
16166.40000	1.97807e-19	3.37727e-19
16168.10000	4.77042e-19	3.59111e-19
16169.70000	1.30131e-19	3.93298e-19
16171.30000	-6.47255e-20	4.63041e-19
16172.90000	1.47521e-19	4.40432e-19
16174.60000	2.86287e-19	3.82687e-19
16176.20000	3.32648e-19	3.61001e-19
16177.80000	1.37084e-19	3.62015e-19
16179.50000	2.71085e-19	3.82218e-19
16181.10000	-3.38224e-19	3.36712e-19
16182.70000	-2.00915e-19	3.53444e-19
16184.30000	-1.18547e-19	3.53682e-19
16186.00000	-3.20309e-19	3.61894e-19
16187.60000	-6.25021e-20	3.92920e-19
16189.20000	-2.67841e-19	4.53567e-19
16190.90000	-6.40878e-19	7.20085e-19
16192.50000	-1.58231e-18	2.06526e-18
16194.10000	1.37526e-18	2.89549e-18
16195.70000	1.12680e-18	2.57133e-18
16197.40000	-1.25643e-18	1.18387e-18
16199.00000	-9.66408e-19	5.22029e-19
16200.60000	-6.64599e-19	3.77848e-19
16202.30000	2.92240e-19	3.60231e-19
16203.90000	1.83877e-19	3.51787e-19
16205.50000	-1.48975e-19	3.93536e-19
16207.20000	-1.43341e-18	4.96858e-19
16208.80000	-1.44506e-18	5.79595e-19
16210.40000	-8.57393e-19	5.88489e-19
16212.00000	5.95581e-20	5.09547e-19
16213.70000	8.50105e-20	4.08794e-19
16215.30000	-3.29450e-19	3.49679e-19
16216.90000	-3.49500e-21	3.56606e-19
16218.60000	-2.31142e-19	4.66607e-19
16220.20000	1.61920e-19	6.58956e-19
16221.80000	6.21228e-19	7.52694e-19
16223.40000	8.76601e-19	6.98503e-19
16225.10000	-1.11420e-19	6.00147e-19
16226.70000	-1.31458e-19	6.11625e-19
16228.30000	1.07720e-19	7.32132e-19
16230.00000	9.76177e-19	8.45189e-19
16231.60000	2.01364e-18	1.28578e-18
16233.20000	-2.21088e-18	3.18228e-18
16234.80000	-7.12576e-18	4.49589e-18
16236.50000	1.92405e-18	3.97255e-18
16238.10000	3.35491e-18	1.90314e-18
16239.70000	5.25740e-19	6.71788e-19
16241.40000	1.27157e-19	4.51580e-19
16243.00000	2.31403e-19	5.10198e-19
16244.60000	5.80191e-19	6.78779e-19
16246.20000	5.35884e-19	7.07983e-19
16247.90000	-1.25519e-19	5.49280e-19
16249.50000	-1.95935e-19	4.57786e-19
16251.10000	-4.82772e-20	5.12139e-19
16252.80000	-8.16934e-20	5.51799e-19
16254.40000	-2.29982e-19	4.95692e-19
16256.00000	-4.18825e-19	4.24554e-19
16257.60000	4.89871e-19	4.25351e-19
16259.30000	6.97175e-19	4.33408e-19
16260.90000	-2.80522e-21	4.02443e-19
16262.50000	-3.69113e-20	3.73991e-19
16264.20000	5.88665e-19	3.83733e-19
16265.80000	4.65918e-19	4.06532e-19
16267.40000	1.44543e-20	4.84730e-19
16269.10000	-5.07432e-19	7.00769e-19
16270.70000	-4.34227e-19	7.39709e-19
16272.30000	-8.08093e-20	5.43227e-19
16273.90000	6.51254e-20	3.70122e-19
16275.60000	3.93120e-19	3.63745e-19
16277.20000	3.35508e-19	4.77839e-19
16278.80000	4.56744e-19	6.45565e-19
16280.50000	-5.72870e-19	5.88615e-19
16282.10000	-2.66672e-19	4.36852e-19
16283.70000	-2.48459e-19	3.54393e-19
16285.30000	-6.18470e-19	3.35465e-19
16287.00000	-4.10015e-19	3.36287e-19
16288.60000	4.92495e-20	3.34384e-19
16290.20000	1.00907e-19	3.31226e-19
16291.90000	2.54645e-19	3.28257e-19
16293.50000	6.25709e-19	3.20471e-19
16295.10000	7.41001e-19	3.15139e-19
16296.70000	5.38749e-20	3.27596e-19
16298.40000	1.87393e-19	4.12972e-19
16300.00000	4.01315e-19	6.80712e-19
16301.60000	-1.15810e-18	9.78963e-19
16303.30000	-5.52447e-19	9.72080e-19
16304.90000	-5.83114e-20	8.46127e-19
16306.50000	-6.41262e-19	8.74664e-19
16308.10000	-3.83824e-19	9.04325e-19
16309.80000	-4.33303e-19	6.44022e-19
16311.40000	-6.18066e-19	4.72566e-19
16313.00000	-3.07234e-19	6.52002e-19
16314.70000	-3.44694e-19	1.44284e-18
16316.30000	-1.73190e-19	2.21715e-18
16317.90000	5.63248e-19	2.10337e-18
16319.50000	6.08877e-19	1.13608e-18
16321.20000	-1.30096e-19	4.69380e-19
16322.80000	7.43022e-19	3.46287e-19
16324.40000	3.64599e-20	3.39377e-19
16326.10000	-2.36089e-19	3.39634e-19
16327.70000	-5.33457e-19	3.23643e-19
16329.30000	-6.75158e-20	3.18127e-19
16331.00000	-1.30008e-19	3.14778e-19
16332.60000	1.97171e-19	3.15737e-19
16334.20000	-1.16719e-20	3.21879e-19
16335.80000	1.53593e-20	3.47065e-19
16337.50000	-5.19302e-19	4.88278e-19
16339.10000	-4.89071e-19	9.46571e-19
16340.70000	-1.44963e-18	1.49354e-18
16342.40000	-1.46084e-20	1.50093e-18
16344.00000	-2.78082e-19	1.00647e-18
16345.60000	2.38004e-19	7.20108e-19
16347.20000	2.16416e-18	1.01463e-18
16348.90000	1.92709e-18	2.13530e-18
16350.50000	-3.07122e-19	3.07855e-18
16352.10000	-3.08138e-18	2.97449e-18
16353.80000	-2.17844e-18	1.81944e-18
16355.40000	-1.44547e-18	8.04345e-19
16357.00000	6.08352e-19	7.33356e-19
16358.60000	1.75723e-18	1.06418e-18
16360.30000	-5.21638e-20	1.22885e-18
16361.90000	-2.32538e-19	1.11885e-18
16363.50000	1.03976e-18	8.87429e-19
16365.20000	7.60901e-19	7.56761e-19
16366.80000	1.75492e-19	6.10349e-19
16368.40000	4.89491e-19	5.19545e-19
16370.00000	7.94135e-19	5.19974e-19
16371.70000	8.19272e-19	4.91713e-19
16373.30000	3.66625e-19	4.56265e-19
16374.90000	-4.04184e-19	3.72430e-19
16376.60000	3.14290e-19	3.19181e-19
16378.20000	-3.17459e-21	3.27419e-19
16379.80000	-3.92474e-19	4.31976e-19
16381.40000	3.42677e-19	3.59933e-19
16383.10000	-5.66729e-20	3.73655e-19
16384.70000	1.32596e-18	6.96763e-19
16386.30000	1.64686e-18	1.65817e-18
16388.00000	4.19144e-19	2.36186e-18
16389.60000	1.39435e-19	2.36261e-18
16391.20000	4.75750e-19	1.09018e-18
16392.90000	-2.64266e-19	4.75631e-19
16394.50000	2.31676e-19	4.64528e-19
16396.10000	5.20714e-19	5.43972e-19
16397.70000	2.15693e-19	5.05177e-19
16399.40000	-3.56306e-20	3.98787e-19
16401.00000	3.75932e-19	3.44490e-19
16402.60000	-2.29391e-22	3.27081e-19
16404.30000	-5.34214e-19	3.16925e-19
16405.90000	-8.73806e-19	3.49799e-19
16407.50000	-9.90191e-19	4.42779e-19
16409.10000	-1.07682e-18	4.95972e-19
16410.80000	-1.03853e-18	5.73241e-19
16412.40000	-3.52103e-20	1.10882e-18
16414.00000	1.51719e-20	1.63762e-18
16415.70000	8.28085e-19	1.55694e-18
16417.30000	-1.42035e-18	8.30275e-19
16418.90000	-6.63038e-20	3.94821e-19
16420.50000	5.81539e-21	3.38649e-19
16422.20000	1.74877e-19	3.15461e-19
16423.80000	3.33462e-19	3.13417e-19
16425.40000	1.92501e-19	3.24865e-19
16427.10000	2.46480e-19	3.27783e-19
16428.70000	2.14845e-19	3.47076e-19
16430.30000	3.82192e-19	3.41924e-19
16431.90000	-2.00548e-19	3.42903e-19
16433.60000	2.77569e-19	3.50247e-19
16435.20000	4.21288e-19	3.84242e-19
16436.80000	6.31044e-19	5.21482e-19
16438.50000	4.31903e-19	9.88699e-19
16440.10000	-2.41640e-18	2.51882e-18
16441.70000	2.24671e-18	3.37142e-18
16443.30000	9.39440e-20	3.00236e-18
16445.00000	2.14780e-20	1.87043e-18
16446.60000	9.98259e-19	1.58060e-18
16448.20000	1.49666e-19	1.49413e-18
16449.90000	1.91667e-18	9.65391e-19
16451.50000	1.32183e-18	5.26870e-19
16453.10000	-1.17689e-20	4.64024e-19
16454.80000	-4.40378e-19	4.69651e-19
16456.40000	4.57503e-19	4.65601e-19
16458.00000	1.30939e-20	4.77816e-19
16459.60000	-3.77326e-20	4.48958e-19
16461.30000	-2.01855e-19	3.98739e-19
16462.90000	-5.93906e-19	3.45810e-19
16464.50000	-7.67031e-19	3.21466e-19
16466.20000	-1.94238e-19	3.32347e-19
16467.80000	-7.79043e-19	3.57579e-19
16469.40000	-5.68031e-19	3.39171e-19
16471.00000	-4.46410e-19	4.86500e-19
16472.70000	-1.83742e-19	8.45638e-19
16474.30000	-1.31296e-18	1.52581e-18
16475.90000	1.28989e-18	2.21366e-18
16477.60000	-1.86871e-18	2.69044e-18
16479.20000	-3.99914e-18	2.45996e-18
16480.80000	-2.26896e-18	1.62609e-18
16482.40000	-4.74061e-19	6.83194e-19
16484.10000	-4.04095e-19	4.05809e-19
16485.70000	-7.39215e-20	3.53240e-19
16487.30000	-1.34472e-19	3.29466e-19
16489.00000	3.47259e-19	3.23644e-19
16490.60000	5.37423e-19	3.24709e-19
16492.20000	4.04763e-19	3.24622e-19
16493.80000	4.09544e-19	3.32401e-19
16495.50000	-1.65722e-19	3.66088e-19
16497.10000	3.78401e-19	4.81403e-19
16498.70000	2.48088e-18	8.69368e-19
16500.40000	5.02133e-18	2.68614e-18
16502.00000	2.74847e-18	3.62864e-18
16503.60000	-3.99556e-19	3.11539e-18
16505.20000	-2.95035e-19	1.32182e-18
16506.90000	-8.19734e-19	5.20744e-19
16508.50000	6.84591e-19	3.72249e-19
16510.10000	-2.45046e-19	3.50090e-19
16511.80000	1.77157e-20	3.50467e-19
16513.40000	-1.30120e-19	3.18218e-19
16515.00000	4.45396e-21	3.12331e-19
16516.70000	3.42861e-19	3.15202e-19
16518.30000	1.63578e-19	3.23742e-19
16519.90000	1.66061e-20	3.23523e-19
16521.50000	1.04130e-19	3.18690e-19
16523.20000	3.78321e-19	3.12948e-19
16524.80000	3.48602e-19	3.47142e-19
16526.40000	-8.99422e-20	4.53051e-19
16528.10000	-2.01646e-18	6.71411e-19
16529.70000	-4.99526e-19	5.96702e-19
16531.30000	-5.34888e-19	5.56381e-19
16532.90000	-6.60960e-20	4.37511e-19
16534.60000	1.25791e-19	3.49988e-19
16536.20000	-4.31190e-19	4.15815e-19
16537.80000	-3.46601e-20	5.57244e-19
16539.50000	-7.73157e-19	5.67397e-19
16541.10000	-2.54464e-19	5.57339e-19
16542.70000	-1.97094e-19	4.94228e-19
16544.30000	-9.27824e-19	4.60648e-19
16546.00000	-4.01148e-19	3.71948e-19
16547.60000	-2.97013e-19	3.29493e-19
16549.20000	1.05971e-19	3.86287e-19
16550.90000	-1.73116e-19	9.17120e-19
16552.50000	-6.65529e-19	1.95419e-18
16554.10000	1.62199e-18	2.11845e-18
16555.70000	1.18046e-18	1.44746e-18
16557.40000	1.91336e-19	7.38512e-19
16559.00000	-7.28506e-19	5.43637e-19
16560.60000	-2.64132e-19	4.56659e-19
16562.30000	9.14686e-19	3.53919e-19
16563.90000	4.67329e-19	3.19918e-19
16565.50000	2.63029e-19	3.07827e-19
16567.20000	7.36700e-20	3.08646e-19
16568.80000	-4.12786e-19	3.06986e-19
16570.40000	1.60238e-19	3.02950e-19
16572.00000	-4.16976e-19	2.90538e-19
16573.70000	-9.11246e-20	3.10316e-19
16575.30000	2.28710e-19	3.02378e-19
16576.90000	-2.22468e-20	3.23215e-19
16578.60000	-1.72309e-19	3.19887e-19
16580.20000	1.22391e-19	3.02636e-19
16581.80000	1.16695e-19	3.37642e-19
16583.40000	4.26174e-19	5.69427e-19
16585.10000	-3.32044e-21	8.95298e-19
16586.70000	-3.77462e-20	9.40886e-19
16588.30000	6.18118e-19	6.85256e-19
16590.00000	-4.09467e-19	3.98048e-19
16591.60000	6.33906e-20	3.11152e-19
16593.20000	1.49004e-19	3.06185e-19
16594.80000	1.73088e-18	3.16012e-19
16596.50000	2.62591e-18	3.78334e-19
16598.10000	4.27409e-18	3.61198e-19
16599.70000	6.71449e-18	3.13203e-19
16601.40000	5.34579e-18	3.20365e-19
16603.00000	3.61481e-18	3.21361e-19
16604.60000	2.07018e-18	3.21616e-19
16606.20000	2.18732e-19	3.86137e-19
16607.90000	-1.03231e-18	7.22292e-19
16609.50000	8.12610e-20	1.05432e-18
16611.10000	1.40637e-18	1.15370e-18
16612.80000	4.94072e-19	9.81597e-19
16614.40000	-5.26410e-19	5.79942e-19
16616.00000	-1.25708e-20	3.50131e-19
16617.60000	-6.60483e-19	3.09761e-19
16619.30000	-4.71605e-20	3.04441e-19
16620.90000	-2.91601e-19	3.00323e-19
16622.50000	-2.30500e-19	2.99908e-19
16624.20000	-1.86005e-19	3.02675e-19
16625.80000	-7.67141e-21	2.99861e-19
16627.40000	-5.54212e-20	3.05574e-19
16629.10000	4.29299e-20	2.98233e-19
16630.70000	-3.77913e-20	2.89834e-19
16632.30000	-2.11157e-19	3.10548e-19
16633.90000	2.96631e-19	3.31160e-19
16635.60000	2.35722e-19	3.75991e-19
16637.20000	5.16541e-19	3.55805e-19
16638.80000	3.18171e-19	3.38113e-19
16640.50000	7.11308e-20	3.16697e-19
16642.10000	-2.73995e-19	2.97368e-19
16643.70000	4.02480e-20	2.92868e-19
16645.30000	-1.89459e-19	2.90926e-19
16647.00000	-3.75760e-19	2.93586e-19
16648.60000	-1.17317e-19	2.93047e-19
16650.20000	4.64654e-20	3.00474e-19
16651.90000	-1.36486e-19	3.38328e-19
16653.50000	-1.12689e-19	3.88231e-19
16655.10000	7.76492e-20	4.04478e-19
16656.70000	1.26508e-19	4.09899e-19
16658.40000	-5.27671e-19	4.95736e-19
16660.00000	-4.18817e-19	5.18154e-19
16661.60000	-4.67024e-20	4.35897e-19
16663.30000	-5.74327e-20	3.64474e-19
16664.90000	3.32830e-19	3.58729e-19
16666.50000	-6.53051e-20	3.68633e-19
16668.10000	-8.91469e-19	3.50195e-19
16669.80000	-3.58138e-19	3.18318e-19
16671.40000	3.14587e-19	3.03659e-19
16673.00000	9.33939e-20	3.02307e-19
16674.70000	8.28814e-20	3.09712e-19
16676.30000	-2.40411e-19	3.11307e-19
16677.90000	-1.88564e-19	3.15146e-19
16679.50000	8.11205e-20	3.22990e-19
16681.20000	-1.64210e-19	3.36586e-19
16682.80000	-1.96260e-19	3.65050e-19
16684.40000	-8.43291e-20	4.47214e-19
16686.10000	4.37138e-19	8.12733e-19
16687.70000	3.51112e-19	1.79703e-18
16689.30000	7.36189e-19	3.02843e-18
16691.00000	-5.24851e-18	5.47613e-18
16692.60000	5.12139e-18	5.81710e-18
16694.20000	6.14360e-18	3.80666e-18
16695.80000	-1.18501e-18	1.41790e-18
16697.50000	-7.41202e-20	6.60865e-19
16699.10000	-6.56173e-19	6.32670e-19
16700.70000	2.73958e-19	9.37146e-19
16702.40000	-1.15738e-18	1.13150e-18
16704.00000	2.41150e-19	1.11502e-18
16705.60000	8.78227e-19	1.50237e-18
16707.20000	6.34755e-20	2.98918e-18
16708.90000	2.21962e-18	3.44776e-18
16710.50000	-4.87694e-19	2.58646e-18
16712.10000	-1.99999e-18	1.24074e-18
16713.80000	6.98828e-20	5.83690e-19
16715.40000	-4.95819e-19	4.88332e-19
16717.00000	-1.31538e-20	5.91879e-19
16718.60000	-4.04849e-20	6.34772e-19
16720.30000	4.39368e-19	6.52693e-19
16721.90000	-7.02120e-19	6.60646e-19
16723.50000	-2.47945e-19	7.67970e-19
16725.20000	-8.32516e-19	7.60339e-19
16726.80000	2.29521e-19	6.14083e-19
16728.40000	5.53745e-19	7.42345e-19
16730.00000	-1.94744e-18	1.37915e-18
16731.70000	-2.27158e-18	1.92983e-18
16733.30000	-1.92992e-18	1.92600e-18
16734.90000	-1.60422e-18	1.34165e-18
16736.60000	-1.40794e-19	7.00614e-19
16738.20000	-4.10762e-20	4.21349e-19
16739.80000	5.28326e-19	3.28498e-19
16741.40000	5.23735e-19	3.21164e-19
16743.10000	2.43068e-19	3.13275e-19
16744.70000	-4.08241e-19	3.11994e-19
16746.30000	-4.85214e-19	3.14740e-19
16748.00000	1.47340e-19	3.30229e-19
16749.60000	-2.63878e-19	3.60272e-19
16751.20000	-1.10034e-19	4.92950e-19
16752.90000	4.88493e-19	7.31652e-19
16754.50000	1.12229e-18	8.92953e-19
16756.10000	7.39081e-20	8.35552e-19
16757.70000	-1.33036e-19	6.58846e-19
16759.40000	5.70561e-19	6.92286e-19
16761.00000	1.30925e-18	8.39539e-19
16762.60000	2.16963e-18	9.75668e-19
16764.30000	2.84771e-18	9.59082e-19
16765.90000	6.54861e-19	8.40671e-19
16767.50000	-1.33461e-19	5.41509e-19
16769.10000	1.16057e-20	3.55053e-19
16770.80000	-2.08279e-19	3.25978e-19
16772.40000	-2.42964e-19	3.40381e-19
16774.00000	-2.11950e-20	3.28917e-19
16775.70000	-1.15856e-19	3.12058e-19
16777.30000	2.21281e-19	3.02457e-19
16778.90000	1.42585e-20	2.95567e-19
16780.50000	1.34251e-19	3.16737e-19
16782.20000	-4.53572e-19	3.21449e-19
16783.80000	-2.83258e-19	3.04250e-19
16785.40000	-6.15063e-19	3.23207e-19
16787.10000	-3.16678e-20	3.08225e-19
16788.70000	3.10439e-19	3.02030e-19
16790.30000	1.68489e-19	3.08690e-19
16791.90000	5.53202e-20	3.51030e-19
16793.60000	3.13269e-19	3.73873e-19
16795.20000	5.45555e-19	3.70804e-19
16796.80000	4.55232e-20	4.30088e-19
16798.50000	1.90904e-19	5.15779e-19
16800.10000	3.90524e-19	5.08492e-19
16801.70000	-2.35419e-19	4.72698e-19
16803.30000	-4.44753e-19	4.96684e-19
16805.00000	-9.51019e-20	5.14432e-19
16806.60000	2.85352e-19	4.46116e-19
16808.20000	-9.54041e-19	3.42599e-19
16809.90000	-2.98582e-19	3.11202e-19
16811.50000	-4.17843e-19	3.10049e-19
16813.10000	1.21402e-19	3.13361e-19
16814.80000	-2.51861e-19	3.12530e-19
16816.40000	-1.52485e-19	3.14314e-19
16818.00000	-2.66162e-19	3.20114e-19
16819.60000	-1.95664e-19	3.21035e-19
16821.30000	-1.27010e-19	3.17589e-19
16822.90000	8.03252e-20	3.14692e-19
16824.50000	2.20258e-19	3.13204e-19
16826.20000	-5.08579e-20	3.18721e-19
16827.80000	-7.18360e-20	3.21654e-19
16829.40000	2.02698e-19	3.18071e-19
16831.00000	-1.60757e-19	3.21661e-19
16832.70000	-6.53152e-20	3.30309e-19
16834.30000	-2.43231e-19	3.47960e-19
16835.90000	3.45907e-21	4.46114e-19
16837.60000	7.04188e-19	1.16824e-18
16839.20000	1.11064e-18	2.47606e-18
16840.80000	-3.24985e-18	2.68582e-18
16842.40000	1.41110e-18	1.85866e-18
16844.10000	1.04461e-18	8.47051e-19
16845.70000	-5.27823e-19	4.61495e-19
16847.30000	-5.65764e-19	3.67102e-19
16849.00000	-4.76612e-19	3.35521e-19
16850.60000	-2.61931e-19	3.54225e-19
16852.20000	5.38004e-21	3.74622e-19
16853.80000	-8.29841e-19	3.66295e-19
16855.50000	-2.37538e-19	3.29973e-19
16857.10000	9.89366e-21	3.11699e-19
16858.70000	-6.91836e-19	3.09218e-19
16860.40000	-3.20176e-20	3.11900e-19
16862.00000	2.82155e-19	3.20531e-19
16863.60000	5.37513e-19	3.20906e-19
16865.20000	2.83033e-19	3.17061e-19
16866.90000	-1.60305e-20	3.13650e-19
16868.50000	1.50977e-20	3.76884e-19
16870.10000	3.44315e-19	3.94115e-19
16871.80000	2.34258e-19	4.06794e-19
16873.40000	3.33139e-19	3.96284e-19
16875.00000	-5.62206e-19	4.49130e-19
16876.70000	1.69673e-19	4.67302e-19
16878.30000	1.87136e-21	4.26741e-19
16879.90000	-1.09000e-19	3.68122e-19
16881.50000	-2.21311e-20	3.88606e-19
16883.20000	6.32047e-19	3.99697e-19
16884.80000	8.09355e-19	3.83944e-19
16886.40000	4.94247e-19	4.18893e-19
16888.10000	5.40112e-19	5.37783e-19
16889.70000	5.59812e-19	6.15482e-19
16891.30000	1.58560e-19	5.49075e-19
16892.90000	4.71508e-20	4.41854e-19
16894.60000	3.16815e-19	4.25065e-19
16896.20000	2.80289e-19	4.97241e-19
16897.80000	-7.84414e-20	6.22249e-19
16899.50000	-1.39323e-18	9.28063e-19
16901.10000	7.82298e-19	2.83328e-18
16902.70000	6.14817e-18	5.04460e-18
16904.30000	1.02484e-18	5.07435e-18
16906.00000	1.27077e-18	2.98585e-18
16907.60000	7.09092e-19	1.42886e-18
16909.20000	9.46311e-22	8.99333e-19
16910.90000	5.66319e-19	6.99800e-19
16912.50000	6.05492e-19	5.72157e-19
16914.10000	3.50804e-19	4.87079e-19
16915.70000	-6.70399e-20	4.13807e-19
16917.40000	1.22012e-19	3.42187e-19
16919.00000	5.23086e-19	3.17503e-19
16920.60000	2.74957e-19	3.05763e-19
16922.30000	2.49035e-19	3.03691e-19
16923.90000	-1.76753e-19	3.11788e-19
16925.50000	-2.90743e-19	3.17717e-19
16927.20000	-1.10491e-19	3.14908e-19
16928.80000	-2.96604e-19	3.07488e-19
16930.40000	-2.41032e-19	3.06427e-19
16932.00000	1.60967e-19	3.08475e-19
16933.70000	1.69786e-19	3.04261e-19
16935.30000	-5.30709e-19	3.01572e-19
16936.90000	-1.09769e-19	2.99411e-19
16938.60000	-3.49688e-19	3.01783e-19
16940.20000	9.97129e-20	3.02688e-19
16941.80000	-2.33654e-20	3.17992e-19
16943.40000	2.89597e-20	3.63634e-19
16945.10000	-4.01415e-19	4.15557e-19
16946.70000	4.82209e-19	4.25749e-19
16948.30000	1.42270e-19	3.58813e-19
16950.00000	2.42097e-19	4.12263e-19
16951.60000	5.68420e-19	8.69739e-19
16953.20000	1.24248e-18	2.57659e-18
16954.80000	-2.97266e-19	3.14704e-18
16956.50000	3.60262e-18	2.57256e-18
16958.10000	-3.28289e-19	1.17443e-18
16959.70000	-3.83880e-19	5.62904e-19
16961.40000	5.66225e-19	3.74040e-19
16963.00000	-7.49213e-20	3.26541e-19
16964.60000	2.10797e-20	3.12950e-19
16966.20000	2.74714e-20	3.05793e-19
16967.90000	-3.32727e-19	3.09784e-19
16969.50000	4.69335e-19	3.17207e-19
16971.10000	1.81894e-19	3.18966e-19
16972.80000	1.51502e-19	3.15596e-19
16974.40000	-3.00027e-21	3.16789e-19
16976.00000	-4.17083e-20	3.16174e-19
16977.60000	-2.26884e-19	3.07124e-19
16979.30000	-4.90482e-20	3.01651e-19
16980.90000	-1.47511e-19	2.96847e-19
16982.50000	-1.85650e-19	3.08983e-19
16984.20000	3.32312e-19	3.31578e-19
16985.80000	1.04607e-19	3.46641e-19
16987.40000	-5.66431e-19	3.93591e-19
16989.10000	-8.15779e-19	4.54124e-19
16990.70000	-5.43907e-19	4.23793e-19
16992.30000	-3.44086e-19	3.74346e-19
16993.90000	-8.46754e-20	3.40987e-19
16995.60000	5.13112e-20	3.63243e-19
16997.20000	-4.60171e-19	3.70803e-19
16998.80000	-7.04527e-19	3.60160e-19
17000.50000	-4.57324e-19	3.71623e-19
17002.10000	2.63640e-19	4.19254e-19
17003.70000	-3.80855e-19	5.61047e-19
17005.30000	2.57168e-18	1.51124e-18
17007.00000	-4.16929e-18	4.43309e-18
17008.60000	-3.23827e-18	5.72057e-18
17010.20000	2.94952e-19	4.39781e-18
17011.90000	-5.02258e-19	1.95779e-18
17013.50000	1.01501e-18	9.99268e-19
17015.10000	-3.71522e-19	5.97891e-19
17016.70000	4.40993e-19	4.43852e-19
17018.40000	2.82369e-22	3.43793e-19
17020.00000	-6.68954e-19	3.22994e-19
17021.60000	-4.45457e-20	3.15667e-19
17023.30000	-7.21676e-20	3.24083e-19
17024.90000	-6.35729e-20	3.09430e-19
17026.50000	-5.22081e-20	3.00676e-19
17028.10000	9.05743e-20	3.07704e-19
17029.80000	-2.24314e-19	3.20821e-19
17031.40000	-9.03585e-19	3.27257e-19
17033.00000	-8.80363e-20	3.24850e-19
17034.70000	9.61047e-20	3.28632e-19
17036.30000	-3.43189e-19	3.48643e-19
17037.90000	-2.15435e-20	3.08917e-19
17039.50000	5.73466e-20	3.08462e-19
17041.20000	1.23567e-19	3.06130e-19
17042.80000	3.16056e-19	3.08129e-19
17044.40000	1.84923e-19	3.12065e-19
17046.10000	-3.16422e-19	3.21745e-19
17047.70000	-4.27526e-19	3.60594e-19
17049.30000	1.21204e-19	3.96608e-19
17051.00000	-2.72769e-20	4.11184e-19
17052.60000	-1.11239e-19	4.70113e-19
17054.20000	6.75735e-20	6.37134e-19
17055.80000	-1.30257e-19	8.75140e-19
17057.50000	-3.98673e-19	8.65585e-19
17059.10000	-1.26438e-19	6.01564e-19
17060.70000	4.39445e-20	3.94047e-19
17062.40000	1.67161e-20	3.29458e-19
17064.00000	-1.65327e-19	3.21411e-19
17065.60000	-5.53236e-20	3.30282e-19
17067.20000	1.16137e-19	3.75419e-19
17068.90000	-9.87662e-19	4.96614e-19
17070.50000	-7.75783e-19	5.93779e-19
17072.10000	-3.78871e-19	6.32569e-19
17073.80000	-9.39368e-19	6.88878e-19
17075.40000	-2.97442e-18	1.20042e-18
17077.00000	-1.38429e-18	2.63596e-18
17078.60000	2.88895e-19	2.87476e-18
17080.30000	1.43784e-18	1.96218e-18
17081.90000	8.01944e-19	9.20113e-19
17083.50000	4.38451e-19	5.07648e-19
17085.20000	3.54413e-19	3.90238e-19
17086.80000	-3.71309e-19	3.62794e-19
17088.40000	-2.85417e-20	3.67257e-19
17090.00000	-2.45273e-19	3.57476e-19
17091.70000	-2.93368e-20	3.43670e-19
17093.30000	-1.94449e-19	3.47471e-19
17094.90000	1.67173e-21	3.54976e-19
17096.60000	-5.08358e-21	3.79495e-19
17098.20000	-1.95164e-19	4.44667e-19
17099.80000	-3.71554e-20	5.05621e-19
17101.40000	-3.04172e-19	5.37602e-19
17103.10000	-2.99450e-20	5.72098e-19
17104.70000	-2.03094e-19	5.69666e-19
17106.30000	-2.24887e-19	5.47310e-19
17108.00000	7.64065e-20	5.24691e-19
17109.60000	-5.00296e-20	5.28193e-19
17111.20000	5.29243e-19	4.93144e-19
17112.90000	3.24921e-19	4.80547e-19
17114.50000	-4.97738e-19	4.81799e-19
17116.10000	1.64625e-19	4.76453e-19
17117.70000	-6.55074e-19	5.07499e-19
17119.40000	7.71476e-19	8.23121e-19
17121.00000	-8.09885e-20	2.35026e-18
17122.60000	-5.48435e-18	4.21397e-18
17124.30000	-3.76354e-18	4.27629e-18
17125.90000	-8.02408e-19	2.66325e-18
17127.50000	-1.88718e-18	1.26840e-18
17129.10000	-5.29276e-19	6.53632e-19
17130.80000	-7.51301e-20	4.10346e-19
17132.40000	2.94965e-19	4.05733e-19
17134.00000	5.51128e-20	3.34981e-19
17135.70000	-2.13319e-19	3.17963e-19
17137.30000	-6.68745e-19	3.17036e-19
17138.90000	-3.90010e-19	3.28399e-19
17140.50000	-9.01761e-20	3.75600e-19
17142.20000	-1.80023e-19	3.72702e-19
17143.80000	-3.49681e-19	3.36057e-19
17145.40000	3.01136e-19	3.25519e-19
17147.10000	-3.01825e-19	3.13876e-19
17148.70000	-1.62993e-19	3.01983e-19
17150.30000	-1.92124e-19	2.99967e-19
17151.90000	-6.47837e-21	2.94216e-19
17153.60000	-3.43641e-19	2.96738e-19
17155.20000	-1.12510e-19	3.00628e-19
17156.80000	-3.09439e-19	3.03522e-19
17158.50000	-6.46163e-21	3.06545e-19
17160.10000	5.25995e-19	3.09945e-19
17161.70000	4.52294e-19	3.30893e-19
17163.30000	-5.31980e-19	3.63905e-19
17165.00000	-1.42305e-19	3.74977e-19
17166.60000	-1.40974e-19	3.74799e-19
17168.20000	-1.47038e-20	4.78576e-19
17169.90000	2.26749e-19	5.60779e-19
17171.50000	-5.30922e-20	6.18779e-19
17173.10000	8.21766e-20	7.43030e-19
17174.80000	-1.47918e-18	8.20848e-19
17176.40000	-4.79296e-20	7.41486e-19
17178.00000	5.97640e-19	6.70402e-19
17179.60000	7.82845e-19	5.99142e-19
17181.30000	1.19478e-20	4.94011e-19
17182.90000	8.03410e-20	3.73284e-19
17184.50000	-1.95298e-19	3.46823e-19
17186.20000	6.67231e-21	4.97420e-19
17187.80000	-2.61775e-19	7.25127e-19
17189.40000	1.31750e-19	7.65460e-19
17191.00000	-1.02205e-18	5.82326e-19
17192.70000	-3.55212e-19	4.27674e-19
17194.30000	-6.44132e-19	4.77436e-19
17195.90000	-2.05988e-19	5.91211e-19
17197.60000	2.36260e-19	4.80055e-19
17199.20000	-5.70096e-20	3.69282e-19
17200.80000	-4.15705e-19	3.35540e-19
17202.40000	-2.94751e-19	3.29436e-19
17204.10000	-2.67878e-19	3.37215e-19
17205.70000	-9.95898e-20	4.11401e-19
17207.30000	2.78011e-20	9.93113e-19
17209.00000	3.48643e-19	2.14099e-18
17210.60000	-2.10991e-18	2.44470e-18
17212.20000	-1.03604e-18	1.91686e-18
17213.80000	6.99838e-19	1.22887e-18
17215.50000	4.17385e-19	9.27263e-19
17217.10000	4.36866e-19	6.74155e-19
17218.70000	-2.42837e-19	5.41987e-19
17220.40000	-3.90219e-19	5.66924e-19
17222.00000	3.08722e-21	5.92275e-19
17223.60000	6.36154e-19	5.03592e-19
17225.20000	-3.77037e-20	3.62692e-19
17226.90000	2.23563e-19	3.61066e-19
17228.50000	6.33727e-19	4.69340e-19
17230.10000	2.89236e-19	5.56814e-19
17231.80000	2.32047e-19	5.76955e-19
17233.40000	-5.31992e-19	5.09299e-19
17235.00000	1.77680e-19	4.43964e-19
17236.70000	-2.16066e-19	3.43143e-19
17238.30000	-2.13505e-19	3.49283e-19
17239.90000	-3.97083e-19	5.29066e-19
17241.50000	-6.34185e-19	9.37623e-19
17243.20000	-1.35907e-18	1.16482e-18
17244.80000	-2.28369e-18	1.53740e-18
17246.40000	-1.97715e-18	2.58476e-18
17248.10000	-2.02351e-18	3.39460e-18
17249.70000	-8.62607e-19	3.40911e-18
17251.30000	3.40321e-19	1.70417e-18
17252.90000	3.92825e-19	8.49590e-19
17254.60000	7.27381e-19	6.79257e-19
17256.20000	4.76341e-19	8.31639e-19
17257.80000	1.11938e-18	8.78028e-19
17259.50000	4.49698e-19	6.89253e-19
17261.10000	5.99818e-19	4.39309e-19
17262.70000	4.31074e-19	3.56780e-19
17264.30000	1.96672e-20	3.31852e-19
17266.00000	4.30887e-19	3.22396e-19
17267.60000	-2.17693e-19	3.32267e-19
17269.20000	-1.60642e-19	3.30510e-19
17270.90000	-8.82544e-20	3.59150e-19
17272.50000	3.58613e-19	5.59460e-19
17274.10000	2.52915e-19	7.96909e-19
17275.70000	1.80976e-19	7.60212e-19
17277.40000	1.54195e-19	5.89428e-19
17279.00000	6.64445e-20	5.64763e-19
17280.60000	-4.70293e-19	1.19213e-18
17282.30000	5.70121e-19	1.92214e-18
17283.90000	-7.52039e-19	1.58556e-18
17285.50000	4.66479e-19	8.94736e-19
17287.20000	-6.71126e-19	6.18591e-19
17288.80000	-8.01331e-19	5.09345e-19
17290.40000	-7.67286e-19	4.00457e-19
17292.00000	5.39143e-20	3.81067e-19
17293.70000	2.43237e-19	3.30146e-19
17295.30000	1.02978e-19	3.24138e-19
17296.90000	1.26303e-19	3.37790e-19
17298.60000	-6.89609e-20	3.75621e-19
17300.20000	1.05701e-18	5.49084e-19
17301.80000	1.17029e-18	1.02286e-18
17303.40000	6.83925e-20	1.14287e-18
17305.10000	5.90185e-19	8.85440e-19
17306.70000	3.80273e-19	5.11471e-19
17308.30000	-7.38150e-20	3.87073e-19
17310.00000	-9.85760e-19	3.81107e-19
17311.60000	-1.91369e-19	4.58698e-19
17313.20000	-3.52062e-19	4.85052e-19
17314.80000	-7.71976e-19	4.74012e-19
17316.50000	-3.85582e-19	4.49936e-19
17318.10000	-5.92429e-19	4.93485e-19
17319.70000	1.41109e-19	5.37916e-19
17321.40000	-2.53448e-19	5.13249e-19
17323.00000	-2.90743e-19	4.37912e-19
17324.60000	3.41940e-19	4.34746e-19
17326.20000	-6.98409e-19	5.42179e-19
17327.90000	-4.99669e-19	1.15128e-18
17329.50000	1.57960e-18	2.19887e-18
17331.10000	2.04845e-18	2.36467e-18
17332.80000	1.55088e-18	1.69235e-18
17334.40000	-1.65627e-19	8.79115e-19
17336.00000	-1.18975e-19	5.72661e-19
17337.60000	7.46957e-19	4.90141e-19
17339.30000	-4.48161e-19	5.19653e-19
17340.90000	-6.12325e-19	5.37145e-19
17342.50000	-7.70804e-19	5.23598e-19
17344.20000	1.81472e-19	4.83666e-19
17345.80000	-2.26804e-19	4.52437e-19
17347.40000	-2.18361e-19	5.83911e-19
17349.10000	-5.97859e-19	1.25342e-18
17350.70000	-1.90426e-18	1.61634e-18
17352.30000	-4.07644e-19	1.48203e-18
17353.90000	-3.93727e-19	9.83715e-19
17355.60000	1.17380e-19	8.15850e-19
17357.20000	-4.18459e-19	1.19138e-18
17358.80000	2.28117e-19	1.63129e-18
17360.50000	8.65710e-19	1.57150e-18
17362.10000	2.78864e-19	9.45729e-19
17363.70000	-1.01484e-18	5.35488e-19
17365.30000	-3.71032e-19	4.01713e-19
17367.00000	1.96856e-19	3.53381e-19
17368.60000	7.12408e-20	3.48810e-19
17370.20000	-4.29348e-19	3.54750e-19
17371.90000	-3.92809e-19	3.56707e-19
17373.50000	-3.03509e-20	3.46554e-19
17375.10000	-4.93187e-19	3.47861e-19
17376.70000	-1.25788e-19	3.80895e-19
17378.40000	-8.78341e-19	4.48205e-19
17380.00000	-7.62054e-19	8.19356e-19
17381.60000	-1.07951e-18	1.68243e-18
17383.30000	1.41963e-18	2.43454e-18
17384.90000	1.79202e-18	3.36841e-18
17386.50000	7.53551e-19	3.48127e-18
17388.10000	1.60162e-18	2.63492e-18
17389.80000	-8.23457e-19	1.30897e-18
17391.40000	3.83648e-19	7.34871e-19
17393.00000	2.99410e-19	4.91865e-19
17394.70000	-1.27470e-19	3.89646e-19
17396.30000	-2.08401e-19	3.55421e-19
17397.90000	3.62688e-19	3.46655e-19
17399.50000	1.35923e-19	3.47011e-19
17401.20000	-8.81583e-19	3.64985e-19
17402.80000	-1.08947e-18	4.28349e-19
17404.40000	-8.53786e-19	5.07486e-19
17406.10000	-6.20036e-21	5.10286e-19
17407.70000	-5.70834e-20	4.41103e-19
17409.30000	2.10608e-19	3.73611e-19
17411.00000	4.15908e-19	3.53079e-19
17412.60000	6.11386e-19	3.92729e-19
17414.20000	4.03986e-19	5.13190e-19
17415.80000	-2.36129e-19	5.83345e-19
17417.50000	-1.43112e-19	6.06247e-19
17419.10000	4.88333e-19	5.89631e-19
17420.70000	7.95909e-19	4.83998e-19
17422.40000	8.37743e-19	4.58191e-19
17424.00000	-4.99964e-19	8.57604e-19
17425.60000	6.71759e-19	1.94668e-18
17427.20000	1.05869e-18	2.33571e-18
17428.90000	2.60798e-18	1.56632e-18
17430.50000	-1.29410e-19	9.15581e-19
17432.10000	-3.17337e-19	6.78840e-19
17433.80000	2.98891e-19	5.63586e-19
17435.40000	-7.47453e-21	4.27998e-19
17437.00000	3.52704e-20	3.51145e-19
17438.60000	-6.45979e-19	3.41987e-19
17440.30000	-8.52793e-19	3.47849e-19
17441.90000	-6.04183e-19	3.62690e-19
17443.50000	-5.12865e-19	3.94241e-19
17445.20000	7.16765e-20	5.10655e-19
17446.80000	3.87345e-20	1.20791e-18
17448.40000	1.41578e-18	3.11781e-18
17450.00000	1.56822e-19	3.50682e-18
17451.70000	1.28753e-18	2.53080e-18
17453.30000	1.86664e-18	1.28624e-18
17454.90000	3.56011e-19	7.71865e-19
17456.60000	-5.74789e-19	5.14192e-19
17458.20000	5.13718e-20	3.89371e-19
17459.80000	-2.44086e-19	3.82501e-19
17461.40000	7.08645e-20	3.86092e-19
17463.10000	1.84981e-19	3.57273e-19
17464.70000	-3.87116e-19	3.51994e-19
17466.30000	-1.37334e-19	3.80432e-19
17468.00000	3.49880e-19	3.94788e-19
17469.60000	3.32825e-19	3.89181e-19
17471.20000	3.08322e-20	3.82324e-19
17472.90000	1.53038e-20	3.77401e-19
17474.50000	-2.67584e-19	3.73041e-19
17476.10000	-3.39835e-19	3.97670e-19
17477.70000	-8.94299e-20	4.25281e-19
17479.40000	3.17198e-19	4.32131e-19
17481.00000	7.59755e-20	4.69943e-19
17482.60000	-1.04162e-19	4.99355e-19
17484.30000	3.25577e-19	4.76126e-19
17485.90000	5.37080e-19	3.94217e-19
17487.50000	-2.57963e-19	3.53596e-19
17489.10000	-6.29582e-19	3.54088e-19
17490.80000	-4.05911e-19	3.50627e-19
17492.40000	-2.94511e-19	3.37577e-19
17494.00000	2.71502e-19	3.32602e-19
17495.70000	2.55487e-19	3.45019e-19
17497.30000	-2.71742e-19	4.60701e-19
17498.90000	-1.13595e-18	8.54775e-19
17500.50000	4.12292e-19	1.05351e-18
17502.20000	3.84710e-19	1.21398e-18
17503.80000	5.77617e-19	1.67828e-18
17505.40000	-2.10554e-19	2.05777e-18
17507.10000	-5.89344e-19	1.79232e-18
17508.70000	-8.22074e-19	9.42908e-19
17510.30000	-1.84655e-19	5.97987e-19
17511.90000	-1.76362e-19	4.51758e-19
17513.60000	3.51420e-19	3.75801e-19
17515.20000	1.83654e-20	3.55029e-19
17516.80000	-1.77349e-19	3.49713e-19
17518.50000	-6.83737e-20	3.42472e-19
17520.10000	-5.14484e-19	3.31493e-19
17521.70000	-7.88086e-19	3.29870e-19
17523.30000	-1.13818e-19	3.51255e-19
17525.00000	-1.81355e-19	4.93296e-19
17526.60000	-1.48322e-18	9.15563e-19
17528.20000	-1.59779e-18	1.23857e-18
17529.90000	-1.15449e-18	1.23426e-18
17531.50000	-4.03436e-19	9.42928e-19
17533.10000	5.06476e-19	6.00558e-19
17534.80000	2.21233e-20	5.03907e-19
17536.40000	-3.27488e-19	4.85854e-19
17538.00000	-1.96579e-19	4.44693e-19
17539.60000	2.45040e-19	4.32652e-19
17541.30000	-4.01635e-19	4.98510e-19
17542.90000	2.63874e-19	5.48633e-19
17544.50000	6.83751e-19	5.08587e-19
17546.20000	6.96208e-19	4.15264e-19
17547.80000	1.56437e-19	4.15981e-19
17549.40000	5.27863e-19	4.74423e-19
17551.00000	-9.06861e-20	4.78483e-19
17552.70000	-3.55016e-19	4.04455e-19
17554.30000	8.47657e-19	3.89683e-19
17555.90000	2.88780e-19	3.28420e-19
17557.60000	-1.67345e-19	3.05370e-19
17559.20000	-3.66190e-19	3.27086e-19
17560.80000	2.58577e-19	3.63292e-19
17562.40000	-3.87552e-19	3.54601e-19
17564.10000	-2.92145e-19	3.57375e-19
17565.70000	2.18026e-19	3.95949e-19
17567.30000	1.70116e-21	4.01766e-19
17569.00000	3.72205e-20	4.05272e-19
17570.60000	5.34219e-20	3.86057e-19
17572.20000	-4.08624e-19	3.56363e-19
17573.80000	-1.91325e-19	3.67437e-19
17575.50000	-4.66606e-19	3.46607e-19
17577.10000	5.48668e-19	3.47684e-19
17578.70000	1.46895e-19	3.46945e-19
17580.40000	-4.09291e-19	3.09131e-19
17582.00000	1.22261e-19	3.09497e-19
17583.60000	1.35656e-19	3.13438e-19
17585.20000	-2.34477e-19	3.15238e-19
17586.90000	2.58617e-19	3.26263e-19
17588.50000	-1.94768e-19	3.60220e-19
17590.10000	-2.99853e-19	4.09201e-19
17591.80000	-3.22029e-19	3.90659e-19
17593.40000	-3.35220e-19	3.93036e-19
17595.00000	-4.07302e-19	4.15382e-19
17596.70000	-3.02685e-19	3.97697e-19
17598.30000	1.76366e-19	3.60723e-19
17599.90000	-1.21086e-19	3.35001e-19
17601.50000	-2.17352e-19	3.44670e-19
17603.20000	-9.24086e-20	3.59937e-19
17604.80000	-1.66942e-19	3.61833e-19
17606.40000	-3.78647e-19	3.47015e-19
17608.10000	-1.59330e-19	3.88119e-19
17609.70000	-1.06770e-20	5.09877e-19
17611.30000	-6.57126e-20	5.72080e-19
17612.90000	2.94560e-19	6.20096e-19
17614.60000	-3.61658e-19	5.65683e-19
17616.20000	1.07477e-19	4.95251e-19
17617.80000	-2.18154e-19	3.98237e-19
17619.50000	-3.79073e-19	3.65448e-19
17621.10000	-3.03469e-19	4.55064e-19
17622.70000	-6.70527e-19	6.06034e-19
17624.30000	-5.85411e-19	6.11098e-19
17626.00000	-3.52251e-19	5.76513e-19
17627.60000	-4.51465e-19	5.87367e-19
17629.20000	-2.14780e-19	5.66837e-19
17630.90000	-1.77818e-19	4.42787e-19
17632.50000	-8.52953e-19	3.66695e-19
17634.10000	-7.28894e-19	3.46005e-19
17635.70000	-1.85959e-19	3.36124e-19
17637.40000	-2.52610e-19	3.33681e-19
17639.00000	-1.17016e-18	4.02932e-19
17640.60000	-5.25088e-19	4.20539e-19
17642.30000	-3.37348e-20	4.39854e-19
17643.90000	4.25976e-19	4.17247e-19
17645.50000	-1.41136e-19	5.24845e-19
17647.20000	-6.72616e-19	1.05816e-18
17648.80000	-1.60616e-18	1.92991e-18
17650.40000	1.54686e-18	3.42082e-18
17652.00000	1.67455e-18	5.62174e-18
17653.70000	5.49826e-18	6.20630e-18
17655.30000	1.21164e-18	4.54854e-18
17656.90000	-1.11027e-18	2.68289e-18
17658.60000	-1.21726e-18	1.72083e-18
17660.20000	-4.43859e-19	1.34190e-18
17661.80000	2.78230e-20	1.24231e-18
17663.40000	1.69638e-20	1.25054e-18
17665.10000	4.45448e-19	1.15983e-18
17666.70000	-4.35180e-20	9.64985e-19
17668.30000	-6.66667e-19	1.33249e-18
17670.00000	-4.84562e-19	2.79929e-18
17671.60000	-1.91453e-20	3.54802e-18
17673.20000	2.16558e-18	2.94082e-18
17674.80000	-6.45768e-19	1.49661e-18
17676.50000	-2.52092e-20	8.55467e-19
17678.10000	3.07432e-19	6.40062e-19
17679.70000	-8.36919e-20	4.40726e-19
17681.40000	-5.45377e-19	5.56413e-19
17683.00000	1.13502e-19	7.54420e-19
17684.60000	6.82534e-19	8.95743e-19
17686.20000	6.87404e-19	9.02023e-19
17687.90000	2.62079e-19	8.98841e-19
17689.50000	-1.27805e-20	8.09091e-19
17691.10000	-5.77744e-20	7.07877e-19
17692.80000	1.34255e-19	5.94193e-19
17694.40000	3.98388e-19	7.60563e-19
17696.00000	-1.40094e-18	1.31084e-18
17697.60000	5.73204e-19	1.82239e-18
17699.30000	-1.32384e-18	1.80647e-18
17700.90000	3.28801e-19	1.32170e-18
17702.50000	5.33036e-19	7.25645e-19
17704.20000	-7.57320e-19	5.19919e-19
17705.80000	-3.77999e-19	4.61931e-19
17707.40000	-5.33539e-19	4.24269e-19
17709.10000	-7.74263e-21	4.09437e-19
17710.70000	7.39467e-20	3.95306e-19
17712.30000	2.07781e-19	3.76611e-19
17713.90000	1.19285e-19	3.49295e-19
17715.60000	1.12938e-19	3.36107e-19
17717.20000	-2.71340e-19	3.39085e-19
17718.80000	-4.54051e-19	4.34097e-19
17720.50000	-1.71645e-19	3.76026e-19
17722.10000	-3.28630e-19	4.66724e-19
17723.70000	4.55789e-19	5.11640e-19
17725.30000	2.42764e-19	4.69663e-19
17727.00000	4.42504e-19	4.01349e-19
17728.60000	-2.67629e-19	4.97564e-19
17730.20000	3.61760e-19	7.75728e-19
17731.90000	-3.03045e-19	9.27860e-19
17733.50000	-6.33484e-19	1.00773e-18
17735.10000	2.22880e-19	9.76830e-19
17736.70000	-2.14438e-19	8.32998e-19
17738.40000	2.10181e-19	5.81364e-19
17740.00000	-1.47389e-21	4.38440e-19
17741.60000	-2.75927e-19	4.07536e-19
17743.30000	5.89475e-20	3.93780e-19
17744.90000	2.33324e-19	3.82495e-19
17746.50000	-6.93086e-19	3.61592e-19
17748.10000	-6.43625e-19	3.45240e-19
17749.80000	-6.03598e-19	3.33405e-19
17751.40000	-5.17845e-19	3.35436e-19
17753.00000	-6.56086e-19	3.34377e-19
17754.70000	1.02988e-19	3.37027e-19
17756.30000	-1.06914e-18	3.53673e-19
17757.90000	-3.57601e-19	3.73053e-19
17759.50000	-5.40215e-19	4.11965e-19
17761.20000	-7.91839e-19	4.07629e-19
17762.80000	-7.57536e-19	3.97721e-19
17764.40000	-3.81376e-19	4.11750e-19
17766.10000	-2.47518e-19	4.29219e-19
17767.70000	-4.61799e-20	4.26680e-19
17769.30000	-1.41287e-19	4.61481e-19
17771.00000	-4.98014e-19	5.34210e-19
17772.60000	-6.67836e-19	6.16544e-19
17774.20000	-4.32350e-20	6.17265e-19
17775.80000	-1.20224e-18	6.46298e-19
17777.50000	4.57296e-20	7.10637e-19
17779.10000	2.80766e-19	7.36686e-19
17780.70000	-1.64360e-19	6.33668e-19
17782.40000	-3.65690e-19	5.02958e-19
17784.00000	-8.23670e-19	5.32385e-19
17785.60000	-7.52622e-19	6.02441e-19
17787.20000	-6.64502e-19	5.95448e-19
17788.90000	-1.88961e-20	4.94103e-19
17790.50000	-1.21465e-20	4.33949e-19
17792.10000	-9.56616e-20	3.96177e-19
17793.80000	2.92284e-20	3.65661e-19
17795.40000	2.36438e-19	3.45068e-19
17797.00000	-6.10889e-19	3.44299e-19
17798.60000	4.44417e-20	3.46935e-19
17800.30000	-3.11908e-19	3.48093e-19
17801.90000	-1.14242e-19	3.50308e-19
17803.50000	-2.08681e-20	3.48714e-19
17805.20000	-6.78152e-19	3.99213e-19
17806.80000	-1.21064e-18	4.71276e-19
17808.40000	-5.57142e-19	1.07260e-18
17810.00000	-9.47512e-19	2.53797e-18
17811.70000	1.42814e-18	2.95159e-18
17813.30000	-1.04102e-18	2.06426e-18
17814.90000	-9.75188e-19	9.95279e-19
17816.60000	-6.34998e-19	7.17453e-19
17818.20000	1.12013e-19	6.73150e-19
17819.80000	-9.38841e-20	6.48306e-19
17821.40000	-1.16067e-18	6.19355e-19
17823.10000	-8.69549e-19	5.70519e-19
17824.70000	-3.67481e-19	5.37604e-19
17826.30000	-5.34516e-19	5.17492e-19
17828.00000	-3.85460e-19	6.97161e-19
17829.60000	-1.86303e-18	8.72788e-19
17831.20000	-4.47952e-19	8.80183e-19
17832.90000	-5.38872e-21	7.44688e-19
17834.50000	3.64416e-19	6.62021e-19
17836.10000	2.13429e-19	5.98005e-19
17837.70000	-1.15909e-18	4.83840e-19
17839.40000	-6.99906e-19	4.07026e-19
17841.00000	3.15269e-19	4.26703e-19
17842.60000	3.11649e-19	5.18945e-19
17844.30000	-4.38426e-19	6.08997e-19
17845.90000	9.58245e-21	6.45310e-19
17847.50000	-7.80458e-19	6.83791e-19
17849.10000	-8.59294e-19	8.87907e-19
17850.80000	4.97354e-19	9.68926e-19
17852.40000	-6.59789e-19	9.61060e-19
17854.00000	-1.10412e-18	8.38682e-19
17855.70000	-2.93845e-19	7.30218e-19
17857.30000	2.23474e-19	5.91732e-19
17858.90000	4.66710e-19	5.56539e-19
17860.50000	1.13474e-18	5.43626e-19
17862.20000	2.40946e-20	4.95741e-19
17863.80000	-8.65319e-19	4.39720e-19
17865.40000	-6.34988e-19	4.07975e-19
17867.10000	-4.63204e-19	4.44936e-19
17868.70000	-8.11709e-20	4.94408e-19
17870.30000	1.22378e-19	5.04792e-19
17871.90000	-3.58562e-19	5.11749e-19
17873.60000	3.17995e-19	5.40138e-19
17875.20000	-1.30207e-18	6.67026e-19
17876.80000	2.69711e-18	1.61973e-18
17878.50000	3.20766e-18	4.39989e-18
17880.10000	-4.70901e-18	5.54599e-18
17881.70000	-3.09462e-18	5.04622e-18
17883.30000	3.18575e-18	2.25385e-18
17885.00000	1.35365e-18	1.28677e-18
17886.60000	-8.32070e-19	8.74135e-19
17888.20000	-3.87297e-19	6.13875e-19
17889.90000	8.24095e-21	4.77335e-19
17891.50000	-1.26835e-19	4.16787e-19
17893.10000	-5.92595e-19	3.91457e-19
17894.80000	-2.67677e-19	3.84958e-19
17896.40000	2.54552e-19	3.86038e-19
17898.00000	3.19459e-19	3.85253e-19
17899.60000	3.29948e-19	3.91587e-19
17901.30000	4.50361e-19	3.99530e-19
17902.90000	7.57342e-19	4.19477e-19
17904.50000	7.58231e-19	4.38577e-19
17906.20000	1.20835e-19	4.57410e-19
17907.80000	-1.92564e-19	4.65483e-19
17909.40000	4.86697e-19	4.62763e-19
17911.00000	3.93035e-19	4.56982e-19
17912.70000	-8.91310e-19	4.48128e-19
17914.30000	-9.06039e-19	4.25850e-19
17915.90000	-9.26525e-19	5.46464e-19
17917.60000	-1.71319e-18	5.80914e-19
17919.20000	7.22963e-21	5.29980e-19
17920.80000	1.37783e-19	5.18063e-19
17922.40000	9.53247e-19	5.07451e-19
17924.10000	-7.26081e-20	4.89480e-19
17925.70000	6.22510e-19	4.91835e-19
17927.30000	-4.11358e-20	4.80163e-19
17929.00000	2.41709e-19	4.68652e-19
17930.60000	-6.07246e-19	4.94867e-19
17932.20000	1.71358e-19	5.17157e-19
17933.80000	-1.70077e-19	5.77040e-19
17935.50000	-2.11166e-19	6.33555e-19
17937.10000	-6.81422e-19	6.28270e-19
17938.70000	-1.38968e-19	5.92206e-19
17940.40000	-5.76339e-19	5.49245e-19
17942.00000	-1.68086e-19	4.98981e-19
17943.60000	-7.24806e-19	4.75635e-19
17945.20000	-7.86740e-19	4.42386e-19
17946.90000	-8.22712e-19	4.44819e-19
17948.50000	-6.04210e-19	4.36321e-19
17950.10000	-1.46969e-19	4.51498e-19
17951.80000	-9.78755e-19	4.68601e-19
17953.40000	-3.04832e-19	4.76752e-19
17955.00000	-1.69822e-19	4.72654e-19
17956.70000	-3.24728e-19	4.59829e-19
17958.30000	-6.54099e-19	4.48139e-19
17959.90000	-1.01254e-19	4.52352e-19
17961.50000	-3.93586e-19	4.59859e-19
17963.20000	1.74656e-19	4.68435e-19
17964.80000	-7.16248e-20	4.80825e-19
17966.40000	-3.94722e-19	5.04628e-19
17968.10000	-1.16749e-18	5.30336e-19
17969.70000	-5.15660e-19	5.35113e-19
17971.30000	7.83988e-19	5.60519e-19
17972.90000	3.67934e-19	5.17162e-19
17974.60000	-4.01599e-19	4.78946e-19
17976.20000	-4.67687e-19	4.56556e-19
17977.80000	-1.93811e-19	4.74577e-19
17979.50000	9.55391e-20	5.00683e-19
17981.10000	1.31797e-18	5.18398e-19
17982.70000	3.36033e-21	5.28541e-19
17984.30000	3.25917e-21	5.66216e-19
17986.00000	1.69664e-18	7.61967e-19
17987.60000	9.31961e-19	6.83355e-19
17989.20000	1.23179e-18	9.66976e-19
17990.90000	9.71636e-18	2.66247e-18
17992.50000	5.34710e-18	5.66722e-18
17994.10000	3.65042e-18	7.34077e-18
17995.70000	2.24576e-18	7.07899e-18
17997.40000	1.96044e-18	3.46839e-18
17999.00000	9.67134e-19	2.36312e-18
18000.60000	2.24777e-18	1.82458e-18
18002.30000	3.65826e-18	1.36788e-18
18003.90000	5.70158e-19	1.04868e-18
18005.50000	-2.54990e-19	9.29560e-19
18007.20000	-6.43605e-19	9.40555e-19
18008.80000	1.82103e-19	9.75467e-19
18010.40000	-1.96591e-18	1.04809e-18
18012.00000	-8.11229e-19	1.14831e-18
18013.70000	-8.80236e-20	1.23898e-18
18015.30000	-1.27197e-19	1.16540e-18
18016.90000	-8.58152e-20	1.09109e-18
18018.60000	7.76805e-19	1.09149e-18
18020.20000	5.12371e-19	1.06649e-18
18021.80000	-2.36623e-19	9.83626e-19
18023.40000	1.77715e-18	1.12667e-18
18025.10000	-3.44612e-19	1.38865e-18
18026.70000	1.29169e-18	1.41834e-18
18028.30000	1.79074e-18	1.26129e-18
18030.00000	1.04431e-18	1.30777e-18
18031.60000	5.50203e-19	1.21050e-18
18033.20000	-1.30761e-18	1.21630e-18
18034.80000	-7.29477e-19	1.08525e-18
18036.50000	3.96763e-19	1.03644e-18
18038.10000	1.78642e-19	1.03753e-18
18039.70000	3.36717e-19	9.53726e-19
18041.40000	9.75187e-19	8.69574e-19
18043.00000	5.38161e-19	7.99977e-19
18044.60000	-3.12036e-19	7.44472e-19
18046.20000	-1.10124e-18	8.07397e-19
18047.90000	-6.91115e-19	9.43435e-19
18049.50000	-8.09577e-19	8.66672e-19
18051.10000	-6.09129e-20	7.01226e-19
18052.80000	-1.19645e-18	7.94700e-19
18054.40000	3.62912e-19	9.45054e-19
18056.00000	1.79586e-19	1.04670e-18
18057.60000	5.85647e-19	1.12117e-18
18059.30000	7.81258e-19	1.51897e-18
18060.90000	-1.93402e-20	1.81031e-18
18062.50000	1.68606e-18	2.40252e-18
18064.20000	2.63251e-18	3.69109e-18
18065.80000	6.95485e-18	7.77213e-18
18067.40000	7.95025e-19	7.36163e-18
18069.10000	9.53939e-19	5.39055e-18
18070.70000	-1.20481e-18	2.96361e-18
18072.30000	1.39802e-18	1.65904e-18
18073.90000	2.74307e-19	1.32295e-18
18075.60000	-6.13397e-19	1.16163e-18
18077.20000	-1.16771e-18	9.79495e-19
18078.80000	-6.25217e-19	8.01284e-19
18080.50000	-1.58539e-19	6.92688e-19
18082.10000	-4.28885e-19	6.46541e-19
18083.70000	-1.26828e-18	6.71893e-19
18085.30000	-2.57131e-19	7.43369e-19
18087.00000	6.47914e-20	8.31325e-19
18088.60000	1.35138e-18	8.92933e-19
18090.20000	9.93853e-19	8.75971e-19
18091.90000	8.44004e-19	8.35405e-19
18093.50000	4.41096e-19	8.50913e-19
18095.10000	9.70907e-19	7.63414e-19
18096.70000	1.48745e-18	7.07599e-19
18098.40000	5.84450e-20	7.82502e-19
18100.00000	6.85949e-21	8.09741e-19
18101.60000	-6.28793e-20	9.50193e-19
18103.30000	3.29779e-19	1.11113e-18
18104.90000	5.30485e-19	1.47490e-18
18106.50000	1.99118e-18	1.88828e-18
18108.10000	-6.53924e-19	2.22593e-18
18109.80000	-3.00981e-18	2.29985e-18
18111.40000	-1.64463e-18	2.06358e-18
18113.00000	-1.78913e-18	1.86121e-18
18114.70000	-4.41900e-18	3.13569e-18
18116.30000	4.23372e-18	6.86583e-18
18117.90000	-4.92807e-18	9.90315e-18
18119.50000	5.23505e-18	9.94411e-18
18121.20000	4.85390e-18	6.65650e-18
18122.80000	-1.13160e-18	3.76960e-18
18124.40000	-4.30972e-18	2.96002e-18
18126.10000	-1.27748e-18	2.68020e-18
18127.70000	2.23269e-18	2.68010e-18
18129.30000	1.75632e-18	2.70597e-18
18131.00000	3.44634e-19	2.49865e-18
18132.60000	2.49851e-18	2.09912e-18
18134.20000	-2.43195e-18	1.71562e-18
18135.80000	-4.19779e-18	1.79263e-18
18137.50000	-3.05572e-18	1.57778e-18
18139.10000	-1.68162e-18	1.27151e-18
18140.70000	4.33570e-21	1.13930e-18
18142.40000	8.24453e-19	1.06236e-18
18144.00000	-9.07371e-20	1.13247e-18
18145.60000	8.62390e-20	1.75365e-18
18147.20000	1.88023e-19	3.15566e-18
18148.90000	-7.25220e-18	4.21395e-18
18150.50000	-2.52021e-18	4.23736e-18
18152.10000	4.96224e-18	3.34585e-18
18153.80000	-2.32772e-21	3.35212e-18
18155.40000	-1.81309e-18	3.68847e-18
18157.00000	5.48930e-19	3.56388e-18
18158.60000	1.47362e-18	3.11751e-18
18160.30000	-2.96015e-18	2.84830e-18
18161.90000	-4.24481e-18	2.43204e-18
18163.50000	-9.75770e-19	2.09930e-18
18165.20000	1.80704e-18	1.95849e-18
18166.80000	-2.14575e-18	2.09402e-18
18168.40000	3.40509e-19	2.51295e-18
18170.00000	6.41242e-18	2.15601e-18
18171.70000	1.57237e-18	1.97901e-18
18173.30000	-1.00028e-18	1.91635e-18
18174.90000	-3.99958e-18	1.84175e-18
18176.60000	-1.56071e-18	1.72548e-18
18178.20000	-1.78788e-18	1.66648e-18
18179.80000	-1.64505e-18	1.67412e-18
18181.40000	-1.59008e-18	1.79847e-18
18183.10000	-3.82173e-19	2.09230e-18
18184.70000	6.38022e-19	2.61265e-18
18186.30000	3.39905e-18	2.87804e-18
18188.00000	5.82743e-19	2.74479e-18
18189.60000	-8.09718e-19	2.49936e-18
18191.20000	8.47811e-19	2.51403e-18
18192.90000	1.24953e-18	1.99703e-18
18194.50000	-7.75134e-20	1.94527e-18
18196.10000	2.07961e-18	2.07746e-18
18197.70000	1.81373e-18	2.26635e-18
18199.40000	1.64545e-18	2.60680e-18
18201.00000	3.93544e-19	3.73588e-18
18202.60000	-1.99153e-18	5.91671e-18
18204.30000	-6.99406e-19	8.00148e-18
18205.90000	-8.54045e-19	7.49131e-18
18207.50000	-3.40043e-18	5.92051e-18
18209.10000	-5.62716e-18	5.65864e-18
18210.80000	-3.30155e-19	5.85211e-18
18212.40000	2.33442e-18	5.12583e-18
18214.00000	2.82308e-18	3.48239e-18
18215.70000	3.19086e-19	3.04255e-18
18217.30000	-1.53243e-18	3.22472e-18
18218.90000	-5.10649e-18	3.24899e-18
18220.50000	-2.44197e-18	2.88697e-18
18222.20000	2.45993e-18	2.98630e-18
18223.80000	2.94982e-18	2.28701e-18
