#macsj1149_mos_1.K.2619.fc.1d.esc.txt
#Wavelength in (A) | Flux (erg/sec/cm2/A)| Flux Error
19996.20000	-3.89372e-19	4.11315e-18
19998.40000	-4.24073e-19	4.16667e-20
20000.60000	-3.40028e-20	3.23086e-20
20002.80000	8.63517e-20	6.74892e-20
20004.90000	-9.57589e-18	2.85497e-19
20007.10000	1.13682e-17	5.14593e-18
20009.30000	4.16457e-18	7.07767e-18
20011.40000	-1.38402e-17	4.79759e-18
20013.60000	-3.02733e-18	2.20789e-18
20015.80000	2.34219e-18	1.30406e-18
20018.00000	2.88551e-19	1.15803e-18
20020.10000	-1.06249e-18	1.15071e-18
20022.30000	1.25274e-18	1.23854e-18
20024.50000	-1.00942e-18	1.33037e-18
20026.70000	8.99851e-19	1.35616e-18
20028.80000	2.18344e-18	2.16477e-18
20031.00000	1.37556e-18	3.61112e-18
20033.20000	4.01490e-19	4.77413e-18
20035.30000	2.64953e-18	4.01006e-18
20037.50000	2.49305e-18	2.26617e-18
20039.70000	1.45167e-18	1.31565e-18
20041.90000	2.86526e-19	1.14879e-18
20044.00000	5.43331e-19	1.13425e-18
20046.20000	1.18686e-18	1.11511e-18
20048.40000	-1.50205e-19	1.11197e-18
20050.50000	-1.25507e-18	1.13176e-18
20052.70000	1.09889e-18	1.10698e-18
20054.90000	8.95447e-19	1.10176e-18
20057.10000	6.18689e-20	1.11892e-18
20059.20000	-1.55599e-18	1.02998e-18
20061.40000	-4.71677e-20	9.21677e-19
20063.60000	-3.07096e-19	8.62529e-19
20065.70000	-5.01710e-19	1.05264e-18
20067.90000	1.17621e-18	1.48125e-18
20070.10000	1.28477e-18	1.74099e-18
20072.30000	6.92712e-19	1.46343e-18
20074.40000	1.54942e-18	9.20157e-19
20076.60000	4.03259e-19	6.57170e-19
20078.80000	1.53861e-19	5.53689e-19
20081.00000	9.27558e-19	5.00239e-19
20083.10000	6.09458e-19	4.55006e-19
20085.30000	-1.88626e-19	4.29538e-19
20087.50000	-1.73745e-19	4.14749e-19
20089.60000	-1.61719e-19	4.23172e-19
20091.80000	-6.71907e-19	4.80103e-19
20094.00000	-2.28263e-20	6.63559e-19
20096.20000	-1.58704e-19	9.57930e-19
20098.30000	-4.37379e-19	1.19239e-18
20100.50000	-5.43818e-19	1.19107e-18
20102.70000	-8.41442e-19	9.63403e-19
20104.80000	-4.56715e-19	8.00454e-19
20107.00000	4.53806e-19	7.50624e-19
20109.20000	9.56091e-19	7.66418e-19
20111.40000	9.97452e-19	8.47087e-19
20113.50000	8.58254e-19	1.02942e-18
20115.70000	8.38929e-19	1.20014e-18
20117.90000	-6.54202e-19	1.21082e-18
20120.00000	-3.93821e-19	1.09127e-18
20122.20000	8.46125e-19	1.03105e-18
20124.40000	1.78710e-18	1.13056e-18
20126.60000	3.19908e-19	1.26480e-18
20128.70000	-1.37504e-18	1.19542e-18
20130.90000	1.73485e-18	9.78468e-19
20133.10000	1.60183e-18	8.62896e-19
20135.20000	2.44135e-19	8.14233e-19
20137.40000	-3.01919e-19	7.51829e-19
20139.60000	-6.58887e-19	7.16124e-19
20141.80000	-9.62305e-20	7.22618e-19
20143.90000	1.37150e-19	7.08818e-19
20146.10000	-3.57049e-19	6.71355e-19
20148.30000	-1.65258e-19	6.92753e-19
20150.50000	-6.87038e-19	7.19670e-19
20152.60000	-3.65046e-19	6.68308e-19
20154.80000	-7.48776e-19	6.53739e-19
20157.00000	-5.51613e-19	7.15009e-19
20159.10000	-1.07303e-19	7.42478e-19
20161.30000	-4.39338e-19	7.54351e-19
20163.50000	6.85037e-19	8.08950e-19
20165.70000	1.96503e-18	8.43618e-19
20167.80000	1.05951e-18	8.36611e-19
20170.00000	4.28690e-20	8.59812e-19
20172.20000	8.66838e-19	9.45105e-19
20174.30000	1.87033e-18	9.12891e-19
20176.50000	9.06647e-19	8.72380e-19
20178.70000	-6.68289e-19	8.52358e-19
20180.90000	1.74376e-18	7.74363e-19
20183.00000	5.20211e-19	6.55414e-19
20185.20000	-4.17229e-19	5.79767e-19
20187.40000	-3.14866e-20	6.72125e-19
20189.50000	3.14560e-18	1.21212e-18
20191.70000	4.78275e-18	1.82669e-18
20193.90000	3.33383e-18	1.84067e-18
20196.10000	2.71588e-18	1.36631e-18
20198.20000	-1.30369e-18	7.83267e-19
20200.40000	-6.25969e-19	5.52060e-19
20202.60000	-1.94936e-19	5.67073e-19
20204.80000	-4.76928e-19	6.62588e-19
20206.90000	8.87370e-19	6.42517e-19
20209.10000	1.30695e-18	5.44786e-19
20211.30000	9.98188e-19	4.80816e-19
20213.40000	2.93290e-19	5.57566e-19
20215.60000	2.78155e-19	5.64024e-19
20217.80000	8.00490e-20	5.11744e-19
20220.00000	8.68523e-19	4.60163e-19
20222.10000	-6.16430e-19	4.23666e-19
20224.30000	8.70886e-19	3.86616e-19
20226.50000	6.25058e-19	3.79826e-19
20228.60000	8.64168e-19	4.59674e-19
20230.80000	3.31589e-19	4.13945e-19
20233.00000	3.76023e-19	3.90148e-19
20235.20000	-5.54031e-20	3.55492e-19
20237.30000	2.95030e-19	3.81993e-19
20239.50000	1.09057e-19	4.89720e-19
20241.70000	-5.06327e-19	3.85975e-19
20243.80000	4.98459e-20	3.52599e-19
20246.00000	3.54309e-20	3.62573e-19
20248.20000	1.03740e-19	3.76874e-19
20250.40000	1.83609e-19	3.68359e-19
20252.50000	5.56856e-19	3.33466e-19
20254.70000	6.90907e-19	3.29524e-19
20256.90000	6.23550e-19	3.61301e-19
20259.10000	2.65377e-19	3.35486e-19
20261.20000	1.57313e-19	3.90550e-19
20263.40000	-6.75504e-19	3.38788e-19
20265.60000	-1.05869e-19	3.62290e-19
20267.70000	-2.97031e-20	3.89895e-19
20269.90000	-1.32758e-18	5.31551e-19
20272.10000	-3.51733e-18	1.52208e-18
20274.30000	7.10157e-18	2.84879e-18
20276.40000	7.62740e-18	3.21817e-18
20278.60000	-4.60717e-18	2.15447e-18
20280.80000	2.76893e-18	1.05713e-18
20282.90000	8.89835e-20	7.34520e-19
20285.10000	6.79458e-20	5.23795e-19
20287.30000	-2.20604e-19	4.69320e-19
20289.50000	3.57967e-19	5.13026e-19
20291.60000	4.12108e-19	5.45906e-19
20293.80000	-4.00495e-20	4.99470e-19
20296.00000	8.92457e-19	4.73410e-19
20298.10000	6.18728e-19	6.16276e-19
20300.30000	3.55868e-19	4.56637e-19
20302.50000	6.79780e-19	3.58891e-19
20304.70000	-3.15968e-19	3.51927e-19
20306.80000	6.53680e-19	3.62967e-19
20309.00000	-1.06676e-20	3.41390e-19
20311.20000	-4.68865e-19	2.89547e-19
20313.40000	1.97201e-19	3.04457e-19
20315.50000	3.32073e-19	4.47754e-19
20317.70000	-1.79103e-20	5.98509e-19
20319.90000	7.08804e-19	5.95686e-19
20322.00000	6.05155e-19	4.99165e-19
20324.20000	2.32113e-19	3.65451e-19
20326.40000	-3.71513e-19	2.99101e-19
20328.60000	-3.45645e-19	2.84650e-19
20330.70000	1.74036e-19	3.14405e-19
20332.90000	9.19056e-19	3.66182e-19
20335.10000	-1.91078e-18	7.17487e-19
20337.20000	2.44219e-18	1.61738e-18
20339.40000	-3.94993e-18	2.02171e-18
20341.60000	-8.59762e-19	1.67415e-18
20343.80000	9.75259e-19	9.72094e-19
20345.90000	-1.18287e-18	6.49889e-19
20348.10000	1.06982e-19	5.38844e-19
20350.30000	-2.85448e-20	4.37567e-19
20352.40000	-8.51181e-20	3.33275e-19
20354.60000	4.59347e-19	2.98205e-19
20356.80000	2.23010e-19	2.93534e-19
20359.00000	2.91565e-19	2.82890e-19
20361.10000	3.87789e-19	2.67176e-19
20363.30000	6.72346e-19	2.63663e-19
20365.50000	2.97638e-19	2.71967e-19
20367.60000	1.81366e-19	2.88957e-19
20369.80000	4.48023e-19	2.98238e-19
20372.00000	-2.85390e-19	2.86044e-19
20374.20000	6.73329e-21	2.68933e-19
20376.30000	4.52202e-19	2.61781e-19
20378.50000	4.96853e-19	2.58140e-19
20380.70000	4.59343e-19	2.60836e-19
20382.90000	8.35458e-20	2.61776e-19
20385.00000	5.04052e-20	2.99586e-19
20387.20000	-1.68731e-19	2.80396e-19
20389.40000	1.38401e-19	2.70599e-19
20391.50000	5.50490e-19	2.74888e-19
20393.70000	6.05988e-19	2.96989e-19
20395.90000	8.73507e-19	3.12518e-19
20398.10000	6.21728e-20	3.15711e-19
20400.20000	-1.22501e-19	3.22937e-19
20402.40000	-1.52350e-19	3.31465e-19
20404.60000	3.39414e-20	3.75871e-19
20406.70000	5.04869e-19	5.69217e-19
20408.90000	7.92719e-20	1.36241e-18
20411.10000	-2.93380e-18	2.95741e-18
20413.30000	-5.61427e-18	3.21345e-18
20415.40000	-6.79177e-19	2.08169e-18
20417.60000	7.43240e-19	8.28682e-19
20419.80000	8.85256e-19	4.61747e-19
20421.90000	5.77153e-19	3.59579e-19
20424.10000	3.95193e-19	3.21917e-19
20426.30000	3.90278e-19	3.07536e-19
20428.50000	4.90879e-19	3.03098e-19
20430.60000	8.32646e-19	2.94218e-19
20432.80000	5.38519e-19	2.82419e-19
20435.00000	5.41004e-20	2.73178e-19
20437.20000	2.85364e-19	2.68931e-19
20439.30000	1.83381e-19	2.74688e-19
20441.50000	2.58728e-19	2.89837e-19
20443.70000	7.54716e-19	2.95648e-19
20445.80000	6.30235e-19	2.84896e-19
20448.00000	6.10958e-19	2.71807e-19
20450.20000	5.02162e-19	2.68694e-19
20452.40000	3.39054e-19	2.76688e-19
20454.50000	4.66320e-19	3.02072e-19
20456.70000	6.79858e-20	3.25329e-19
20458.90000	-1.91574e-20	3.20009e-19
20461.00000	6.66079e-20	2.91290e-19
20463.20000	1.94097e-19	2.72912e-19
20465.40000	3.77524e-19	2.71681e-19
20467.60000	3.44149e-19	2.74847e-19
20469.70000	1.98812e-19	2.82878e-19
20471.90000	2.60795e-19	2.91664e-19
20474.10000	2.90746e-19	3.00211e-19
20476.20000	3.37822e-19	3.12416e-19
20478.40000	-6.86016e-20	3.12934e-19
20480.60000	1.44187e-20	3.28516e-19
20482.80000	5.35251e-19	3.73082e-19
20484.90000	3.95085e-19	4.41224e-19
20487.10000	1.40429e-19	4.55755e-19
20489.30000	2.29291e-19	4.09254e-19
20491.50000	5.03395e-19	4.09652e-19
20493.60000	-1.48512e-19	5.26694e-19
20495.80000	4.07510e-19	9.94271e-19
20498.00000	2.67804e-18	1.71603e-18
20500.10000	2.53159e-18	1.82625e-18
20502.30000	7.63203e-19	1.14967e-18
20504.50000	1.33073e-19	5.88956e-19
20506.70000	1.58164e-19	4.52244e-19
20508.80000	4.21688e-19	4.48776e-19
20511.00000	7.19381e-19	4.48569e-19
20513.20000	4.57418e-19	4.90293e-19
20515.30000	5.68845e-21	5.43387e-19
20517.50000	-2.22248e-19	5.35713e-19
20519.70000	1.47276e-19	5.30282e-19
20521.90000	-5.74712e-19	5.94658e-19
20524.00000	-5.70241e-19	6.64699e-19
20526.20000	5.00333e-19	6.32972e-19
20528.40000	4.07375e-19	5.35209e-19
20530.50000	1.18610e-18	5.02091e-19
20532.70000	7.87943e-19	5.37339e-19
20534.90000	7.38338e-19	5.66026e-19
20537.10000	8.86427e-19	6.10443e-19
20539.20000	4.45232e-20	6.99469e-19
20541.40000	2.72990e-19	7.36238e-19
20543.60000	7.15685e-19	6.71230e-19
20545.80000	-5.98522e-20	5.55616e-19
20547.90000	5.58497e-19	5.43936e-19
20550.10000	8.51643e-19	6.69614e-19
20552.30000	6.66107e-20	7.77395e-19
20554.40000	1.62215e-19	7.64735e-19
20556.60000	-9.10564e-20	8.04873e-19
20558.80000	2.23087e-18	1.25660e-18
20561.00000	4.68900e-18	3.14283e-18
20563.10000	1.06518e-17	4.21683e-18
20565.30000	9.47268e-18	2.99880e-18
20567.50000	1.70041e-18	1.44707e-18
20569.60000	1.38968e-18	7.80412e-19
20571.80000	-3.35997e-19	6.53959e-19
20574.00000	-2.19031e-20	7.92961e-19
20576.20000	3.80601e-19	8.38880e-19
20578.30000	1.36734e-18	7.76775e-19
20580.50000	-2.30451e-20	7.06220e-19
20582.70000	1.07826e-19	6.66083e-19
20584.80000	2.81851e-19	5.39261e-19
20587.00000	8.93539e-19	4.13211e-19
20589.20000	7.53162e-19	3.48889e-19
20591.40000	8.68017e-19	3.40227e-19
20593.50000	3.54262e-19	3.34984e-19
20595.70000	4.21005e-19	3.24250e-19
20597.90000	-2.00529e-19	3.11347e-19
20600.00000	1.98648e-19	2.97635e-19
20602.20000	2.23632e-19	2.98997e-19
20604.40000	9.11825e-19	3.09975e-19
20606.60000	3.59166e-19	3.22716e-19
20608.70000	-3.43192e-19	3.38082e-19
20610.90000	-1.00452e-19	3.32325e-19
20613.10000	3.03621e-19	3.32421e-19
20615.30000	7.81347e-19	3.49420e-19
20617.40000	6.80344e-19	3.58557e-19
20619.60000	1.38696e-19	3.57656e-19
20621.80000	3.91467e-19	4.03495e-19
20623.90000	-1.61018e-19	4.24442e-19
20626.10000	-1.21300e-19	3.97121e-19
20628.30000	3.17614e-19	4.19820e-19
20630.50000	2.09150e-19	4.33443e-19
20632.60000	9.21791e-21	4.28645e-19
20634.80000	1.87832e-19	4.46456e-19
20637.00000	8.45245e-21	4.34752e-19
20639.10000	-2.54554e-20	4.06116e-19
20641.30000	9.48395e-19	4.11273e-19
20643.50000	4.26408e-19	4.26342e-19
20645.70000	1.63712e-19	4.44874e-19
20647.80000	4.94755e-19	5.11746e-19
20650.00000	-6.12626e-19	5.68654e-19
20652.20000	-3.11207e-19	5.59224e-19
20654.30000	1.63541e-18	5.01317e-19
20656.50000	8.00731e-19	4.92378e-19
20658.70000	3.66241e-19	4.78483e-19
20660.90000	3.83101e-19	4.69725e-19
20663.00000	1.44292e-19	4.95021e-19
20665.20000	6.21974e-19	4.99937e-19
20667.40000	3.60309e-19	4.40406e-19
20669.60000	-8.19911e-19	4.73211e-19
20671.70000	9.76583e-19	5.27004e-19
20673.90000	-4.15487e-19	4.97291e-19
20676.10000	9.77406e-19	4.17131e-19
20678.20000	5.36491e-19	3.97544e-19
20680.40000	-1.12453e-19	4.14798e-19
20682.60000	4.13468e-19	3.82263e-19
20684.80000	4.83185e-19	3.83572e-19
20686.90000	-1.93919e-19	4.06780e-19
20689.10000	5.36484e-19	3.81124e-19
20691.30000	2.59074e-19	3.54980e-19
20693.40000	4.67691e-19	3.72446e-19
20695.60000	-4.63992e-20	3.84663e-19
20697.80000	-3.96061e-19	3.68187e-19
20700.00000	3.81942e-19	3.59717e-19
20702.10000	3.07795e-20	3.80722e-19
20704.30000	3.31003e-19	3.71484e-19
20706.50000	-6.78983e-20	3.56358e-19
20708.60000	5.47882e-19	3.76796e-19
20710.80000	2.39082e-19	3.99170e-19
20713.00000	-2.87396e-19	3.80944e-19
20715.20000	1.23581e-18	3.92708e-19
20717.30000	9.21250e-19	3.83887e-19
20719.50000	5.05575e-19	3.91143e-19
20721.70000	2.39400e-19	4.22844e-19
20723.80000	-1.08639e-18	8.70784e-19
20726.00000	-3.70241e-18	1.89873e-18
20728.20000	7.09678e-18	2.51842e-18
20730.40000	1.94599e-18	2.21030e-18
20732.50000	1.42922e-18	1.32644e-18
20734.70000	4.10063e-19	6.27362e-19
20736.90000	4.22898e-19	5.08090e-19
20739.10000	2.72316e-20	5.43905e-19
20741.20000	2.74268e-19	5.24735e-19
20743.40000	2.98064e-19	4.20737e-19
20745.60000	1.76799e-19	3.39776e-19
20747.70000	7.52835e-19	3.39439e-19
20749.90000	4.57005e-19	3.34677e-19
20752.10000	3.30245e-19	3.36838e-19
20754.30000	-5.14699e-20	3.13122e-19
20756.40000	4.20319e-19	3.61740e-19
20758.60000	6.75125e-19	3.64322e-19
20760.80000	2.34784e-19	3.13236e-19
20762.90000	8.23975e-19	3.02692e-19
20765.10000	1.06995e-18	2.96748e-19
20767.30000	3.11116e-19	2.95196e-19
20769.50000	3.43269e-20	2.87975e-19
20771.60000	3.44797e-20	2.87268e-19
20773.80000	3.51102e-19	2.91564e-19
20776.00000	7.27397e-20	3.00401e-19
20778.10000	-9.74929e-20	2.94833e-19
20780.30000	6.21902e-19	2.97828e-19
20782.50000	2.10672e-19	3.01158e-19
20784.70000	3.62569e-19	3.02497e-19
20786.80000	-3.63612e-20	3.00278e-19
20789.00000	3.06034e-19	2.87882e-19
20791.20000	2.29084e-19	2.76529e-19
20793.40000	-4.63843e-20	2.75001e-19
20795.50000	-2.02323e-19	2.68784e-19
20797.70000	-3.19342e-19	2.80161e-19
20799.90000	-8.56067e-19	3.59853e-19
20802.00000	-1.52028e-19	4.53261e-19
20804.20000	-7.93352e-19	5.45807e-19
20806.40000	-2.28956e-20	5.10300e-19
20808.60000	-1.63716e-19	4.38539e-19
20810.70000	1.81327e-19	4.34946e-19
20812.90000	-3.06428e-19	5.04364e-19
20815.10000	8.03161e-19	4.83550e-19
20817.20000	-4.54557e-20	4.51587e-19
20819.40000	3.12176e-19	4.43755e-19
20821.60000	-4.48392e-20	4.40878e-19
20823.80000	5.74786e-19	5.06425e-19
20825.90000	5.84218e-19	5.18955e-19
20828.10000	-6.55442e-19	5.12775e-19
20830.30000	-2.61547e-19	5.05578e-19
20832.40000	7.01013e-19	4.43984e-19
20834.60000	3.17664e-19	3.27528e-19
20836.80000	1.03920e-19	2.89712e-19
20839.00000	4.32519e-19	2.90526e-19
20841.10000	-5.62003e-20	2.95471e-19
20843.30000	1.10795e-19	2.88863e-19
20845.50000	1.28101e-19	2.96387e-19
20847.70000	-1.63889e-19	3.15740e-19
20849.80000	-5.40557e-19	3.46546e-19
20852.00000	-2.00815e-19	3.69943e-19
20854.20000	-1.45421e-19	4.09531e-19
20856.30000	-1.29289e-18	6.72200e-19
20858.50000	-1.05189e-19	1.07356e-18
20860.70000	1.69583e-19	1.19886e-18
20862.90000	-1.56553e-19	9.16768e-19
20865.00000	8.66700e-19	5.26169e-19
20867.20000	5.99816e-19	4.13459e-19
20869.40000	-1.63987e-19	4.11672e-19
20871.50000	1.18549e-19	4.64859e-19
20873.70000	2.59271e-19	5.04908e-19
20875.90000	-5.47211e-19	4.89468e-19
20878.10000	-1.65641e-19	3.78030e-19
20880.20000	3.15670e-19	3.26139e-19
20882.40000	1.52273e-19	3.68480e-19
20884.60000	-8.29175e-20	4.59990e-19
20886.70000	4.25368e-19	3.91860e-19
20888.90000	4.44894e-19	3.04176e-19
20891.10000	4.01389e-19	2.92003e-19
20893.30000	6.86618e-20	2.83391e-19
20895.40000	-1.88861e-19	2.81041e-19
20897.60000	-2.77547e-19	2.88494e-19
20899.80000	4.59872e-19	3.00691e-19
20901.90000	2.10366e-19	3.13686e-19
20904.10000	-5.97939e-20	5.29575e-19
20906.30000	1.47553e-19	1.03774e-18
20908.50000	-3.06904e-19	1.57911e-18
20910.60000	3.35175e-19	1.42126e-18
20912.80000	2.98478e-19	9.57407e-19
20915.00000	3.52265e-19	5.43305e-19
20917.20000	-2.46842e-19	4.53497e-19
20919.30000	7.40715e-19	4.16025e-19
20921.50000	5.96748e-19	3.43097e-19
20923.70000	1.54005e-19	2.93298e-19
20925.80000	3.75796e-19	2.84255e-19
20928.00000	1.71860e-20	2.82986e-19
20930.20000	8.52378e-20	3.03746e-19
20932.40000	2.11059e-19	2.88690e-19
20934.50000	5.87024e-19	2.94626e-19
20936.70000	5.00803e-19	3.02430e-19
20938.90000	2.98496e-19	3.00117e-19
20941.00000	1.83490e-19	2.96680e-19
20943.20000	6.12128e-19	3.09811e-19
20945.40000	1.68143e-19	2.83668e-19
20947.60000	2.14634e-19	2.92206e-19
20949.70000	-3.25310e-19	2.99851e-19
20951.90000	9.99477e-21	2.88402e-19
20954.10000	4.50354e-19	2.88918e-19
20956.20000	1.58268e-19	2.91017e-19
20958.40000	4.55702e-19	2.83003e-19
20960.60000	-6.80032e-20	2.78910e-19
20962.80000	2.39831e-19	2.78285e-19
20964.90000	5.71584e-19	2.74762e-19
20967.10000	3.55440e-19	2.72749e-19
20969.30000	3.19985e-19	2.73571e-19
20971.50000	4.62709e-19	2.70355e-19
20973.60000	2.57186e-19	2.71277e-19
20975.80000	1.24083e-19	2.74436e-19
20978.00000	1.39017e-19	2.71891e-19
20980.10000	2.32267e-19	2.73001e-19
20982.30000	4.14944e-19	2.77428e-19
20984.50000	1.96936e-19	2.76495e-19
20986.70000	2.39857e-19	2.75800e-19
20988.80000	1.70941e-19	3.18387e-19
20991.00000	6.53433e-20	2.88089e-19
20993.20000	1.55449e-19	2.96818e-19
20995.30000	5.18039e-19	2.91658e-19
20997.50000	4.46379e-20	2.77020e-19
20999.70000	5.81894e-19	2.76962e-19
21001.90000	5.27973e-19	3.16862e-19
21004.00000	6.35303e-19	3.59407e-19
21006.20000	6.31037e-19	3.70562e-19
21008.40000	2.43980e-19	3.81969e-19
21010.50000	5.41373e-19	4.55383e-19
21012.70000	4.57513e-19	5.10379e-19
21014.90000	6.82464e-19	4.66827e-19
21017.10000	9.66524e-19	4.21544e-19
21019.20000	4.06694e-19	4.09368e-19
21021.40000	7.53596e-19	4.22391e-19
21023.60000	3.05829e-19	4.70995e-19
21025.80000	9.29751e-19	4.88064e-19
21027.90000	-2.93706e-19	4.60297e-19
21030.10000	-3.79245e-19	5.20366e-19
21032.30000	1.34712e-18	6.19041e-19
21034.40000	9.64962e-19	6.10259e-19
21036.60000	2.42746e-19	4.42157e-19
21038.80000	7.23179e-19	4.05025e-19
21041.00000	1.25194e-19	4.17727e-19
21043.10000	5.64953e-19	4.02880e-19
21045.30000	3.94498e-19	3.92037e-19
21047.50000	3.21393e-19	3.58833e-19
21049.60000	4.33191e-20	3.77807e-19
21051.80000	3.97960e-19	4.68371e-19
21054.00000	1.92881e-19	5.01863e-19
21056.20000	4.34800e-19	4.43808e-19
21058.30000	1.50039e-19	5.46459e-19
21060.50000	1.04622e-18	7.93701e-19
21062.70000	2.01475e-18	8.66764e-19
21064.80000	1.64708e-18	8.77822e-19
21067.00000	3.67905e-19	9.06071e-19
21069.20000	2.89950e-19	8.65885e-19
21071.40000	8.09010e-19	6.42833e-19
21073.50000	9.80026e-19	5.19765e-19
21075.70000	3.78850e-19	5.28983e-19
21077.90000	2.13204e-19	4.47137e-19
21080.00000	1.75406e-19	3.46861e-19
21082.20000	1.84537e-19	3.17414e-19
21084.40000	8.50121e-19	3.17136e-19
21086.60000	2.13852e-19	3.74708e-19
21088.70000	-3.37794e-20	5.10644e-19
21090.90000	-2.70229e-19	5.38851e-19
21093.10000	-5.35498e-19	5.58090e-19
21095.30000	3.40243e-19	6.83042e-19
21097.40000	8.31261e-19	7.17182e-19
21099.60000	2.35394e-19	6.34524e-19
21101.80000	5.66158e-19	6.90290e-19
21103.90000	1.52777e-18	9.16057e-19
21106.10000	5.18514e-19	9.65086e-19
21108.30000	-6.29886e-19	7.70593e-19
21110.50000	8.27116e-20	5.78749e-19
21112.60000	8.95979e-19	7.26860e-19
21114.80000	-2.54729e-19	1.09281e-18
21117.00000	-1.09685e-18	1.07778e-18
21119.10000	-4.93587e-19	6.12810e-19
21121.30000	4.65065e-19	3.65079e-19
21123.50000	3.08282e-19	3.26737e-19
21125.70000	1.09319e-20	3.68038e-19
21127.80000	4.94590e-19	3.18789e-19
21130.00000	2.21893e-19	3.04264e-19
21132.20000	5.04674e-19	2.93511e-19
21134.30000	5.24182e-19	2.83730e-19
21136.50000	-3.11245e-20	2.83269e-19
21138.70000	1.99292e-19	2.82196e-19
21140.90000	1.04124e-19	2.84044e-19
21143.00000	-5.27356e-20	2.88430e-19
21145.20000	-1.77309e-19	2.76771e-19
21147.40000	1.73075e-19	2.78443e-19
21149.60000	4.68267e-19	2.96937e-19
21151.70000	-2.79874e-19	4.01474e-19
21153.90000	3.67021e-19	6.50464e-19
21156.10000	-2.09487e-19	8.01607e-19
21158.20000	-5.91252e-19	6.56601e-19
21160.40000	-2.80933e-19	3.92134e-19
21162.60000	-5.40680e-20	3.14617e-19
21164.80000	-2.84213e-19	3.07975e-19
21166.90000	-3.80514e-20	3.11670e-19
21169.10000	1.30715e-19	3.15114e-19
21171.30000	3.30642e-19	4.29780e-19
21173.40000	9.66736e-19	8.20734e-19
21175.60000	2.00890e-18	1.68335e-18
21177.80000	1.07286e-18	1.60641e-18
21180.00000	2.89605e-19	8.00859e-19
21182.10000	5.30936e-19	5.05913e-19
21184.30000	4.02190e-19	4.27666e-19
21186.50000	3.47367e-19	3.81994e-19
21188.60000	3.15380e-19	3.91029e-19
21190.80000	-1.36053e-20	4.33705e-19
21193.00000	7.07721e-20	4.78340e-19
21195.20000	1.00362e-19	4.74304e-19
21197.30000	2.73009e-19	4.48017e-19
21199.50000	5.66643e-19	3.59276e-19
21201.70000	6.91778e-19	3.55542e-19
21203.80000	4.17527e-19	3.89960e-19
21206.00000	2.05560e-19	3.91654e-19
21208.20000	-3.37910e-20	3.63849e-19
21210.40000	4.11300e-19	3.55603e-19
21212.50000	5.37390e-19	3.38257e-19
21214.70000	7.69823e-19	3.42979e-19
21216.90000	5.41781e-19	3.84378e-19
21219.10000	4.75762e-20	3.99960e-19
21221.20000	1.02612e-19	3.56772e-19
21223.40000	4.58519e-19	3.21300e-19
21225.60000	3.34885e-19	3.54730e-19
21227.70000	-8.14907e-19	4.88248e-19
21229.90000	-5.35118e-19	7.61323e-19
21232.10000	1.35579e-18	9.77975e-19
21234.30000	9.20684e-19	1.01321e-18
21236.40000	3.57609e-19	5.94750e-19
21238.60000	2.23866e-19	4.05813e-19
21240.80000	2.30406e-19	3.30356e-19
21242.90000	4.72865e-19	3.40424e-19
21245.10000	1.43443e-18	4.95814e-19
21247.30000	2.31035e-18	1.06964e-18
21249.50000	7.64021e-19	1.42352e-18
21251.60000	1.49715e-18	1.14509e-18
21253.80000	9.43313e-19	5.28604e-19
21256.00000	2.97230e-20	3.54628e-19
21258.10000	2.29410e-19	3.41365e-19
21260.30000	2.95893e-19	3.29411e-19
21262.50000	1.39514e-19	3.02269e-19
21264.70000	1.53325e-19	2.99373e-19
21266.80000	3.91177e-19	2.95094e-19
21269.00000	2.92266e-19	2.93221e-19
21271.20000	-8.72518e-20	2.96551e-19
21273.40000	4.64408e-19	3.31290e-19
21275.50000	-7.42500e-20	4.50802e-19
21277.70000	-3.39781e-19	6.25267e-19
21279.90000	-3.24248e-19	6.34688e-19
21282.00000	-4.70911e-19	4.70107e-19
21284.20000	3.25327e-19	3.34375e-19
21286.40000	7.95340e-19	2.87510e-19
21288.60000	4.71472e-19	3.03450e-19
21290.70000	3.07987e-19	3.32394e-19
21292.90000	5.96764e-19	3.47099e-19
21295.10000	4.88483e-19	3.59196e-19
21297.20000	5.00629e-19	3.04839e-19
21299.40000	3.10623e-19	2.79254e-19
21301.60000	3.30760e-19	2.82217e-19
21303.80000	2.32550e-19	2.84924e-19
21305.90000	1.97176e-19	2.86667e-19
21308.10000	2.79712e-20	2.92257e-19
21310.30000	-8.68614e-20	3.08442e-19
21312.40000	2.55214e-19	3.93004e-19
21314.60000	3.15834e-20	5.73896e-19
21316.80000	4.96324e-19	6.88039e-19
21319.00000	4.47058e-19	6.72083e-19
21321.10000	6.05647e-19	6.58670e-19
21323.30000	1.60118e-18	7.73074e-19
21325.50000	2.04487e-18	8.88074e-19
21327.70000	1.19785e-18	7.87364e-19
21329.80000	4.84608e-19	5.50725e-19
21332.00000	3.06209e-19	3.73596e-19
21334.20000	6.92172e-19	3.22702e-19
21336.30000	5.81656e-19	3.44005e-19
21338.50000	2.46398e-19	3.65518e-19
21340.70000	2.30834e-19	3.36242e-19
21342.90000	6.24037e-19	3.07650e-19
21345.00000	7.88747e-19	3.00763e-19
21347.20000	2.11673e-19	3.01409e-19
21349.40000	-3.46407e-21	3.06508e-19
21351.50000	4.28451e-19	3.46926e-19
21353.70000	2.79220e-19	4.04202e-19
21355.90000	4.38213e-19	4.32365e-19
21358.10000	3.26098e-19	4.41617e-19
21360.20000	1.64371e-19	4.57598e-19
21362.40000	-3.72574e-19	3.87500e-19
21364.60000	2.29310e-19	3.16325e-19
21366.70000	2.58125e-19	3.17612e-19
21368.90000	4.67681e-19	3.65009e-19
21371.10000	4.02926e-19	4.41172e-19
21373.30000	-3.74507e-19	4.68557e-19
21375.40000	1.21033e-19	4.24508e-19
21377.60000	4.03663e-19	4.14595e-19
21379.80000	-2.69810e-19	4.37615e-19
21381.90000	-3.32272e-19	4.11067e-19
21384.10000	9.21358e-20	3.44997e-19
21386.30000	1.30722e-19	3.11358e-19
21388.50000	1.35605e-19	3.07753e-19
21390.60000	2.56039e-19	3.07888e-19
21392.80000	3.15346e-20	3.08534e-19
21395.00000	1.32186e-19	3.01930e-19
21397.20000	3.61381e-19	3.02433e-19
21399.30000	9.07994e-19	3.04710e-19
21401.50000	4.27737e-19	3.08688e-19
21403.70000	8.25647e-20	3.12024e-19
21405.80000	1.50487e-19	3.10849e-19
21408.00000	7.68616e-19	3.08265e-19
21410.20000	6.37259e-19	3.10455e-19
21412.40000	2.36075e-19	3.50398e-19
21414.50000	-5.08370e-20	3.43598e-19
21416.70000	7.69755e-21	3.42094e-19
21418.90000	5.02766e-19	3.51586e-19
21421.00000	2.97671e-19	3.65591e-19
21423.20000	5.20153e-19	3.63183e-19
21425.40000	9.71303e-19	3.40573e-19
21427.60000	9.22827e-19	3.54298e-19
21429.70000	2.98480e-19	3.41420e-19
21431.90000	1.76459e-19	3.38464e-19
21434.10000	3.21501e-19	3.30487e-19
21436.20000	-7.08901e-20	3.33052e-19
21438.40000	-9.38928e-20	3.51262e-19
21440.60000	4.16640e-19	3.49461e-19
21442.80000	-2.01424e-19	3.49196e-19
21444.90000	-2.88935e-19	3.37187e-19
21447.10000	-1.70456e-19	4.04181e-19
21449.30000	1.13047e-19	3.61324e-19
21451.50000	3.80316e-19	3.13027e-19
21453.60000	4.12748e-19	3.16449e-19
21455.80000	2.02968e-19	3.14824e-19
21458.00000	-1.74447e-19	3.09545e-19
21460.10000	-3.56340e-19	3.07413e-19
21462.30000	-3.79129e-20	3.55308e-19
21464.50000	6.96964e-19	3.46101e-19
21466.70000	5.86126e-19	3.22975e-19
21468.80000	3.38820e-19	3.24886e-19
21471.00000	-7.05871e-20	3.25719e-19
21473.20000	1.34744e-19	3.18840e-19
21475.30000	6.79856e-19	3.25796e-19
21477.50000	1.05301e-18	3.31630e-19
21479.70000	2.36176e-19	3.28382e-19
21481.90000	9.44636e-20	3.19941e-19
21484.00000	2.80095e-19	3.25037e-19
21486.20000	1.63190e-19	3.27966e-19
21488.40000	2.01480e-19	3.29860e-19
21490.50000	5.55590e-19	3.34247e-19
21492.70000	3.94320e-20	3.36379e-19
21494.90000	-3.38266e-19	3.49424e-19
21497.10000	-5.11846e-20	3.58602e-19
21499.20000	8.27560e-20	3.92816e-19
21501.40000	4.97443e-19	5.64045e-19
21503.60000	-3.86087e-19	1.11652e-18
21505.80000	2.52434e-18	2.13702e-18
21507.90000	2.14625e-18	2.36516e-18
21510.10000	1.68112e-18	1.59974e-18
21512.30000	-2.97251e-19	8.23323e-19
21514.40000	7.49388e-20	5.61778e-19
21516.60000	8.07931e-19	4.30342e-19
21518.80000	6.40212e-19	4.01875e-19
21521.00000	1.14170e-19	4.20180e-19
21523.10000	-2.52332e-20	5.03945e-19
21525.30000	4.13249e-19	5.04052e-19
21527.50000	7.47510e-20	5.47271e-19
21529.60000	5.01663e-19	6.00743e-19
21531.80000	-2.28926e-19	6.37790e-19
21534.00000	-1.95789e-18	8.60821e-19
21536.20000	-1.28581e-19	1.33159e-18
21538.30000	-1.94954e-18	1.46331e-18
21540.50000	-4.93227e-19	1.00179e-18
21542.70000	-2.31678e-19	7.02362e-19
21544.80000	5.13917e-19	6.67403e-19
21547.00000	6.38394e-19	6.48411e-19
21549.20000	5.40363e-19	5.74086e-19
21551.40000	5.59361e-19	4.73371e-19
21553.50000	-4.75628e-20	3.80801e-19
21555.70000	5.85466e-19	3.48261e-19
21557.90000	3.24043e-19	3.39505e-19
21560.10000	6.36446e-19	3.46242e-19
21562.20000	7.68963e-19	3.57321e-19
21564.40000	7.20840e-19	3.81184e-19
21566.60000	-2.69571e-19	4.17295e-19
21568.70000	5.69870e-19	5.24425e-19
21570.90000	6.35220e-19	4.89747e-19
21573.10000	4.73143e-19	4.04681e-19
21575.30000	4.04753e-19	4.06115e-19
21577.40000	2.01039e-18	6.27868e-19
21579.60000	1.00041e-18	1.02254e-18
21581.80000	-7.78163e-20	9.29820e-19
21583.90000	-6.66621e-20	6.44194e-19
21586.10000	8.41663e-19	4.50223e-19
21588.30000	-4.21266e-20	4.08839e-19
21590.50000	1.62002e-19	3.87036e-19
21592.60000	3.14563e-19	3.83442e-19
21594.80000	4.69855e-19	4.00123e-19
21597.00000	4.56799e-19	4.13348e-19
21599.10000	6.32757e-19	3.99308e-19
21601.30000	6.90342e-19	3.74521e-19
21603.50000	4.98777e-19	3.48444e-19
21605.70000	1.32790e-19	3.42030e-19
21607.80000	2.42733e-19	3.66432e-19
21610.00000	-2.80081e-19	3.75911e-19
21612.20000	1.06005e-19	3.77870e-19
21614.30000	-1.18705e-19	3.67005e-19
21616.50000	1.71100e-19	3.52562e-19
21618.70000	3.29620e-20	3.64122e-19
21620.90000	-9.03673e-20	3.71983e-19
21623.00000	1.16655e-19	3.76293e-19
21625.20000	5.31863e-19	3.58393e-19
21627.40000	4.58261e-19	3.47700e-19
21629.60000	-9.97848e-20	3.42679e-19
21631.70000	-1.03778e-18	3.92670e-19
21633.90000	-9.34086e-20	4.73055e-19
21636.10000	-2.89413e-19	5.65497e-19
21638.20000	-4.23598e-19	5.64425e-19
21640.40000	6.15736e-19	5.07711e-19
21642.60000	6.31310e-19	4.07031e-19
21644.80000	1.04679e-18	3.58217e-19
21646.90000	6.34974e-19	3.44880e-19
21649.10000	3.85862e-19	3.47397e-19
21651.30000	7.49506e-20	3.51129e-19
21653.40000	-3.43570e-19	3.67673e-19
21655.60000	-3.46302e-19	3.99223e-19
21657.80000	-3.09937e-19	4.44829e-19
21660.00000	4.18211e-19	4.37614e-19
21662.10000	-8.34359e-19	4.15583e-19
21664.30000	-5.46675e-19	4.10211e-19
21666.50000	5.39958e-19	3.80304e-19
21668.60000	5.78479e-19	3.59169e-19
21670.80000	6.65377e-19	3.89528e-19
21673.00000	4.78146e-19	4.33977e-19
21675.20000	6.11414e-20	4.34623e-19
21677.30000	8.77056e-19	3.90829e-19
21679.50000	7.14224e-19	3.96235e-19
21681.70000	3.94127e-19	4.24968e-19
21683.90000	-2.55902e-19	4.32780e-19
21686.00000	5.71754e-19	3.91131e-19
21688.20000	7.00619e-19	3.71737e-19
21690.40000	3.13888e-19	3.74479e-19
21692.50000	-7.45524e-21	3.72313e-19
21694.70000	2.21331e-19	3.72148e-19
21696.90000	5.72010e-19	3.61395e-19
21699.10000	5.68558e-21	3.57413e-19
21701.20000	6.19800e-19	3.79163e-19
21703.40000	5.94397e-19	4.16790e-19
21705.60000	7.77527e-19	4.48481e-19
21707.70000	8.50705e-19	7.21759e-19
21709.90000	-6.83422e-19	1.11559e-18
21712.10000	2.65872e-18	1.20526e-18
21714.30000	5.19015e-19	8.15499e-19
21716.40000	9.80163e-19	4.47805e-19
21718.60000	3.19842e-19	4.66900e-19
21720.80000	3.86276e-20	4.31962e-19
21722.90000	6.33601e-19	3.85337e-19
21725.10000	3.65349e-19	3.64658e-19
21727.30000	2.82471e-20	3.64666e-19
21729.50000	1.06066e-18	3.68922e-19
21731.60000	2.39939e-19	3.83836e-19
21733.80000	3.21891e-19	3.71205e-19
21736.00000	5.23357e-19	3.60184e-19
21738.20000	2.66120e-19	3.61729e-19
21740.30000	4.68367e-19	3.65279e-19
21742.50000	-6.35409e-19	3.57982e-19
21744.70000	-4.95717e-19	3.62758e-19
21746.80000	7.21992e-20	3.69678e-19
21749.00000	7.03763e-19	3.67548e-19
21751.20000	2.44630e-19	3.62521e-19
21753.40000	5.43640e-19	3.67347e-19
21755.50000	9.74699e-19	3.91961e-19
21757.70000	9.42457e-19	4.61812e-19
21759.90000	1.15528e-18	5.42330e-19
21762.00000	-4.98001e-19	5.83517e-19
21764.20000	4.25188e-19	5.11814e-19
21766.40000	-6.24632e-20	4.69942e-19
21768.60000	6.08712e-19	3.77137e-19
21770.70000	-3.04316e-19	3.65611e-19
21772.90000	8.47293e-19	3.73924e-19
21775.10000	3.29774e-19	3.79837e-19
21777.20000	5.83203e-19	3.77876e-19
21779.40000	1.91860e-19	3.70825e-19
21781.60000	-5.94995e-20	3.74446e-19
21783.80000	6.13662e-19	3.90549e-19
21785.90000	1.03239e-18	4.11359e-19
21788.10000	-1.34213e-19	4.97199e-19
21790.30000	2.89570e-19	5.56173e-19
21792.40000	8.14567e-19	6.15214e-19
21794.60000	6.10737e-19	6.02512e-19
21796.80000	-1.50869e-19	6.32225e-19
21799.00000	-9.09872e-19	1.08371e-18
21801.10000	-1.70680e-18	1.84841e-18
21803.30000	-3.81936e-18	2.41004e-18
21805.50000	-1.17372e-18	1.43536e-18
21807.70000	-7.97289e-19	5.90353e-19
21809.80000	-1.51585e-19	4.46675e-19
21812.00000	4.72435e-19	4.14982e-19
21814.20000	-4.81813e-20	3.85571e-19
21816.30000	2.56714e-19	3.89041e-19
21818.50000	2.52543e-19	3.92534e-19
21820.70000	1.79888e-19	3.93276e-19
21822.90000	1.99106e-19	3.87412e-19
21825.00000	1.60507e-19	4.10269e-19
21827.20000	2.71313e-19	4.03820e-19
21829.40000	-1.21073e-19	3.94655e-19
21831.50000	4.46892e-19	3.91369e-19
21833.70000	1.01443e-18	4.00335e-19
21835.90000	-2.69788e-19	3.94393e-19
21838.10000	-1.85779e-19	4.16658e-19
21840.20000	3.03129e-19	4.06533e-19
21842.40000	9.16959e-19	4.19651e-19
21844.60000	5.06058e-19	4.23818e-19
21846.70000	2.04424e-20	4.18172e-19
21848.90000	5.95897e-19	4.06858e-19
21851.10000	4.53143e-19	4.08845e-19
21853.30000	7.86453e-19	4.04388e-19
21855.40000	1.06617e-19	3.93993e-19
21857.60000	1.73275e-19	3.83182e-19
21859.80000	7.30772e-19	4.05436e-19
21862.00000	-1.13475e-19	4.00350e-19
21864.10000	1.34954e-18	4.04306e-19
21866.30000	-5.35597e-19	3.96452e-19
21868.50000	7.24661e-19	4.70162e-19
21870.60000	3.61731e-18	8.96270e-19
21872.80000	-1.49092e-18	1.38819e-18
21875.00000	3.63426e-19	1.39420e-18
21877.20000	3.87465e-19	8.57460e-19
21879.30000	1.17414e-18	4.74489e-19
21881.50000	2.97161e-19	4.55091e-19
21883.70000	4.59590e-19	4.39143e-19
21885.80000	1.65864e-19	5.87735e-19
21888.00000	2.74107e-19	4.93858e-19
21890.20000	-6.44994e-20	4.58083e-19
21892.40000	4.88164e-19	4.85867e-19
21894.50000	-1.56872e-19	4.60041e-19
21896.70000	-1.98371e-19	4.08007e-19
21898.90000	3.54159e-19	4.25762e-19
21901.00000	4.78718e-19	3.93833e-19
21903.20000	3.22915e-19	5.14361e-19
21905.40000	-3.29876e-19	4.56815e-19
21907.60000	3.90280e-19	4.24421e-19
21909.70000	5.11299e-19	3.99421e-19
21911.90000	1.39137e-19	3.85101e-19
21914.10000	-3.52699e-19	3.81529e-19
21916.20000	1.08296e-18	3.93269e-19
21918.40000	2.62721e-19	3.84138e-19
21920.60000	6.16750e-19	3.81094e-19
21922.80000	1.36711e-19	3.83771e-19
21924.90000	3.56643e-19	4.09358e-19
21927.10000	1.07828e-19	3.98148e-19
21929.30000	5.81426e-19	3.94822e-19
21931.50000	2.87116e-19	3.93177e-19
21933.60000	2.23244e-19	4.06157e-19
21935.80000	-2.67531e-20	4.10425e-19
21938.00000	-3.45373e-20	4.10087e-19
21940.10000	-2.45254e-19	4.18389e-19
21942.30000	-1.38507e-19	4.17869e-19
21944.50000	8.16431e-19	4.33104e-19
21946.70000	3.76001e-19	4.39524e-19
21948.80000	1.17975e-19	4.77744e-19
21951.00000	7.09374e-19	7.11268e-19
21953.20000	-1.66409e-18	1.64860e-18
21955.30000	2.11500e-18	2.28486e-18
21957.50000	1.32263e-19	2.15612e-18
21959.70000	-2.19487e-18	1.14782e-18
21961.90000	1.98070e-19	5.59237e-19
21964.00000	8.81645e-19	4.73701e-19
21966.20000	9.17158e-19	4.45283e-19
21968.40000	1.84864e-18	4.42762e-19
21970.50000	3.91238e-18	4.66544e-19
21972.70000	5.82214e-18	4.63406e-19
21974.90000	8.34495e-18	4.70533e-19
21977.10000	5.68527e-18	4.87995e-19
21979.20000	3.72621e-18	5.13538e-19
21981.40000	1.90951e-18	5.28926e-19
21983.60000	1.43401e-18	5.07148e-19
21985.80000	2.43827e-19	6.05423e-19
21987.90000	1.30727e-19	5.35209e-19
21990.10000	-2.42112e-19	5.32210e-19
21992.30000	3.79598e-19	5.40498e-19
21994.40000	-5.41420e-20	6.06719e-19
21996.60000	-5.33311e-19	6.92418e-19
21998.80000	-5.95128e-19	5.86908e-19
22001.00000	1.82936e-20	5.68112e-19
22003.10000	-1.56231e-19	6.03483e-19
22005.30000	2.71117e-19	5.27907e-19
22007.50000	1.94227e-19	4.89645e-19
22009.60000	8.81512e-19	4.66982e-19
22011.80000	7.69998e-19	4.89729e-19
22014.00000	4.44094e-19	4.94674e-19
22016.20000	7.98761e-19	4.65150e-19
22018.30000	-2.23882e-19	4.44608e-19
22020.50000	3.11194e-20	4.56140e-19
22022.70000	6.05205e-19	4.81993e-19
22024.80000	9.86185e-20	4.96893e-19
22027.00000	7.99612e-19	5.52369e-19
22029.20000	-6.94147e-19	5.95021e-19
22031.40000	6.73046e-19	5.38474e-19
22033.50000	-3.77398e-19	4.97333e-19
22035.70000	-1.01465e-18	4.59070e-19
22037.90000	-6.72957e-19	4.63831e-19
22040.10000	6.47956e-19	4.69793e-19
22042.20000	7.41719e-19	4.69680e-19
22044.40000	5.71557e-19	4.75633e-19
22046.60000	8.04435e-19	5.32946e-19
22048.70000	-2.76672e-19	7.04209e-19
22050.90000	9.82636e-19	1.29698e-18
22053.10000	-2.50269e-19	1.38873e-18
22055.30000	-7.74045e-19	1.10783e-18
22057.40000	4.08313e-19	6.96396e-19
22059.60000	2.69888e-19	5.72621e-19
22061.80000	7.54896e-19	5.45839e-19
22063.90000	1.02925e-18	5.18883e-19
22066.10000	8.96018e-19	4.77997e-19
22068.30000	2.79601e-19	4.83954e-19
22070.50000	2.28762e-19	4.69648e-19
22072.60000	1.10177e-18	4.42469e-19
22074.80000	1.17979e-20	4.43184e-19
22077.00000	8.03045e-19	4.36933e-19
22079.10000	6.59070e-19	4.32442e-19
22081.30000	-6.10055e-19	4.39228e-19
22083.50000	-2.84673e-19	4.37891e-19
22085.70000	4.63748e-19	4.25649e-19
22087.80000	4.35322e-19	4.21766e-19
22090.00000	2.35184e-19	4.55450e-19
22092.20000	-2.37829e-20	5.18493e-19
22094.30000	-4.28707e-20	4.43021e-19
22096.50000	1.90369e-19	4.44729e-19
22098.70000	2.72916e-19	4.44394e-19
22100.90000	-7.80429e-20	4.41695e-19
22103.00000	8.45933e-19	4.40367e-19
22105.20000	4.12184e-19	4.42477e-19
22107.40000	9.69546e-20	4.51304e-19
22109.60000	1.56556e-19	4.65824e-19
22111.70000	3.84738e-19	4.73551e-19
22113.90000	1.22138e-19	4.78518e-19
22116.10000	-1.59864e-19	4.74478e-19
22118.20000	2.64866e-19	4.83831e-19
22120.40000	5.42225e-19	5.87299e-19
22122.60000	-9.75284e-19	1.22995e-18
22124.80000	-5.94725e-18	2.02632e-18
22126.90000	-3.32142e-19	2.02254e-18
22129.10000	-2.91102e-19	1.25847e-18
22131.30000	5.25742e-19	6.77969e-19
22133.40000	2.72843e-19	5.06420e-19
22135.60000	-7.60229e-20	4.95158e-19
22137.80000	3.91979e-19	4.72252e-19
22140.00000	5.42743e-19	4.62970e-19
22142.10000	9.39051e-20	4.64927e-19
22144.30000	2.43085e-19	4.58124e-19
22146.50000	1.93183e-19	4.57953e-19
22148.60000	1.64394e-19	4.73935e-19
22150.80000	8.14731e-19	4.65049e-19
22153.00000	2.64039e-19	4.53329e-19
22155.20000	8.73294e-19	4.54048e-19
22157.30000	2.16850e-19	4.65246e-19
22159.50000	5.68271e-19	4.77477e-19
22161.70000	2.92524e-19	4.65276e-19
22163.90000	2.75883e-19	4.69312e-19
22166.00000	5.61835e-19	4.92899e-19
22168.20000	1.11811e-18	5.09437e-19
22170.40000	6.23772e-19	4.94284e-19
22172.50000	3.58676e-19	4.73755e-19
22174.70000	-2.62295e-19	4.66554e-19
22176.90000	2.02690e-19	4.58372e-19
22179.10000	-1.88765e-19	4.65064e-19
22181.20000	-4.65757e-20	4.68993e-19
22183.40000	1.86801e-19	4.61603e-19
22185.60000	5.49244e-19	4.62542e-19
22187.70000	2.56895e-19	4.68542e-19
22189.90000	4.96149e-19	4.81929e-19
22192.10000	1.37292e-19	4.78722e-19
22194.30000	5.97325e-20	4.73630e-19
22196.40000	1.53632e-19	4.69122e-19
22198.60000	1.27847e-18	4.65058e-19
22200.80000	6.27645e-19	4.55881e-19
22202.90000	6.70399e-19	4.58070e-19
22205.10000	9.88169e-19	4.68198e-19
22207.30000	6.99308e-19	4.79740e-19
22209.50000	1.18388e-20	4.87138e-19
22211.60000	-8.32449e-21	4.98105e-19
22213.80000	3.54004e-19	4.98867e-19
22216.00000	5.08750e-19	4.93549e-19
22218.20000	4.81632e-19	4.78267e-19
22220.30000	-8.52823e-20	4.60123e-19
22222.50000	-7.91272e-20	4.46917e-19
22224.70000	-6.42432e-19	4.58725e-19
22226.80000	-3.84607e-19	4.62681e-19
22229.00000	3.13580e-19	4.65890e-19
22231.20000	-2.95988e-19	4.71407e-19
22233.40000	1.64528e-19	4.65990e-19
22235.50000	1.91161e-19	4.74601e-19
22237.70000	5.04970e-19	4.84302e-19
22239.90000	6.10214e-19	4.85683e-19
22242.00000	4.89713e-19	5.16830e-19
22244.20000	-3.45374e-19	6.75475e-19
22246.40000	-4.13275e-19	1.07260e-18
22248.60000	2.95631e-18	1.31465e-18
22250.70000	1.15036e-18	1.02403e-18
22252.90000	6.32296e-20	6.08883e-19
22255.10000	6.17604e-19	4.92963e-19
22257.20000	3.40967e-19	5.05924e-19
22259.40000	1.03018e-19	5.10541e-19
22261.60000	5.14726e-19	5.15780e-19
22263.80000	5.17834e-19	5.25491e-19
22265.90000	2.29205e-19	5.26415e-19
22268.10000	5.27522e-19	5.12977e-19
22270.30000	7.05249e-19	5.02086e-19
22272.40000	7.31504e-19	5.20658e-19
22274.60000	1.82610e-19	5.42530e-19
22276.80000	5.36793e-19	5.40698e-19
22279.00000	6.40982e-19	5.11081e-19
22281.10000	1.84704e-20	4.98463e-19
22283.30000	2.99347e-19	4.92439e-19
22285.50000	1.30393e-18	5.00235e-19
22287.70000	2.26363e-19	5.04534e-19
22289.80000	-5.73367e-19	5.06702e-19
22292.00000	-5.60121e-19	4.94123e-19
22294.20000	-5.26778e-19	4.81782e-19
22296.30000	4.77191e-19	4.73084e-19
22298.50000	9.24048e-19	4.68482e-19
22300.70000	4.99280e-19	4.75598e-19
22302.90000	4.35836e-19	4.74641e-19
22305.00000	2.80779e-19	4.88278e-19
22307.20000	-3.46872e-19	5.76615e-19
22309.40000	2.10196e-19	9.15963e-19
22311.50000	2.68605e-18	1.54253e-18
22313.70000	-1.66304e-18	1.69570e-18
22315.90000	-4.01550e-19	1.29246e-18
22318.10000	1.04300e-18	7.79561e-19
22320.20000	3.17569e-19	6.02973e-19
22322.40000	3.21791e-19	5.56760e-19
22324.60000	3.39034e-19	5.47849e-19
22326.70000	2.61855e-19	5.24502e-19
22328.90000	6.79933e-19	5.31144e-19
22331.10000	7.02243e-19	5.28238e-19
22333.30000	8.62263e-19	5.18343e-19
22335.40000	-2.70375e-19	5.66649e-19
22337.60000	2.87886e-20	6.27192e-19
22339.80000	2.41661e-20	6.26135e-19
22342.00000	1.14079e-18	5.99861e-19
22344.10000	9.44336e-20	6.16688e-19
22346.30000	-1.19902e-18	6.41320e-19
22348.50000	-3.94665e-19	6.52449e-19
22350.60000	4.46672e-19	6.30983e-19
22352.80000	-6.62084e-21	5.10716e-19
22355.00000	-2.31487e-19	4.88757e-19
22357.20000	-3.67456e-19	4.99778e-19
22359.30000	-1.34343e-20	5.00586e-19
22361.50000	6.87509e-19	4.96426e-19
22363.70000	1.18798e-18	4.96430e-19
22365.80000	3.65366e-19	4.89994e-19
22368.00000	1.01158e-20	4.85264e-19
22370.20000	1.81689e-19	4.88194e-19
22372.40000	9.27688e-19	5.00284e-19
22374.50000	1.12719e-18	5.17012e-19
22376.70000	1.81529e-18	5.18588e-19
22378.90000	2.36999e-19	4.98650e-19
22381.00000	3.92705e-20	4.99052e-19
22383.20000	6.00442e-19	4.84511e-19
22385.40000	2.95475e-19	4.77113e-19
22387.60000	2.16525e-19	4.68826e-19
22389.70000	2.37426e-19	4.67357e-19
22391.90000	-6.21211e-20	4.69385e-19
22394.10000	6.17593e-19	4.71041e-19
22396.20000	7.40010e-19	4.85643e-19
22398.40000	5.78726e-19	4.86583e-19
22400.60000	1.82643e-19	4.88467e-19
22402.80000	4.24170e-19	4.93673e-19
22404.90000	3.68073e-19	4.90610e-19
22407.10000	5.71169e-19	4.94510e-19
22409.30000	5.67368e-19	5.07852e-19
22411.50000	1.42408e-19	5.08791e-19
22413.60000	-1.32726e-19	5.17616e-19
22415.80000	1.71896e-19	5.20657e-19
22418.00000	-2.32445e-19	5.29176e-19
22420.10000	-5.77626e-19	5.33299e-19
22422.30000	3.42822e-19	5.39604e-19
22424.50000	1.86363e-19	5.40435e-19
22426.70000	-8.76846e-20	5.58812e-19
22428.80000	7.64196e-19	5.85818e-19
22431.00000	-4.22032e-19	5.85613e-19
22433.20000	-9.24515e-19	5.57746e-19
22435.30000	3.88167e-19	5.29355e-19
22437.50000	7.62430e-19	5.44649e-19
22439.70000	7.21183e-19	5.69839e-19
22441.90000	7.06223e-19	5.54948e-19
22444.00000	3.88241e-19	5.42430e-19
22446.20000	3.11441e-19	5.41266e-19
22448.40000	9.54613e-20	5.33239e-19
22450.50000	7.62609e-19	5.45235e-19
22452.70000	-6.48356e-19	5.39121e-19
22454.90000	-2.16151e-19	5.38276e-19
22457.10000	9.56158e-19	6.71607e-19
22459.20000	-2.32743e-19	1.00254e-18
22461.40000	1.33385e-18	1.02829e-18
22463.60000	3.53405e-19	8.25816e-19
22465.80000	7.17258e-19	7.11519e-19
22467.90000	3.32541e-19	6.39393e-19
22470.10000	8.86147e-19	5.74988e-19
22472.30000	5.01438e-19	5.41296e-19
22474.40000	7.26199e-20	5.25986e-19
22476.60000	7.90782e-19	5.18531e-19
22478.80000	5.21978e-19	5.13393e-19
22481.00000	5.97134e-19	5.11171e-19
22483.10000	1.32270e-18	5.11810e-19
22485.30000	-3.85578e-20	5.16375e-19
22487.50000	6.89289e-19	5.13173e-19
22489.60000	-1.43342e-19	5.15955e-19
22491.80000	-3.20383e-19	5.15943e-19
22494.00000	-8.65909e-19	5.14899e-19
22496.20000	7.13954e-19	5.36190e-19
22498.30000	-4.69333e-19	5.44439e-19
22500.50000	-7.43542e-19	5.23610e-19
22502.70000	1.00498e-19	5.17647e-19
22504.80000	-4.56043e-19	5.37835e-19
22507.00000	3.75192e-19	5.36231e-19
22509.20000	-5.39897e-19	5.28236e-19
22511.40000	6.14448e-19	5.38550e-19
22513.50000	-2.56122e-19	6.86944e-19
22515.70000	1.41622e-18	1.04443e-18
22517.90000	6.99069e-19	1.26242e-18
22520.10000	-2.58260e-18	1.20546e-18
22522.20000	9.89231e-19	9.06193e-19
22524.40000	-3.32610e-19	6.17335e-19
22526.60000	-2.43139e-19	5.52251e-19
22528.70000	-8.74776e-23	5.59317e-19
22530.90000	4.01771e-19	5.57861e-19
22533.10000	7.57101e-19	5.50290e-19
22535.30000	4.87165e-19	5.31264e-19
22537.40000	2.19655e-18	5.88853e-19
22539.60000	8.30040e-19	5.64941e-19
22541.80000	3.87699e-19	5.65384e-19
22543.90000	6.20396e-19	5.88588e-19
22546.10000	2.76166e-20	5.98337e-19
22548.30000	-9.22230e-19	5.64384e-19
22550.50000	4.04156e-19	5.61103e-19
22552.60000	4.53573e-20	5.62461e-19
22554.80000	1.12048e-18	5.58312e-19
22557.00000	1.99670e-19	5.53968e-19
22559.10000	4.70994e-19	5.54931e-19
22561.30000	-4.16974e-19	6.90735e-19
22563.50000	3.12294e-19	5.84289e-19
22565.70000	8.81681e-19	5.95052e-19
22567.80000	5.73535e-19	6.03069e-19
22570.00000	2.15522e-19	5.95997e-19
22572.20000	4.00241e-19	5.86908e-19
22574.40000	2.80370e-19	7.85334e-19
22576.50000	6.30814e-19	8.94775e-19
22578.70000	1.03692e-19	7.72795e-19
22580.90000	1.65226e-18	5.51515e-19
22583.00000	5.76182e-19	5.41643e-19
22585.20000	1.33203e-18	5.51303e-19
22587.40000	4.76574e-19	5.45333e-19
22589.60000	-3.26982e-19	5.40517e-19
22591.70000	-8.32919e-19	5.46300e-19
22593.90000	-1.49820e-19	5.45968e-19
22596.10000	4.06934e-19	5.58099e-19
22598.20000	4.89290e-20	5.65675e-19
22600.40000	5.04384e-19	5.72617e-19
22602.60000	2.00589e-19	5.57825e-19
22604.80000	3.60691e-19	5.60616e-19
22606.90000	-1.56964e-19	5.75455e-19
22609.10000	2.02773e-18	5.69753e-19
22611.30000	5.39828e-19	5.72378e-19
22613.40000	-6.73644e-19	5.88015e-19
22615.60000	-8.28399e-20	7.18112e-19
22617.80000	8.31145e-20	6.69310e-19
22620.00000	2.33204e-19	6.63607e-19
22622.10000	1.52928e-18	6.52014e-19
22624.30000	5.28695e-19	6.34560e-19
22626.50000	2.15416e-18	5.94659e-19
22628.60000	7.01032e-19	5.60626e-19
22630.80000	-8.03874e-19	6.31108e-19
22633.00000	-8.92518e-20	5.64923e-19
22635.20000	1.18771e-18	6.68586e-19
22637.30000	1.03449e-18	6.25084e-19
22639.50000	-6.23465e-19	7.69344e-19
22641.70000	-1.53841e-19	9.42390e-19
22643.90000	1.31978e-18	7.02515e-19
22646.00000	3.60894e-19	6.53913e-19
22648.20000	6.72765e-21	6.39022e-19
22650.40000	1.16399e-18	6.21980e-19
22652.50000	-4.28771e-19	5.89940e-19
22654.70000	-2.85289e-19	5.55758e-19
22656.90000	5.08813e-19	6.11672e-19
22659.10000	6.20913e-19	5.92288e-19
22661.20000	-3.18695e-19	5.52723e-19
22663.40000	2.51303e-20	5.58051e-19
22665.60000	-1.96286e-19	5.42844e-19
22667.70000	-2.37422e-19	5.43647e-19
22669.90000	-5.16001e-19	5.60390e-19
22672.10000	-5.73783e-19	5.81086e-19
22674.30000	-1.48458e-20	6.02409e-19
22676.40000	-7.55174e-19	6.12755e-19
22678.60000	-1.46555e-19	6.54552e-19
22680.80000	6.41440e-19	6.90935e-19
22682.90000	9.32431e-20	7.04245e-19
22685.10000	-1.56402e-19	6.99569e-19
22687.30000	-1.87656e-19	7.37902e-19
22689.50000	-3.66527e-20	8.37886e-19
22691.60000	4.39091e-20	8.40555e-19
22693.80000	6.80065e-20	8.33374e-19
22696.00000	6.66472e-19	7.44411e-19
22698.20000	1.20956e-19	6.27446e-19
22700.30000	4.58871e-20	6.34006e-19
22702.50000	6.15874e-19	6.56093e-19
22704.70000	1.29818e-18	6.62592e-19
22706.80000	8.29945e-19	6.13941e-19
22709.00000	-1.56406e-19	5.93642e-19
22711.20000	1.74804e-19	6.02433e-19
22713.40000	1.11968e-19	6.45932e-19
22715.50000	7.13135e-19	6.62236e-19
22717.70000	2.44569e-19	6.32677e-19
22719.90000	-9.11129e-19	5.96219e-19
22722.00000	-8.53638e-19	6.03952e-19
22724.20000	3.16568e-19	5.95058e-19
22726.40000	2.31020e-19	5.91601e-19
22728.60000	8.71331e-19	5.79725e-19
22730.70000	3.54471e-19	5.62751e-19
22732.90000	-5.56328e-20	5.66186e-19
22735.10000	-3.50634e-19	5.82373e-19
22737.20000	-9.56012e-20	6.56934e-19
22739.40000	5.88848e-19	8.29623e-19
22741.60000	1.08139e-19	9.45760e-19
22743.80000	2.16475e-19	9.60925e-19
22745.90000	-9.62486e-20	8.47223e-19
22748.10000	-5.45058e-19	7.10782e-19
22750.30000	1.81153e-19	6.60618e-19
22752.50000	1.38970e-19	6.71103e-19
22754.60000	3.79556e-20	6.83222e-19
22756.80000	1.02354e-18	6.86776e-19
22759.00000	4.92220e-19	6.62050e-19
22761.10000	-1.05163e-19	6.36875e-19
22763.30000	6.13123e-19	6.23921e-19
22765.50000	4.18909e-19	6.19593e-19
22767.70000	1.13082e-19	6.16715e-19
22769.80000	2.60910e-20	6.16546e-19
22772.00000	-3.49261e-20	6.25958e-19
22774.20000	-9.46733e-20	6.19441e-19
22776.30000	-6.09790e-19	5.94142e-19
22778.50000	1.47511e-19	5.91052e-19
22780.70000	7.16232e-19	5.99772e-19
22782.90000	1.59748e-18	6.09670e-19
22785.00000	6.27974e-19	6.11324e-19
22787.20000	1.31901e-19	6.10524e-19
22789.40000	-8.10061e-19	6.17150e-19
22791.50000	-7.35441e-19	5.72496e-19
22793.70000	-5.19568e-19	5.74689e-19
22795.90000	-4.65975e-19	5.88834e-19
22798.10000	-2.47220e-19	6.19099e-19
22800.20000	8.20568e-19	6.89200e-19
22802.40000	1.53627e-18	8.13027e-19
22804.60000	5.63811e-19	7.88986e-19
22806.80000	4.52994e-20	6.60704e-19
22808.90000	7.74405e-19	6.50989e-19
22811.10000	3.28936e-19	6.29044e-19
22813.30000	-1.68630e-19	6.02830e-19
22815.40000	1.37831e-19	5.96808e-19
22817.60000	-1.42419e-19	6.14441e-19
22819.80000	-5.06293e-19	6.59557e-19
22822.00000	-4.77991e-19	6.45216e-19
22824.10000	-7.80121e-20	6.67597e-19
22826.30000	6.20531e-19	6.89974e-19
22828.50000	1.50918e-18	7.22740e-19
22830.60000	1.31135e-18	7.26768e-19
22832.80000	-4.16669e-19	6.90749e-19
22835.00000	3.81716e-19	6.50419e-19
22837.20000	5.67541e-19	6.46817e-19
22839.30000	9.27074e-19	6.55480e-19
22841.50000	3.38225e-19	6.59143e-19
22843.70000	-1.99374e-19	7.72750e-19
22845.80000	4.96674e-19	7.01386e-19
22848.00000	2.28298e-19	6.05497e-19
22850.20000	1.20620e-19	6.07468e-19
22852.40000	1.16827e-19	6.13970e-19
22854.50000	-1.64016e-19	6.15176e-19
22856.70000	-2.18819e-19	6.12543e-19
22858.90000	-5.12553e-19	6.53093e-19
22861.00000	9.63792e-20	6.28799e-19
22863.20000	2.49209e-19	6.01858e-19
22865.40000	2.13855e-19	5.95751e-19
22867.60000	2.50529e-19	6.04069e-19
22869.70000	4.46851e-19	6.68236e-19
22871.90000	3.61580e-19	6.51644e-19
22874.10000	-6.22137e-19	6.19011e-19
22876.30000	3.92849e-19	6.29728e-19
22878.40000	1.65990e-18	6.22609e-19
22880.60000	4.92083e-19	6.04386e-19
22882.80000	2.54835e-19	6.05705e-19
22884.90000	8.20533e-20	6.21538e-19
22887.10000	2.18449e-19	6.44193e-19
22889.30000	4.96688e-19	6.68198e-19
22891.50000	6.69187e-19	6.94916e-19
22893.60000	-1.48347e-19	7.41366e-19
22895.80000	-9.59594e-19	7.53073e-19
22898.00000	7.43860e-19	7.92030e-19
22900.10000	8.41986e-19	7.71500e-19
22902.30000	8.98929e-19	7.12256e-19
22904.50000	9.58160e-19	6.90696e-19
22906.70000	-6.55654e-19	6.57099e-19
22908.80000	-6.71146e-19	6.43618e-19
22911.00000	-3.85369e-19	6.59761e-19
22913.20000	-1.54365e-19	6.70409e-19
22915.30000	-2.97873e-19	7.61649e-19
22917.50000	-3.47140e-19	7.09516e-19
22919.70000	9.52998e-20	6.87529e-19
22921.90000	-4.11958e-19	7.00032e-19
22924.00000	-1.72313e-19	7.04863e-19
22926.20000	2.68111e-19	6.87190e-19
22928.40000	2.56495e-19	6.72981e-19
22930.60000	-7.12712e-20	6.62860e-19
22932.70000	2.74839e-20	6.60047e-19
22934.90000	1.44055e-19	6.82765e-19
22937.10000	-8.07060e-19	7.64582e-19
22939.20000	-3.54724e-19	8.35857e-19
22941.40000	-5.51481e-19	9.32073e-19
22943.60000	2.84323e-19	8.58703e-19
22945.80000	4.40564e-19	7.54065e-19
22947.90000	-3.98196e-19	7.60943e-19
22950.10000	-3.38445e-19	7.70534e-19
22952.30000	5.69954e-19	7.69812e-19
22954.40000	1.52127e-19	7.53257e-19
22956.60000	-3.58463e-19	7.32408e-19
22958.80000	-1.90883e-19	7.28034e-19
22961.00000	6.74722e-19	7.06979e-19
22963.10000	8.41838e-20	6.92154e-19
22965.30000	3.29042e-19	6.79518e-19
22967.50000	8.73881e-19	7.04925e-19
22969.60000	-4.27672e-19	6.89064e-19
22971.80000	-1.65032e-19	6.66674e-19
22974.00000	1.14620e-18	8.09617e-19
22976.20000	-3.22891e-19	7.78806e-19
22978.30000	-1.38926e-19	7.70808e-19
22980.50000	1.43582e-19	7.97556e-19
22982.70000	4.13726e-19	8.77613e-19
22984.80000	-3.78879e-19	9.38112e-19
22987.00000	-6.02059e-19	9.32297e-19
22989.20000	-3.44255e-19	8.80705e-19
22991.40000	5.27506e-19	8.00018e-19
22993.50000	-5.12421e-19	7.58352e-19
22995.70000	-4.25855e-19	7.52777e-19
22997.90000	-3.23030e-19	7.58524e-19
23000.10000	1.67791e-18	7.65096e-19
23002.20000	5.04835e-19	7.69522e-19
23004.40000	9.95136e-19	7.32386e-19
23006.60000	1.14163e-18	7.29557e-19
23008.70000	1.42756e-18	7.08089e-19
23010.90000	-9.37331e-20	6.84896e-19
23013.10000	5.57447e-19	6.61683e-19
23015.30000	9.14456e-19	6.55364e-19
23017.40000	1.99335e-18	6.66535e-19
23019.60000	1.37311e-18	6.97994e-19
23021.80000	1.16016e-19	7.01650e-19
23023.90000	3.44587e-19	7.31604e-19
23026.10000	-8.04548e-19	7.45285e-19
23028.30000	1.03680e-19	7.76036e-19
23030.50000	-1.00058e-18	7.76248e-19
23032.60000	-6.11143e-20	7.92664e-19
23034.80000	-9.15773e-21	7.48942e-19
23037.00000	1.35351e-18	7.62843e-19
23039.10000	-1.78648e-18	7.56241e-19
23041.30000	2.16450e-19	7.32414e-19
23043.50000	-8.80727e-19	7.69417e-19
23045.70000	6.22576e-20	7.32968e-19
23047.80000	-3.26407e-19	7.15300e-19
23050.00000	6.43153e-19	7.04037e-19
23052.20000	1.45809e-18	6.78908e-19
23054.40000	3.14962e-19	7.24954e-19
23056.50000	5.09477e-19	7.33121e-19
23058.70000	1.65667e-18	7.06444e-19
23060.90000	1.08915e-18	6.70012e-19
23063.00000	2.98956e-19	6.92846e-19
23065.20000	-9.44679e-20	7.15388e-19
23067.40000	-9.50572e-20	7.07462e-19
23069.60000	-4.38775e-19	7.00820e-19
23071.70000	-8.95784e-19	7.23720e-19
23073.90000	-4.02901e-19	7.30797e-19
23076.10000	7.03830e-19	7.49488e-19
23078.20000	3.63893e-19	7.40273e-19
23080.40000	1.87530e-19	7.11017e-19
23082.60000	3.31473e-19	6.68159e-19
23084.80000	-1.92394e-19	6.84256e-19
23086.90000	-6.13149e-19	7.19418e-19
23089.10000	-3.96949e-19	7.16838e-19
23091.30000	-5.59998e-19	7.25444e-19
23093.40000	-1.24720e-18	7.09171e-19
23095.60000	5.99389e-19	6.71293e-19
23097.80000	7.04824e-19	6.67086e-19
23100.00000	4.99559e-19	7.77165e-19
23102.10000	2.42513e-19	6.77739e-19
23104.30000	4.48649e-19	7.12306e-19
23106.50000	6.18298e-19	6.88520e-19
23108.70000	-8.01233e-19	6.46162e-19
23110.80000	1.31653e-18	6.80681e-19
23113.00000	1.02641e-18	7.39038e-19
23115.20000	3.60967e-19	6.91512e-19
23117.30000	5.60528e-19	6.95865e-19
23119.50000	1.47958e-18	7.01990e-19
23121.70000	-9.74562e-19	6.71200e-19
23123.90000	3.08571e-19	6.82221e-19
23126.00000	1.95793e-18	6.64978e-19
23128.20000	-1.78413e-20	6.75578e-19
23130.40000	1.10079e-18	9.97033e-19
23132.50000	7.28786e-19	7.65521e-19
23134.70000	-9.92772e-19	7.87129e-19
23136.90000	1.27542e-19	6.86197e-19
23139.10000	-3.41296e-19	7.58575e-19
23141.20000	3.84863e-19	6.86092e-19
23143.40000	1.36796e-18	6.86854e-19
23145.60000	-7.02839e-19	6.77355e-19
23147.70000	-1.08689e-18	7.12162e-19
23149.90000	-2.97368e-19	7.48295e-19
23152.10000	1.00389e-18	7.57784e-19
23154.30000	4.42346e-19	7.82213e-19
23156.40000	8.90894e-20	7.90116e-19
23158.60000	1.33601e-18	8.72952e-19
23160.80000	-7.56152e-19	9.36158e-19
23162.90000	5.57970e-19	1.02875e-18
23165.10000	3.96900e-19	1.03572e-18
23167.30000	1.02179e-18	1.09151e-18
23169.50000	1.69654e-18	1.15746e-18
23171.60000	-4.68678e-19	1.11915e-18
23173.80000	1.19913e-18	1.10190e-18
23176.00000	1.86736e-18	1.07057e-18
23178.20000	6.74581e-19	1.01714e-18
23180.30000	2.76410e-18	9.41197e-19
23182.50000	3.27216e-20	9.11967e-19
23184.70000	-5.49251e-19	9.02729e-19
23186.80000	-2.55111e-19	8.76222e-19
23189.00000	7.10734e-19	8.63098e-19
23191.20000	-8.11749e-20	1.00708e-18
23193.40000	-1.82496e-18	8.64261e-19
23195.50000	-1.09708e-18	8.14582e-19
23197.70000	-1.39453e-18	8.02796e-19
23199.90000	-2.88986e-18	7.94057e-19
23202.00000	-9.51187e-19	7.76960e-19
23204.20000	1.13713e-19	7.89281e-19
23206.40000	1.29520e-18	8.63397e-19
23208.60000	-1.53886e-19	8.72031e-19
23210.70000	-7.93087e-19	8.64287e-19
23212.90000	1.69291e-19	8.14265e-19
23215.10000	2.68341e-19	8.02533e-19
23217.20000	-2.28789e-21	7.98693e-19
23219.40000	1.20306e-19	8.40637e-19
23221.60000	2.68035e-19	8.12306e-19
23223.80000	-1.39458e-19	7.73699e-19
23225.90000	1.56229e-18	7.96569e-19
23228.10000	6.81048e-19	8.04579e-19
23230.30000	2.74880e-19	8.05050e-19
23232.50000	-1.03626e-19	7.88890e-19
23234.60000	2.11378e-19	7.92395e-19
23236.80000	5.36028e-19	7.78816e-19
23239.00000	9.66904e-19	7.80987e-19
23241.10000	4.49377e-19	7.70455e-19
23243.30000	-8.46116e-19	7.64738e-19
23245.50000	-1.35091e-18	8.05754e-19
23247.70000	-2.78936e-19	8.57035e-19
23249.80000	1.38936e-19	8.61874e-19
23252.00000	7.48079e-19	8.63418e-19
23254.20000	1.02980e-18	8.72128e-19
23256.30000	2.57521e-19	8.20865e-19
23258.50000	-8.05871e-19	7.71850e-19
23260.70000	-1.17671e-19	7.48189e-19
23262.90000	1.52735e-19	7.65765e-19
23265.00000	2.96995e-19	7.57009e-19
23267.20000	-1.75269e-19	7.61810e-19
23269.40000	-1.10567e-18	7.75129e-19
23271.50000	4.39471e-19	7.75357e-19
23273.70000	-1.83912e-19	7.91861e-19
23275.90000	1.78336e-19	8.21511e-19
23278.10000	5.45990e-19	8.23043e-19
23280.20000	8.57795e-19	8.23284e-19
23282.40000	3.72245e-19	8.23222e-19
23284.60000	4.10843e-19	8.13347e-19
23286.80000	1.68921e-19	8.26363e-19
23288.90000	5.32862e-19	8.00661e-19
23291.10000	8.29072e-19	7.66402e-19
23293.30000	1.08388e-18	7.85140e-19
23295.40000	-1.29034e-18	7.94945e-19
23297.60000	4.92558e-19	8.03367e-19
23299.80000	-8.91219e-19	7.94672e-19
23302.00000	9.48087e-19	8.11969e-19
23304.10000	1.21339e-18	8.20865e-19
23306.30000	-2.36080e-19	8.40742e-19
23308.50000	-8.83732e-19	8.25324e-19
23310.60000	-1.79435e-18	8.37501e-19
23312.80000	-1.35055e-18	8.24198e-19
23315.00000	-8.93377e-20	8.48000e-19
23317.20000	5.27961e-19	8.64798e-19
23319.30000	2.19174e-19	8.47783e-19
23321.50000	-6.27872e-20	8.25501e-19
23323.70000	9.57521e-19	8.38427e-19
23325.80000	-1.58300e-19	8.92723e-19
23328.00000	5.20705e-19	8.00145e-19
23330.20000	5.59816e-19	8.14388e-19
23332.40000	5.72722e-19	8.18421e-19
23334.50000	1.17369e-18	8.11821e-19
23336.70000	3.84120e-19	8.03765e-19
23338.90000	3.48563e-19	8.16464e-19
23341.00000	4.41575e-19	8.36600e-19
23343.20000	-2.73432e-19	8.33144e-19
23345.40000	1.33291e-18	8.13806e-19
23347.60000	1.28284e-18	8.31503e-19
23349.70000	1.26852e-19	8.39131e-19
23351.90000	-3.77493e-19	8.27057e-19
23354.10000	4.29874e-19	8.32241e-19
23356.30000	1.12804e-18	8.12188e-19
23358.40000	-6.97075e-19	8.07209e-19
23360.60000	2.51096e-19	8.26346e-19
23362.80000	7.74304e-19	8.25425e-19
23364.90000	7.59422e-19	8.03782e-19
23367.10000	-1.08282e-18	8.09021e-19
23369.30000	-9.64339e-19	8.31964e-19
23371.50000	-5.78960e-19	8.39685e-19
23373.60000	-4.51313e-19	8.60717e-19
23375.80000	1.96930e-19	1.00036e-18
23378.00000	8.47722e-19	1.12616e-18
23380.10000	1.73085e-18	9.17020e-19
23382.30000	1.35771e-18	9.26601e-19
23384.50000	1.16669e-18	9.12928e-19
23386.70000	7.94636e-19	8.73527e-19
23388.80000	1.04630e-18	8.72674e-19
23391.00000	-3.04790e-19	8.92704e-19
23393.20000	-1.75084e-18	9.19645e-19
23395.30000	7.81783e-19	9.42459e-19
23397.50000	-1.22007e-19	1.01363e-18
23399.70000	1.51634e-18	1.07709e-18
23401.90000	1.76675e-18	1.07536e-18
23404.00000	7.77949e-19	9.94569e-19
23406.20000	5.28885e-19	9.51597e-19
23408.40000	2.41552e-19	9.73767e-19
23410.60000	7.70185e-19	1.00938e-18
23412.70000	1.71975e-19	8.91979e-19
23414.90000	6.88548e-19	8.74731e-19
23417.10000	4.01221e-19	8.41016e-19
23419.20000	4.63570e-19	8.61894e-19
23421.40000	9.77155e-19	8.77828e-19
23423.60000	6.34419e-19	8.85742e-19
23425.80000	5.31397e-19	8.74997e-19
23427.90000	1.03779e-19	8.67371e-19
23430.10000	-2.04199e-19	8.66669e-19
23432.30000	4.40092e-19	8.81634e-19
23434.40000	9.86069e-19	8.73881e-19
23436.60000	-1.20476e-18	8.80395e-19
23438.80000	5.08641e-20	8.67667e-19
23441.00000	2.12751e-19	8.59734e-19
23443.10000	-6.36811e-19	8.55198e-19
23445.30000	-1.48831e-19	8.89142e-19
23447.50000	-2.39823e-20	9.38432e-19
23449.60000	-8.82176e-19	9.40899e-19
23451.80000	-1.66007e-19	8.99353e-19
23454.00000	1.40042e-18	8.76806e-19
23456.20000	1.18626e-18	8.92040e-19
23458.30000	1.06560e-18	9.12761e-19
23460.50000	-4.07578e-19	8.54737e-19
23462.70000	7.07635e-19	8.62253e-19
23464.80000	9.71931e-19	8.85862e-19
23467.00000	1.37316e-18	9.18299e-19
23469.20000	9.55516e-19	9.37893e-19
23471.40000	-4.71012e-19	9.31427e-19
23473.50000	-6.95519e-19	9.39232e-19
23475.70000	-6.53701e-19	9.58507e-19
23477.90000	-5.47128e-19	9.77903e-19
23480.10000	-6.20366e-19	9.75812e-19
23482.20000	7.82182e-19	9.59194e-19
23484.40000	1.23560e-18	9.35889e-19
23486.60000	-2.47967e-19	8.99883e-19
23488.70000	-4.07055e-19	8.66785e-19
23490.90000	3.38746e-19	9.03823e-19
23493.10000	-5.35763e-19	9.36863e-19
23495.30000	-1.97314e-19	9.23049e-19
23497.40000	2.87611e-19	9.44859e-19
23499.60000	4.22739e-19	9.75323e-19
23501.80000	-9.53489e-19	1.00363e-18
23503.90000	1.24295e-19	1.02770e-18
23506.10000	1.33588e-18	1.03537e-18
23508.30000	8.17184e-19	9.99615e-19
23510.50000	6.00279e-19	9.40782e-19
23512.60000	-9.04749e-19	9.60079e-19
23514.80000	-5.56271e-19	9.89913e-19
23517.00000	3.56779e-19	9.19122e-19
23519.10000	8.90277e-19	9.16689e-19
23521.30000	-5.18414e-20	9.33107e-19
23523.50000	9.75352e-20	9.77305e-19
23525.70000	3.50968e-19	9.88923e-19
23527.80000	-1.85431e-19	9.75740e-19
23530.00000	2.12057e-19	9.54044e-19
23532.20000	5.76754e-19	9.74788e-19
23534.40000	1.27492e-18	9.97739e-19
23536.50000	8.54833e-19	9.68479e-19
23538.70000	-8.70305e-19	9.15370e-19
23540.90000	4.91012e-20	8.91012e-19
23543.00000	1.01132e-18	8.74444e-19
23545.20000	5.11500e-19	8.70568e-19
23547.40000	8.72558e-20	8.75682e-19
23549.60000	-4.37642e-19	9.13274e-19
23551.70000	-8.33634e-19	9.32507e-19
23553.90000	4.33142e-20	9.44422e-19
23556.10000	-2.20217e-19	9.95020e-19
23558.20000	7.33107e-19	1.02991e-18
23560.40000	1.37407e-18	9.96174e-19
23562.60000	-2.36684e-19	9.19274e-19
23564.80000	-5.61378e-20	8.74859e-19
23566.90000	-4.18622e-19	8.55653e-19
23569.10000	-3.92850e-19	8.61496e-19
23571.30000	-1.16713e-19	8.61032e-19
23573.40000	8.31963e-19	8.78157e-19
23575.60000	-1.06071e-18	9.15392e-19
23577.80000	-5.11828e-19	9.62702e-19
23580.00000	1.04548e-18	1.02161e-18
23582.10000	8.07518e-19	1.06389e-18
23584.30000	-4.67200e-19	1.07827e-18
23586.50000	5.41144e-19	1.08816e-18
23588.70000	1.75114e-19	1.09507e-18
23590.80000	3.15610e-19	1.00948e-18
23593.00000	1.60268e-18	8.52879e-19
23595.20000	3.19294e-19	8.23991e-19
23597.30000	-5.22225e-19	8.07364e-19
23599.50000	-5.43879e-19	8.08884e-19
23601.70000	2.20514e-19	8.30393e-19
23603.90000	-4.37996e-20	8.23516e-19
23606.00000	1.12115e-19	8.38164e-19
23608.20000	3.68547e-19	8.57133e-19
23610.40000	1.09689e-18	8.73106e-19
23612.50000	1.25075e-18	8.99901e-19
23614.70000	4.55547e-19	9.29613e-19
23616.90000	-3.18329e-19	9.22036e-19
23619.10000	-4.63032e-19	9.01833e-19
23621.20000	6.92930e-20	8.65692e-19
23623.40000	-3.45844e-19	8.47891e-19
23625.60000	3.44470e-19	8.35290e-19
23627.70000	1.99131e-20	8.53641e-19
23629.90000	-1.75672e-19	8.72366e-19
23632.10000	-1.37679e-19	8.66855e-19
23634.30000	8.68019e-20	9.81895e-19
23636.40000	2.21111e-19	1.00177e-18
23638.60000	-5.59397e-19	9.37208e-19
23640.80000	-1.15028e-18	9.21762e-19
23642.90000	-4.63628e-19	9.61636e-19
23645.10000	1.22181e-18	9.22539e-19
23647.30000	4.74601e-19	8.76538e-19
23649.50000	-8.58598e-19	8.40103e-19
23651.60000	2.29741e-19	8.37503e-19
23653.80000	5.50334e-19	8.18139e-19
23656.00000	9.59512e-19	8.18950e-19
23658.20000	1.11742e-18	8.47420e-19
23660.30000	6.16688e-19	8.79138e-19
23662.50000	6.57451e-19	9.15186e-19
23664.70000	1.13423e-18	9.36972e-19
23666.80000	9.00217e-19	9.76255e-19
23669.00000	-7.36659e-19	1.02372e-18
23671.20000	8.72009e-19	1.05289e-18
23673.40000	1.76905e-18	1.11760e-18
23675.50000	-6.83462e-20	1.09165e-18
23677.70000	2.32302e-19	1.00456e-18
23679.90000	-2.19407e-19	9.45452e-19
23682.00000	-6.44829e-19	9.03232e-19
23684.20000	1.20298e-18	8.84978e-19
23686.40000	1.65082e-18	9.22681e-19
23688.60000	-1.35160e-19	9.62010e-19
23690.70000	-6.70298e-19	9.90328e-19
23692.90000	1.26055e-18	1.03104e-18
23695.10000	7.55851e-19	1.14743e-18
23697.20000	-1.69526e-19	1.32223e-18
23699.40000	-1.87155e-18	1.48529e-18
23701.60000	5.11929e-20	1.64312e-18
23703.80000	-4.12266e-19	1.74207e-18
23705.90000	1.01337e-19	1.76628e-18
23708.10000	1.62581e-18	1.82136e-18
23710.30000	8.71990e-19	1.66839e-18
23712.50000	-1.08927e-18	1.49777e-18
23714.60000	4.23366e-20	1.42664e-18
23716.80000	-4.12191e-20	1.31415e-18
23719.00000	-4.89364e-19	1.21943e-18
23721.10000	-5.87440e-20	1.20390e-18
23723.30000	-6.58020e-19	1.24336e-18
23725.50000	-8.69406e-19	1.09769e-18
23727.70000	1.19705e-18	1.05077e-18
23729.80000	6.90721e-19	1.00210e-18
23732.00000	5.38764e-19	9.37288e-19
23734.20000	5.57913e-19	9.43102e-19
23736.30000	1.35568e-20	9.55887e-19
23738.50000	9.60895e-19	9.77073e-19
23740.70000	-5.17911e-19	9.24625e-19
23742.90000	-6.27040e-19	9.16332e-19
23745.00000	1.37164e-18	9.24273e-19
23747.20000	1.56726e-18	9.40109e-19
23749.40000	1.07226e-18	9.49737e-19
23751.50000	1.88721e-19	9.45974e-19
23753.70000	1.06767e-18	9.40013e-19
23755.90000	1.88904e-18	9.32729e-19
23758.10000	-1.64707e-19	9.46844e-19
23760.20000	-4.84116e-19	1.00350e-18
23762.40000	3.51531e-20	1.04618e-18
23764.60000	7.81885e-19	1.08966e-18
23766.80000	-1.55717e-19	1.10495e-18
23768.90000	-6.03445e-19	1.07029e-18
23771.10000	-1.54722e-18	1.01008e-18
23773.30000	-7.47841e-19	9.87470e-19
23775.40000	4.63378e-19	9.84819e-19
23777.60000	8.27217e-19	9.90583e-19
23779.80000	-7.98542e-19	1.05722e-18
23782.00000	-1.36939e-18	1.11605e-18
23784.10000	-6.87314e-20	1.07527e-18
23786.30000	-3.85502e-19	9.54251e-19
23788.50000	6.57832e-19	9.04233e-19
23790.60000	6.19578e-19	1.05398e-18
23792.80000	6.17133e-19	1.01712e-18
23795.00000	3.55467e-19	9.77110e-19
23797.20000	6.89365e-19	1.00875e-18
23799.30000	3.24401e-19	1.02481e-18
23801.50000	1.91365e-18	9.84087e-19
23803.70000	-8.50859e-19	9.68222e-19
23805.80000	-1.44089e-18	9.73993e-19
23808.00000	1.09154e-18	9.31424e-19
23810.20000	1.01752e-18	8.98095e-19
23812.40000	1.26871e-18	1.18991e-18
23814.50000	1.79532e-18	1.00855e-18
23816.70000	1.58557e-18	9.20120e-19
23818.90000	-3.69162e-19	9.14152e-19
23821.10000	-1.77280e-19	9.48076e-19
23823.20000	2.05117e-19	9.76010e-19
23825.40000	2.09164e-18	1.01274e-18
23827.60000	9.03217e-19	1.08568e-18
23829.70000	2.36990e-19	1.13853e-18
23831.90000	4.15608e-19	1.20151e-18
23834.10000	-9.96599e-19	1.19298e-18
23836.30000	-7.31394e-19	1.19618e-18
23838.40000	7.84351e-19	1.20989e-18
23840.60000	1.98996e-20	1.19337e-18
23842.80000	7.29346e-19	1.13467e-18
23844.90000	-1.52448e-20	1.03506e-18
23847.10000	-1.37527e-18	9.93445e-19
23849.30000	-8.65450e-19	9.63407e-19
23851.50000	-1.28709e-19	9.55291e-19
23853.60000	-2.01430e-19	9.81517e-19
23855.80000	1.28905e-18	1.00812e-18
23858.00000	1.35279e-18	1.07820e-18
23860.10000	1.32637e-18	1.14372e-18
23862.30000	-6.85897e-19	1.11291e-18
23864.50000	4.45662e-19	1.05411e-18
23866.70000	3.99449e-19	1.01316e-18
23868.80000	7.42596e-19	1.00977e-18
23871.00000	3.82332e-19	1.00461e-18
23873.20000	3.87060e-19	1.00568e-18
23875.30000	-8.07735e-19	1.02532e-18
23877.50000	-8.38613e-19	1.13564e-18
23879.70000	-2.13851e-18	1.15811e-18
23881.90000	-2.58886e-19	1.12047e-18
23884.00000	8.14633e-19	1.06783e-18
23886.20000	5.81705e-19	1.10502e-18
23888.40000	4.31355e-19	1.21558e-18
23890.60000	6.54725e-20	1.07340e-18
23892.70000	9.57480e-19	1.03040e-18
23894.90000	2.45312e-19	1.05063e-18
23897.10000	1.12898e-18	1.06599e-18
23899.20000	1.48855e-18	1.08440e-18
23901.40000	3.04177e-19	1.10261e-18
23903.60000	-3.62194e-19	1.10207e-18
23905.80000	-1.24300e-18	1.10844e-18
23907.90000	7.73458e-19	1.13064e-18
23910.10000	9.33009e-19	1.18278e-18
23912.30000	-1.59755e-19	1.30212e-18
23914.40000	-1.27823e-18	1.38546e-18
23916.60000	-2.09478e-18	1.28640e-18
23918.80000	-4.61602e-19	1.09116e-18
23921.00000	6.45904e-19	9.93007e-19
23923.10000	3.74263e-19	9.97032e-19
23925.30000	-1.78704e-19	1.01981e-18
23927.50000	-9.12219e-19	1.05123e-18
23929.60000	-5.31273e-19	1.03858e-18
23931.80000	1.40093e-18	1.06708e-18
23934.00000	5.91078e-19	1.05155e-18
23936.20000	-1.27833e-19	1.02068e-18
23938.30000	-8.09638e-19	1.02331e-18
23940.50000	-4.72608e-19	1.02995e-18
23942.70000	-9.76878e-19	1.06271e-18
23944.90000	-2.81738e-20	1.16374e-18
23947.00000	1.35026e-18	1.17755e-18
23949.20000	1.27834e-18	1.10760e-18
23951.40000	1.50065e-18	1.10938e-18
23953.50000	2.37214e-20	1.11110e-18
23955.70000	-1.03360e-18	1.14448e-18
23957.90000	-2.60709e-19	1.21442e-18
23960.10000	4.93168e-19	1.24343e-18
23962.20000	5.32076e-19	1.27722e-18
23964.40000	1.04216e-18	1.31406e-18
23966.60000	2.82608e-19	1.39777e-18
23968.70000	8.21729e-19	1.37771e-18
23970.90000	-2.32487e-18	1.34984e-18
23973.10000	-2.41343e-18	1.27471e-18
23975.30000	4.29360e-20	1.17607e-18
23977.40000	5.99515e-19	1.15223e-18
23979.60000	1.74198e-18	1.14625e-18
23981.80000	1.40969e-18	1.14863e-18
23983.90000	5.90030e-19	1.13999e-18
23986.10000	1.87944e-18	1.11282e-18
23988.30000	7.18518e-19	1.10659e-18
23990.50000	1.02565e-19	1.13071e-18
23992.60000	-5.00692e-20	1.13878e-18
23994.80000	-8.55214e-19	1.17186e-18
23997.00000	-1.31935e-18	1.24518e-18
23999.20000	4.49817e-19	1.26950e-18
24001.30000	-1.10948e-18	1.26645e-18
24003.50000	-9.97755e-19	1.43155e-18
24005.70000	5.26510e-19	1.34483e-18
24007.80000	1.56042e-18	1.18726e-18
24010.00000	1.62839e-18	1.15426e-18
24012.20000	6.57834e-19	1.29426e-18
24014.40000	4.99842e-19	1.37676e-18
24016.50000	1.02970e-18	1.33782e-18
24018.70000	5.89474e-19	1.33579e-18
24020.90000	-9.86040e-20	1.38093e-18
24023.00000	-1.94860e-18	1.22395e-18
24025.20000	-1.39248e-18	1.20477e-18
24027.40000	-2.21934e-19	1.21272e-18
24029.60000	-5.61263e-19	1.25113e-18
24031.70000	1.73928e-18	1.32738e-18
24033.90000	1.02880e-19	1.41257e-18
24036.10000	-1.72245e-19	1.60789e-18
24038.20000	-2.10759e-18	1.58103e-18
