#macsj0717_zall_1_bright.K.1127.fc.1d.esc.txt
#Wavelength in (A) | Flux (erg/sec/cm2/A)| Flux Error
19861.60000	-2.08871e-19	2.98337e-20
19863.80000	-1.73706e-19	2.83335e-20
19865.90000	-5.84707e-20	3.42349e-20
19868.10000	-1.11161e-19	4.55676e-20
19870.30000	-1.40440e-19	3.53962e-19
19872.40000	-9.38191e-20	3.47441e-19
19874.60000	3.27022e-19	3.27914e-19
19876.80000	8.26375e-20	3.32192e-19
19879.00000	-1.83876e-19	3.25147e-19
19881.10000	-2.75123e-19	3.28714e-19
19883.30000	-1.73703e-19	3.17305e-19
19885.50000	4.84090e-19	3.33903e-19
19887.60000	7.04652e-19	4.49533e-19
19889.80000	-1.91774e-19	6.67783e-19
19892.00000	-9.17101e-19	8.11330e-19
19894.20000	-5.99594e-19	8.20540e-19
19896.30000	-8.73782e-21	7.18062e-19
19898.50000	-6.55688e-19	6.27157e-19
19900.70000	-2.41904e-19	6.11797e-19
19902.90000	4.33324e-19	6.47729e-19
19905.00000	-7.06204e-19	6.64320e-19
19907.20000	-5.46226e-19	5.79278e-19
19909.40000	2.05897e-19	4.73891e-19
19911.50000	1.95481e-19	4.58150e-19
19913.70000	5.12429e-19	5.03008e-19
19915.90000	-6.49501e-20	4.94753e-19
19918.10000	-8.65464e-19	4.85529e-19
19920.20000	-3.07930e-19	5.71671e-19
19922.40000	7.60648e-19	7.94261e-19
19924.60000	4.53808e-19	9.48178e-19
19926.70000	-1.54852e-20	8.91607e-19
19928.90000	-1.18902e-19	6.96740e-19
19931.10000	-1.35988e-19	4.93059e-19
19933.30000	-4.11851e-19	3.78864e-19
19935.40000	3.69461e-20	3.30735e-19
19937.60000	2.23841e-20	3.29002e-19
19939.80000	-2.07332e-20	3.34296e-19
19941.90000	2.85455e-19	3.23465e-19
19944.10000	1.62917e-19	3.23862e-19
19946.30000	-4.57346e-19	3.58061e-19
19948.50000	-5.16937e-19	4.27311e-19
19950.60000	1.88263e-19	4.99206e-19
19952.80000	3.18747e-19	5.55189e-19
19955.00000	-7.98617e-19	6.16705e-19
19957.20000	-1.18998e-18	6.55161e-19
19959.30000	-3.76200e-19	6.67473e-19
19961.50000	1.85261e-19	6.10127e-19
19963.70000	-3.91375e-19	5.40802e-19
19965.80000	-8.43562e-19	5.38056e-19
19968.00000	1.36460e-19	5.82319e-19
19970.20000	3.67104e-19	6.13447e-19
19972.40000	-3.18104e-19	5.75098e-19
19974.50000	-3.93057e-19	5.51673e-19
19976.70000	7.62783e-20	5.79080e-19
19978.90000	-5.08379e-19	6.25644e-19
19981.00000	-1.08812e-18	6.49190e-19
19983.20000	-6.31559e-20	6.91403e-19
19985.40000	2.29078e-19	6.90442e-19
19987.60000	6.92472e-19	7.41524e-19
19989.70000	3.62369e-19	7.54079e-19
19991.90000	-3.47697e-19	8.36017e-19
19994.10000	6.83787e-19	9.61235e-19
19996.20000	-1.27845e-19	1.03527e-18
19998.40000	-1.17676e-18	1.14163e-18
20000.60000	-2.47076e-18	1.80537e-18
20002.80000	-1.45905e-18	3.39831e-18
20004.90000	3.64287e-18	7.10413e-18
20007.10000	2.31482e-17	9.93653e-18
20009.30000	6.17401e-18	1.03491e-17
20011.40000	1.69513e-17	8.01941e-18
20013.60000	1.64279e-18	3.90303e-18
20015.80000	3.30832e-18	2.11056e-18
20018.00000	9.50918e-19	1.99424e-18
20020.10000	-3.37069e-18	1.81308e-18
20022.30000	9.78604e-20	2.04052e-18
20024.50000	8.93745e-19	2.15084e-18
20026.70000	2.16041e-19	2.33138e-18
20028.80000	4.37726e-18	4.40687e-18
20031.00000	-5.50672e-18	7.45253e-18
20033.20000	-6.68551e-18	8.21378e-18
20035.30000	5.57509e-18	7.70966e-18
20037.50000	-7.02379e-19	4.90417e-18
20039.70000	-7.22790e-19	2.37479e-18
20041.90000	3.79038e-19	1.93024e-18
20044.00000	3.67334e-18	1.86990e-18
20046.20000	2.79594e-20	1.82270e-18
20048.40000	-7.71412e-19	1.82362e-18
20050.50000	6.48345e-19	1.81609e-18
20052.70000	1.24845e-18	1.84951e-18
20054.90000	-1.19906e-18	1.96893e-18
20057.10000	1.62114e-18	2.16009e-18
20059.20000	-1.63064e-18	1.98945e-18
20061.40000	-1.84815e-18	1.83223e-18
20063.60000	-1.85261e-18	1.68452e-18
20065.70000	-6.36913e-20	2.28268e-18
20067.90000	1.37457e-18	3.01991e-18
20070.10000	-8.82231e-19	3.07460e-18
20072.30000	-1.05814e-18	2.59393e-18
20074.40000	1.94383e-18	1.74501e-18
20076.60000	-2.76346e-19	1.17229e-18
20078.80000	2.59719e-18	1.01957e-18
20081.00000	4.54879e-20	9.31088e-19
20083.10000	5.96915e-19	8.42821e-19
20085.30000	-8.60494e-20	7.27715e-19
20087.50000	-1.24268e-18	6.60084e-19
20089.60000	-3.87579e-19	6.32428e-19
20091.80000	-4.73254e-19	6.59567e-19
20094.00000	-5.90368e-19	8.41741e-19
20096.20000	-1.79828e-18	1.19135e-18
20098.30000	3.55530e-19	1.50103e-18
20100.50000	3.57786e-19	1.55526e-18
20102.70000	6.35581e-19	1.38824e-18
20104.80000	8.35711e-19	1.23171e-18
20107.00000	4.92216e-19	1.18608e-18
20109.20000	2.24860e-19	1.25544e-18
20111.40000	1.05399e-18	1.44498e-18
20113.50000	3.32876e-19	1.82581e-18
20115.70000	-1.80632e-18	2.00697e-18
20117.90000	-4.41215e-19	1.93943e-18
20120.00000	-2.10378e-18	1.70465e-18
20122.20000	-1.14514e-19	1.80322e-18
20124.40000	1.65577e-18	1.79736e-18
20126.60000	1.87083e-18	1.82410e-18
20128.70000	-9.77496e-19	1.69884e-18
20130.90000	-1.05743e-18	1.43481e-18
20133.10000	4.25205e-19	1.22817e-18
20135.20000	1.24261e-18	1.12270e-18
20137.40000	8.98604e-19	1.08852e-18
20139.60000	6.99779e-19	1.10449e-18
20141.80000	-5.80719e-19	1.06023e-18
20143.90000	4.48213e-19	1.02758e-18
20146.10000	1.71222e-18	1.03111e-18
20148.30000	8.23157e-19	1.05834e-18
20150.50000	1.02543e-18	1.05143e-18
20152.60000	9.61727e-19	1.02452e-18
20154.80000	-2.25516e-19	1.01803e-18
20157.00000	5.33280e-19	1.02092e-18
20159.10000	1.15370e-18	1.08571e-18
20161.30000	5.07226e-19	1.20083e-18
20163.50000	-3.04385e-20	1.25239e-18
20165.70000	2.89520e-19	1.28775e-18
20167.80000	-1.07950e-18	1.40828e-18
20170.00000	-2.99635e-19	1.46020e-18
20172.20000	1.10721e-19	1.47422e-18
20174.30000	2.35403e-19	1.48294e-18
20176.50000	4.76202e-19	1.44050e-18
20178.70000	5.60789e-19	1.33988e-18
20180.90000	2.98407e-19	1.15683e-18
20183.00000	3.04769e-19	1.04105e-18
20185.20000	1.71598e-18	9.89934e-19
20187.40000	2.71249e-18	1.14157e-18
20189.50000	-7.60531e-19	1.98395e-18
20191.70000	-2.39886e-18	2.95617e-18
20193.90000	1.94641e-18	2.98665e-18
20196.10000	2.71517e-18	2.13810e-18
20198.20000	-8.06962e-19	1.17653e-18
20200.40000	-7.78769e-19	8.40449e-19
20202.60000	-3.17234e-19	8.05542e-19
20204.80000	-8.02959e-19	8.68940e-19
20206.90000	2.08830e-19	8.84711e-19
20209.10000	1.38837e-18	8.22842e-19
20211.30000	6.36708e-19	7.68855e-19
20213.40000	-9.26251e-19	8.17265e-19
20215.60000	-1.49539e-19	8.77969e-19
20217.80000	3.04381e-19	8.40218e-19
20220.00000	5.55227e-19	7.39174e-19
20222.10000	-2.48515e-19	6.54644e-19
20224.30000	-5.64318e-19	6.26278e-19
20226.50000	-7.39005e-19	6.21619e-19
20228.60000	-6.25664e-19	6.03121e-19
20230.80000	-1.09839e-18	5.91206e-19
20233.00000	-4.67822e-19	5.85429e-19
20235.20000	-2.97068e-19	5.70923e-19
20237.30000	-2.83428e-21	5.65128e-19
20239.50000	5.36170e-19	5.88551e-19
20241.70000	1.11664e-18	5.81247e-19
20243.80000	-2.21029e-19	5.51300e-19
20246.00000	-1.07676e-18	5.39678e-19
20248.20000	-1.40944e-18	5.54958e-19
20250.40000	-1.12705e-18	5.54985e-19
20252.50000	-6.58256e-20	5.32714e-19
20254.70000	-3.50119e-19	5.11051e-19
20256.90000	-3.26898e-19	4.78026e-19
20259.10000	8.90039e-20	4.77128e-19
20261.20000	-4.42968e-19	4.80742e-19
20263.40000	9.46831e-20	5.01253e-19
20265.60000	-3.10611e-19	5.33459e-19
20267.70000	1.70157e-20	6.38709e-19
20269.90000	2.76652e-19	9.44388e-19
20272.10000	1.78846e-18	2.89168e-18
20274.30000	-1.57625e-18	4.36094e-18
20276.40000	-3.93968e-18	4.60968e-18
20278.60000	-2.02938e-18	3.41857e-18
20280.80000	1.99484e-18	1.78232e-18
20282.90000	-2.93589e-18	9.29791e-19
20285.10000	-1.61465e-19	7.21523e-19
20287.30000	-1.03098e-19	6.97722e-19
20289.50000	4.46582e-19	7.51674e-19
20291.60000	3.48148e-19	7.62269e-19
20293.80000	-3.32690e-20	7.36490e-19
20296.00000	-8.74058e-19	7.01213e-19
20298.10000	-3.75143e-19	7.13098e-19
20300.30000	-1.22694e-19	6.60061e-19
20302.50000	-9.74734e-20	5.71508e-19
20304.70000	-1.23625e-18	5.32363e-19
20306.80000	-3.99575e-19	5.37894e-19
20309.00000	6.76822e-19	5.70648e-19
20311.20000	1.38148e-19	4.53387e-19
20313.40000	-4.53072e-19	4.82717e-19
20315.50000	-7.50312e-19	6.20775e-19
20317.70000	2.58664e-19	7.66485e-19
20319.90000	7.99951e-19	7.84850e-19
20322.00000	1.12807e-18	6.82719e-19
20324.20000	6.66912e-19	5.29553e-19
20326.40000	1.90076e-19	4.61911e-19
20328.60000	1.32587e-18	4.19798e-19
20330.70000	-5.61687e-19	4.57240e-19
20332.90000	2.38684e-19	5.66943e-19
20335.10000	-4.54673e-19	1.41887e-18
20337.20000	1.20886e-18	2.47030e-18
20339.40000	1.97172e-18	2.87461e-18
20341.60000	9.19952e-18	2.63725e-18
20343.80000	2.56411e-18	1.83166e-18
20345.90000	-1.19438e-18	9.81246e-19
20348.10000	2.10905e-20	7.57910e-19
20350.30000	-3.76456e-20	6.27220e-19
20352.40000	4.60015e-19	4.90527e-19
20354.60000	3.93706e-19	4.09464e-19
20356.80000	-4.19045e-19	3.92215e-19
20359.00000	7.18769e-20	3.92203e-19
20361.10000	-1.87620e-19	4.11267e-19
20363.30000	1.11756e-18	3.97834e-19
20365.50000	-6.16603e-20	4.01681e-19
20367.60000	3.41012e-19	4.22543e-19
20369.80000	-5.20355e-19	4.52999e-19
20372.00000	2.88732e-19	4.24196e-19
20374.20000	-5.12512e-20	3.89023e-19
20376.30000	-4.25878e-19	3.75606e-19
20378.50000	-2.42777e-19	3.67679e-19
20380.70000	-1.86548e-19	3.66121e-19
20382.90000	1.91423e-19	3.73239e-19
20385.00000	2.24453e-21	3.74640e-19
20387.20000	-1.28000e-19	3.83661e-19
20389.40000	1.00637e-18	3.88899e-19
20391.50000	-6.48208e-20	4.01657e-19
20393.70000	1.41616e-19	4.46345e-19
20395.90000	-2.94041e-19	4.36215e-19
20398.10000	-2.47221e-19	4.36772e-19
20400.20000	-4.04051e-19	4.61895e-19
20402.40000	-2.21231e-19	4.90917e-19
20404.60000	-6.38061e-20	5.75063e-19
20406.70000	-3.56187e-19	9.90866e-19
20408.90000	-4.09181e-18	2.35972e-18
20411.10000	4.26435e-18	4.18772e-18
20413.30000	3.92810e-17	4.65558e-18
20415.40000	2.09208e-17	3.59319e-18
20417.60000	-1.00879e-18	1.78668e-18
20419.80000	1.14344e-18	7.28601e-19
20421.90000	7.21121e-20	5.29186e-19
20424.10000	-3.87622e-19	4.97005e-19
20426.30000	-1.54681e-19	4.69796e-19
20428.50000	-2.82023e-19	4.55897e-19
20430.60000	-2.12427e-19	4.36823e-19
20432.80000	7.15616e-19	4.20284e-19
20435.00000	1.78993e-21	4.09273e-19
20437.20000	-4.02831e-19	4.02199e-19
20439.30000	-6.72237e-20	4.12719e-19
20441.50000	8.93100e-20	4.51676e-19
20443.70000	2.34240e-19	4.81239e-19
20445.80000	1.36975e-19	4.70982e-19
20448.00000	3.44334e-19	4.39073e-19
20450.20000	3.32664e-19	4.18201e-19
20452.40000	-1.43421e-19	4.14544e-19
20454.50000	-1.88368e-19	4.34398e-19
20456.70000	1.81258e-20	4.83918e-19
20458.90000	5.92450e-19	4.70953e-19
20461.00000	-6.32238e-20	4.32101e-19
20463.20000	-8.49872e-19	4.03155e-19
20465.40000	-3.33372e-19	3.93490e-19
20467.60000	1.36073e-19	3.95238e-19
20469.70000	3.20275e-19	4.07401e-19
20471.90000	3.59529e-19	4.21208e-19
20474.10000	6.40283e-19	4.35775e-19
20476.20000	3.28007e-19	4.87452e-19
20478.40000	-6.77726e-19	5.34890e-19
20480.60000	2.85544e-19	5.20882e-19
20482.80000	5.45063e-19	5.45669e-19
20484.90000	8.02038e-20	6.25278e-19
20487.10000	1.37036e-19	6.48409e-19
20489.30000	-3.46520e-19	6.06531e-19
20491.50000	-1.68245e-19	5.75737e-19
20493.60000	3.62943e-19	7.54095e-19
20495.80000	-1.43487e-18	1.50800e-18
20498.00000	1.09034e-18	2.34887e-18
20500.10000	-1.27829e-18	2.49282e-18
20502.30000	-4.10035e-18	1.84363e-18
20504.50000	-1.17365e-18	1.04568e-18
20506.70000	3.51744e-19	6.78266e-19
20508.80000	8.26521e-19	5.94598e-19
20511.00000	3.30949e-20	6.14411e-19
20513.20000	2.70744e-19	6.57470e-19
20515.30000	-4.69913e-20	7.13343e-19
20517.50000	-2.33693e-19	7.32153e-19
20519.70000	-1.46950e-20	7.38705e-19
20521.90000	-1.31504e-19	7.99039e-19
20524.00000	1.66368e-19	8.40684e-19
20526.20000	-4.23185e-19	8.18707e-19
20528.40000	-7.42036e-19	7.33649e-19
20530.50000	-1.51173e-19	6.90836e-19
20532.70000	9.55072e-19	7.10861e-19
20534.90000	1.23680e-18	7.91216e-19
20537.10000	1.32998e-18	8.70016e-19
20539.20000	1.21000e-18	9.39593e-19
20541.40000	-8.44375e-20	9.81413e-19
20543.60000	-6.96492e-19	9.62666e-19
20545.80000	-4.13477e-19	8.64714e-19
20547.90000	2.24009e-19	7.86828e-19
20550.10000	3.65836e-19	9.17481e-19
20552.30000	5.80721e-19	1.07158e-18
20554.40000	1.33985e-19	1.13160e-18
20556.60000	1.46916e-19	1.26677e-18
20558.80000	-1.19781e-18	2.06070e-18
20561.00000	-2.47126e-18	4.05101e-18
20563.10000	-1.80644e-18	5.14928e-18
20565.30000	-2.03322e-18	4.77029e-18
20567.50000	1.90818e-18	2.88983e-18
20569.60000	3.28462e-18	1.46724e-18
20571.80000	4.42792e-19	1.11236e-18
20574.00000	-2.87079e-19	1.20131e-18
20576.20000	2.46331e-19	1.32010e-18
20578.30000	-1.96338e-18	1.17349e-18
20580.50000	-4.12454e-19	1.01397e-18
20582.70000	1.50479e-19	9.35913e-19
20584.80000	-2.18115e-19	7.91299e-19
20587.00000	-4.98909e-19	6.48296e-19
20589.20000	-2.91748e-19	5.68163e-19
20591.40000	-3.39206e-20	5.19000e-19
20593.50000	-4.84211e-19	5.11730e-19
20595.70000	2.02921e-19	5.02107e-19
20597.90000	1.08460e-18	4.65979e-19
20600.00000	6.49309e-19	4.33623e-19
20602.20000	2.16727e-19	4.15425e-19
20604.40000	2.59624e-19	4.10882e-19
20606.60000	8.47823e-20	4.11535e-19
20608.70000	7.55167e-21	4.23422e-19
20610.90000	-5.52693e-20	4.43835e-19
20613.10000	-5.02415e-19	4.72419e-19
20615.30000	-5.77796e-19	4.85289e-19
20617.40000	1.15161e-19	4.97297e-19
20619.60000	-9.76991e-19	5.21157e-19
20621.80000	-1.83137e-19	5.28536e-19
20623.90000	1.02706e-19	5.26306e-19
20626.10000	1.32727e-19	5.53766e-19
20628.30000	-6.37564e-20	5.77991e-19
20630.50000	5.14125e-19	5.73399e-19
20632.60000	-4.05498e-19	5.80079e-19
20634.80000	-1.08473e-18	6.09430e-19
20637.00000	-7.53785e-19	5.84578e-19
20639.10000	-7.91215e-19	6.01388e-19
20641.30000	3.99592e-20	6.29633e-19
20643.50000	6.46643e-19	6.40241e-19
20645.70000	-4.86852e-19	6.33073e-19
20647.80000	8.16239e-20	7.28884e-19
20650.00000	3.20566e-19	7.56045e-19
20652.20000	-6.58705e-19	7.63528e-19
20654.30000	-2.57226e-19	7.16034e-19
20656.50000	-4.55939e-19	6.81144e-19
20658.70000	-4.00733e-20	6.30692e-19
20660.90000	-1.20295e-19	6.85009e-19
20663.00000	-9.52486e-19	8.01794e-19
20665.20000	3.72177e-19	7.07012e-19
20667.40000	1.91879e-19	6.39846e-19
20669.60000	4.52533e-19	6.75635e-19
20671.70000	1.50368e-19	7.17030e-19
20673.90000	-1.13603e-18	7.16438e-19
20676.10000	-6.48348e-19	6.95497e-19
20678.20000	8.45958e-19	6.10010e-19
20680.40000	2.85721e-19	6.07564e-19
20682.60000	-2.02307e-19	5.90501e-19
20684.80000	-9.19977e-19	5.89248e-19
20686.90000	-1.37333e-18	5.80927e-19
20689.10000	-1.70114e-19	5.60517e-19
20691.30000	6.25691e-20	5.44786e-19
20693.40000	5.26533e-19	5.45584e-19
20695.60000	3.01346e-19	5.54206e-19
20697.80000	-9.14040e-19	5.30935e-19
20700.00000	-2.76875e-19	5.42995e-19
20702.10000	-2.93523e-19	5.41131e-19
20704.30000	2.36945e-20	5.31902e-19
20706.50000	-5.40990e-19	5.46068e-19
20708.60000	-4.51796e-19	5.35506e-19
20710.80000	1.39196e-19	5.57849e-19
20713.00000	6.44738e-20	5.73794e-19
20715.20000	-4.50296e-19	5.50710e-19
20717.30000	-3.23352e-19	5.51045e-19
20719.50000	4.11699e-19	5.65148e-19
20721.70000	-2.05484e-19	6.34868e-19
20723.80000	2.32924e-18	1.49067e-18
20726.00000	-2.64708e-18	2.66845e-18
20728.20000	1.59688e-18	3.40547e-18
20730.40000	1.56729e-17	3.37061e-18
20732.50000	9.87891e-19	2.38166e-18
20734.70000	-6.39465e-19	1.19106e-18
20736.90000	9.38912e-19	7.34386e-19
20739.10000	-3.63756e-19	8.01634e-19
20741.20000	6.64049e-19	7.25413e-19
20743.40000	9.35110e-19	6.15860e-19
20745.60000	1.17529e-18	5.24213e-19
20747.70000	1.78619e-19	4.87388e-19
20749.90000	-6.54769e-19	4.75664e-19
20752.10000	-9.11249e-19	4.63652e-19
20754.30000	1.03079e-20	4.89489e-19
20756.40000	-1.13581e-19	4.52145e-19
20758.60000	2.12833e-19	4.55759e-19
20760.80000	2.45810e-19	4.58358e-19
20762.90000	-4.01675e-19	4.50278e-19
20765.10000	-1.47814e-19	4.42388e-19
20767.30000	4.00255e-19	4.38692e-19
20769.50000	-3.81201e-20	4.35531e-19
20771.60000	-6.33837e-19	4.28665e-19
20773.80000	3.43529e-19	4.23594e-19
20776.00000	3.84174e-19	4.21690e-19
20778.10000	4.84600e-19	4.17420e-19
20780.30000	1.10838e-18	4.17391e-19
20782.50000	1.29059e-19	4.19901e-19
20784.70000	-4.12886e-19	4.11960e-19
20786.80000	3.86040e-19	4.02373e-19
20789.00000	-5.49874e-19	3.99641e-19
20791.20000	1.52407e-19	3.97746e-19
20793.40000	4.41581e-20	3.89967e-19
20795.50000	2.46471e-19	4.01914e-19
20797.70000	2.95648e-19	4.25167e-19
20799.90000	-2.37295e-19	4.98865e-19
20802.00000	1.40783e-19	5.85207e-19
20804.20000	1.35840e-18	6.70620e-19
20806.40000	4.40796e-19	6.49262e-19
20808.60000	-4.93265e-20	5.75626e-19
20810.70000	2.32290e-19	5.09236e-19
20812.90000	6.60296e-19	5.53317e-19
20815.10000	1.48679e-20	6.32406e-19
20817.20000	-8.82036e-20	6.00047e-19
20819.40000	2.05868e-19	5.50455e-19
20821.60000	1.00571e-18	6.12758e-19
20823.80000	5.46383e-19	6.50249e-19
20825.90000	1.03267e-18	6.80520e-19
20828.10000	-2.76194e-19	6.78131e-19
20830.30000	2.08556e-19	6.53290e-19
20832.40000	-2.62704e-19	6.01737e-19
20834.60000	-6.27630e-19	4.92759e-19
20836.80000	1.67454e-19	4.26345e-19
20839.00000	2.73899e-19	4.66150e-19
20841.10000	3.60906e-19	4.46914e-19
20843.30000	5.27097e-21	4.13884e-19
20845.50000	-3.75617e-19	4.11352e-19
20847.70000	8.06616e-20	4.35437e-19
20849.80000	2.68933e-19	4.60099e-19
20852.00000	1.13664e-18	4.94227e-19
20854.20000	-3.68275e-19	5.76632e-19
20856.30000	1.32493e-19	9.73110e-19
20858.50000	-2.06091e-18	1.44121e-18
20860.70000	-7.40960e-19	1.59716e-18
20862.90000	4.59643e-19	1.34271e-18
20865.00000	-1.74368e-18	8.64089e-19
20867.20000	-9.35542e-19	5.97578e-19
20869.40000	-6.20018e-19	5.67593e-19
20871.50000	-5.10054e-19	6.29301e-19
20873.70000	4.00946e-19	6.65151e-19
20875.90000	-1.38950e-19	6.44552e-19
20878.10000	5.47062e-19	5.48604e-19
20880.20000	-3.73209e-19	4.86560e-19
20882.40000	1.84901e-20	5.07795e-19
20884.60000	6.98806e-19	5.54151e-19
20886.70000	-3.25465e-19	5.50890e-19
20888.90000	-4.36242e-19	4.64281e-19
20891.10000	1.00181e-19	4.28629e-19
20893.30000	-1.35116e-19	4.17093e-19
20895.40000	6.48651e-19	4.19784e-19
20897.60000	-2.81375e-19	4.22309e-19
20899.80000	1.32816e-19	4.28518e-19
20901.90000	-4.68072e-20	4.78268e-19
20904.10000	-5.44905e-19	7.46510e-19
20906.30000	-4.01786e-18	1.48175e-18
20908.50000	-1.53371e-18	1.93070e-18
20910.60000	-1.69987e-18	1.88885e-18
20912.80000	-2.86179e-18	1.43109e-18
20915.00000	-1.25100e-18	8.76735e-19
20917.20000	-1.44321e-19	6.26296e-19
20919.30000	6.27688e-19	5.92972e-19
20921.50000	7.00909e-19	5.18736e-19
20923.70000	-2.01486e-20	4.47218e-19
20925.80000	-4.81503e-19	4.19247e-19
20928.00000	-2.42731e-19	4.12582e-19
20930.20000	4.11058e-19	4.08259e-19
20932.40000	-4.49431e-19	4.04787e-19
20934.50000	-3.73901e-19	4.10097e-19
20936.70000	-3.20682e-20	4.23909e-19
20938.90000	1.15473e-19	4.30495e-19
20941.00000	-3.14405e-19	4.25925e-19
20943.20000	-3.57339e-19	4.11022e-19
20945.40000	-2.21648e-19	4.04007e-19
20947.60000	1.61032e-19	4.10258e-19
20949.70000	6.51898e-19	4.12669e-19
20951.90000	9.89964e-19	4.02962e-19
20954.10000	2.38509e-19	3.99325e-19
20956.20000	6.41531e-19	4.15252e-19
20958.40000	5.15511e-19	4.05354e-19
20960.60000	1.51152e-19	4.00464e-19
20962.80000	4.62572e-19	4.02694e-19
20964.90000	3.62939e-19	3.97766e-19
20967.10000	2.49138e-19	3.93766e-19
20969.30000	-2.03077e-19	3.92307e-19
20971.50000	1.05734e-19	3.86150e-19
20973.60000	3.54660e-20	3.74718e-19
20975.80000	6.47571e-20	3.70418e-19
20978.00000	5.83006e-19	3.71943e-19
20980.10000	4.15539e-19	3.74142e-19
20982.30000	1.16929e-19	3.78205e-19
20984.50000	-5.91401e-19	3.80942e-19
20986.70000	-2.72911e-19	3.95756e-19
20988.80000	2.49125e-20	3.92805e-19
20991.00000	-1.93685e-19	3.77948e-19
20993.20000	1.56747e-19	3.76305e-19
20995.30000	4.38835e-19	3.74485e-19
20997.50000	-4.48016e-20	3.75532e-19
20999.70000	-1.59695e-19	3.84236e-19
21001.90000	8.53447e-19	4.29415e-19
21004.00000	1.03119e-18	4.99309e-19
21006.20000	1.85582e-19	5.33569e-19
21008.40000	-1.52277e-19	5.76282e-19
21010.50000	-1.98465e-19	6.45657e-19
21012.70000	-5.58397e-19	7.05157e-19
21014.90000	-4.73246e-19	6.58473e-19
21017.10000	-2.56016e-19	5.84419e-19
21019.20000	-1.21425e-19	5.50982e-19
21021.40000	1.76394e-19	5.72261e-19
21023.60000	3.09463e-19	6.15317e-19
21025.80000	3.69036e-19	6.34664e-19
21027.90000	-7.50179e-20	6.47944e-19
21030.10000	-7.49934e-19	7.15964e-19
21032.30000	-3.67286e-20	8.16928e-19
21034.40000	2.92986e-19	8.14211e-19
21036.60000	4.01696e-19	6.61885e-19
21038.80000	1.90477e-19	5.36598e-19
21041.00000	-7.16478e-20	5.06907e-19
21043.10000	5.26506e-19	5.02000e-19
21045.30000	3.03782e-19	4.86059e-19
21047.50000	-4.52240e-19	4.75086e-19
21049.60000	-4.51204e-19	5.43505e-19
21051.80000	4.32796e-20	6.51366e-19
21054.00000	-3.18194e-19	6.67365e-19
21056.20000	-2.26979e-19	6.57735e-19
21058.30000	-2.00964e-19	7.85640e-19
21060.50000	-1.23418e-18	1.04724e-18
21062.70000	-8.62820e-19	1.16626e-18
21064.80000	9.95387e-19	1.20860e-18
21067.00000	-6.60869e-19	1.20709e-18
21069.20000	-2.76896e-18	1.15152e-18
21071.40000	-8.20377e-19	9.36686e-19
21073.50000	5.87340e-19	7.29105e-19
21075.70000	2.16234e-19	6.32337e-19
21077.90000	-2.77624e-20	5.62111e-19
21080.00000	-2.28260e-19	4.81673e-19
21082.20000	-2.68937e-19	4.59118e-19
21084.40000	7.61646e-20	4.69053e-19
21086.60000	4.11735e-19	5.21810e-19
21088.70000	4.76838e-19	5.92587e-19
21090.90000	3.67885e-19	6.44942e-19
21093.10000	-7.45937e-19	7.49985e-19
21095.30000	-3.71572e-19	8.79845e-19
21097.40000	-3.11458e-19	9.38007e-19
21099.60000	-2.35927e-18	9.14308e-19
21101.80000	-1.33898e-18	9.88680e-19
21103.90000	8.33543e-20	1.27248e-18
21106.10000	7.21064e-19	1.36761e-18
21108.30000	1.49464e-18	1.17949e-18
21110.50000	9.09791e-19	1.04203e-18
21112.60000	3.02089e-19	1.16628e-18
21114.80000	-4.96466e-19	1.44762e-18
21117.00000	-6.69948e-19	1.43570e-18
21119.10000	-1.16631e-19	1.00151e-18
21121.30000	5.33620e-19	5.73593e-19
21123.50000	6.62747e-19	4.34657e-19
21125.70000	4.68479e-19	4.17012e-19
21127.80000	4.46659e-19	4.48736e-19
21130.00000	9.99463e-20	4.43675e-19
21132.20000	-1.24594e-20	4.43026e-19
21134.30000	2.40774e-19	3.99045e-19
21136.50000	3.27691e-19	3.96060e-19
21138.70000	5.04114e-19	3.95863e-19
21140.90000	5.28136e-19	3.99166e-19
21143.00000	-1.27723e-19	4.03461e-19
21145.20000	4.84472e-20	4.04241e-19
21147.40000	6.32674e-19	4.21608e-19
21149.60000	2.50922e-19	4.54549e-19
21151.70000	-2.61750e-19	5.78607e-19
21153.90000	3.41205e-19	9.28852e-19
21156.10000	1.21969e-18	1.09171e-18
21158.20000	2.51605e-19	8.86349e-19
21160.40000	-4.28721e-20	6.03256e-19
21162.60000	8.00301e-20	4.56706e-19
21164.80000	1.57434e-19	4.18689e-19
21166.90000	7.70676e-20	4.22966e-19
21169.10000	-1.18701e-19	4.52670e-19
21171.30000	-6.91487e-19	6.08245e-19
21173.40000	-1.95810e-18	1.27632e-18
21175.60000	-7.78716e-19	1.77671e-18
21177.80000	-2.78489e-18	1.72930e-18
21180.00000	-1.80695e-18	1.21195e-18
21182.10000	1.87068e-19	7.94712e-19
21184.30000	7.52621e-20	5.99498e-19
21186.50000	-7.92274e-20	5.24684e-19
21188.60000	-3.18028e-19	5.28918e-19
21190.80000	-4.27737e-19	5.77630e-19
21193.00000	7.19584e-21	6.26419e-19
21195.20000	-2.20861e-19	6.08598e-19
21197.30000	-2.49510e-19	5.32010e-19
21199.50000	2.42883e-19	4.85369e-19
21201.70000	-2.71106e-19	5.08179e-19
21203.80000	-4.60529e-19	5.34282e-19
21206.00000	-4.39801e-19	5.45153e-19
21208.20000	-6.06813e-19	5.31579e-19
21210.40000	5.41864e-20	4.99608e-19
21212.50000	6.07590e-19	4.77931e-19
21214.70000	-5.15630e-19	4.87069e-19
21216.90000	-4.38438e-19	5.35152e-19
21219.10000	3.94685e-20	5.30136e-19
21221.20000	2.78254e-19	4.87548e-19
21223.40000	4.36377e-19	4.75728e-19
21225.60000	3.62500e-20	4.73099e-19
21227.70000	1.50013e-20	5.13792e-19
21229.90000	5.08449e-19	8.62891e-19
21232.10000	1.84072e-18	1.06149e-18
21234.30000	2.22684e-18	9.76819e-19
21236.40000	5.75108e-19	6.04551e-19
21238.60000	1.18572e-19	4.91267e-19
21240.80000	1.24750e-19	4.74449e-19
21242.90000	-9.85438e-21	4.94066e-19
21245.10000	6.87054e-19	7.66199e-19
21247.30000	9.94971e-19	1.62990e-18
21249.50000	-4.90123e-19	2.05055e-18
21251.60000	1.74113e-18	1.61629e-18
21253.80000	2.06227e-18	8.86615e-19
21256.00000	2.91238e-19	5.43494e-19
21258.10000	3.49268e-19	4.43930e-19
21260.30000	1.70041e-19	4.17543e-19
21262.50000	-8.99644e-20	4.13582e-19
21264.70000	1.55712e-19	4.10500e-19
21266.80000	5.20337e-19	4.03746e-19
21269.00000	2.36009e-19	4.03434e-19
21271.20000	3.79818e-19	4.10530e-19
21273.40000	-3.95670e-19	4.61597e-19
21275.50000	-9.88559e-19	6.28149e-19
21277.70000	-6.59185e-19	8.00029e-19
21279.90000	-1.25105e-18	8.14034e-19
21282.00000	-1.86781e-19	6.63091e-19
21284.20000	4.03770e-19	5.02862e-19
21286.40000	-4.48521e-20	4.30314e-19
21288.60000	1.37442e-19	4.39987e-19
21290.70000	4.92733e-19	4.82008e-19
21292.90000	1.19615e-19	5.13520e-19
21295.10000	-2.71561e-19	4.64707e-19
21297.20000	-2.31424e-20	4.14054e-19
21299.40000	5.81529e-20	4.19901e-19
21301.60000	2.98681e-20	4.26988e-19
21303.80000	-2.80721e-19	4.08843e-19
21305.90000	2.26744e-19	4.13917e-19
21308.10000	4.72160e-19	4.19149e-19
21310.30000	-2.11894e-19	4.71662e-19
21312.40000	2.26012e-19	6.23160e-19
21314.60000	5.44706e-19	8.56701e-19
21316.80000	8.64310e-19	9.53078e-19
21319.00000	4.61092e-19	1.04878e-18
21321.10000	-8.43063e-19	1.07822e-18
21323.30000	-2.26534e-19	1.20646e-18
21325.50000	1.32002e-18	1.20455e-18
21327.70000	1.84529e-18	1.08523e-18
21329.80000	1.13141e-18	7.49311e-19
21332.00000	5.17440e-19	5.14454e-19
21334.20000	1.30482e-19	4.55637e-19
21336.30000	-1.24170e-19	4.11481e-19
21338.50000	1.98311e-20	4.16618e-19
21340.70000	3.91677e-20	4.16396e-19
21342.90000	-4.28661e-19	3.99529e-19
21345.00000	-3.92837e-20	4.01937e-19
21347.20000	-3.36109e-19	4.06047e-19
21349.40000	-2.33779e-19	4.21586e-19
21351.50000	-2.10901e-19	4.89661e-19
21353.70000	3.28419e-19	5.54695e-19
21355.90000	2.42567e-19	6.03706e-19
21358.10000	-5.11695e-19	5.52795e-19
21360.20000	-6.98908e-19	5.43255e-19
21362.40000	2.17462e-19	5.10697e-19
21364.60000	-1.30061e-19	4.40070e-19
21366.70000	-3.74265e-20	4.24481e-19
21368.90000	-5.64398e-20	4.71878e-19
21371.10000	-1.27106e-19	5.45477e-19
21373.30000	2.98795e-19	5.58951e-19
21375.40000	1.25948e-19	5.41072e-19
21377.60000	-5.69350e-21	5.40290e-19
21379.80000	-8.15394e-20	5.35337e-19
21381.90000	-3.08966e-19	5.31652e-19
21384.10000	-6.25713e-20	4.70984e-19
21386.30000	-6.43768e-20	4.32532e-19
21388.50000	-1.79032e-19	4.36541e-19
21390.60000	1.61217e-19	4.46651e-19
21392.80000	1.49928e-20	4.50396e-19
21395.00000	2.04466e-19	4.32699e-19
21397.20000	1.13465e-19	4.10910e-19
21399.30000	-5.76045e-19	3.99116e-19
21401.50000	-6.45768e-19	3.98453e-19
21403.70000	4.34400e-19	4.05989e-19
21405.80000	7.09244e-19	4.21089e-19
21408.00000	2.96264e-19	4.21688e-19
21410.20000	1.77053e-19	4.20625e-19
21412.40000	6.03597e-20	4.40361e-19
21414.50000	-6.66077e-20	4.71093e-19
21416.70000	-7.72967e-19	4.55158e-19
21418.90000	3.14904e-19	4.81264e-19
21421.00000	1.04212e-18	5.04461e-19
21423.20000	6.20988e-19	4.80099e-19
21425.40000	3.61736e-19	4.91754e-19
21427.60000	5.38309e-19	4.75004e-19
21429.70000	2.20270e-19	4.54011e-19
21431.90000	2.95417e-19	4.77028e-19
21434.10000	3.20702e-19	4.30406e-19
21436.20000	8.79449e-21	4.34511e-19
21438.40000	1.58413e-19	4.61829e-19
21440.60000	4.77109e-19	5.07767e-19
21442.80000	-4.62414e-19	4.36379e-19
21444.90000	-6.45396e-19	4.20742e-19
21447.10000	7.21697e-19	4.16961e-19
21449.30000	4.24297e-19	4.17016e-19
21451.50000	-8.26839e-19	4.15885e-19
21453.60000	4.84798e-19	4.13734e-19
21455.80000	7.37445e-19	4.26433e-19
21458.00000	2.87001e-19	4.56635e-19
21460.10000	1.92787e-19	4.86693e-19
21462.30000	4.77910e-19	4.59633e-19
21464.50000	7.53162e-19	4.44915e-19
21466.70000	4.96843e-19	4.38888e-19
21468.80000	4.60936e-19	4.33699e-19
21471.00000	3.04363e-20	4.29993e-19
21473.20000	-3.70278e-19	4.27520e-19
21475.30000	2.84042e-19	4.45833e-19
21477.50000	6.65921e-19	4.54288e-19
21479.70000	1.38529e-19	4.29860e-19
21481.90000	-5.21066e-19	4.28878e-19
21484.00000	-6.06235e-19	4.34281e-19
21486.20000	-2.12544e-19	4.35162e-19
21488.40000	1.14098e-19	4.41364e-19
21490.50000	1.49415e-19	4.49229e-19
21492.70000	-4.31094e-19	4.65307e-19
21494.90000	-2.88151e-19	4.79723e-19
21497.10000	2.22907e-19	5.09158e-19
21499.20000	3.00840e-19	6.00065e-19
21501.40000	-4.17265e-19	8.84394e-19
21503.60000	-2.71138e-18	1.84659e-18
21505.80000	-1.72039e-18	2.79457e-18
21507.90000	-2.34720e-18	2.90814e-18
21510.10000	1.76774e-18	2.24020e-18
21512.30000	-4.35804e-20	1.24655e-18
21514.40000	-7.12197e-19	7.86984e-19
21516.60000	-6.61435e-19	6.13388e-19
21518.80000	2.85764e-21	5.76249e-19
21521.00000	9.96882e-19	5.47010e-19
21523.10000	7.01703e-19	5.70066e-19
21525.30000	-2.42766e-20	6.30450e-19
21527.50000	-7.71329e-19	7.66222e-19
21529.60000	-3.25150e-19	7.78980e-19
21531.80000	-1.76375e-19	8.81208e-19
21534.00000	-9.46040e-19	1.31186e-18
21536.20000	-2.08610e-18	1.85146e-18
21538.30000	-3.24516e-18	1.93693e-18
21540.50000	-1.55898e-18	1.36505e-18
21542.70000	2.12826e-18	9.79884e-19
21544.80000	-8.96131e-19	8.39392e-19
21547.00000	-9.29028e-19	8.43165e-19
21549.20000	-9.60775e-19	7.59415e-19
21551.40000	7.33164e-19	6.39039e-19
21553.50000	6.76111e-19	5.21443e-19
21555.70000	4.51887e-19	4.76162e-19
21557.90000	2.55949e-19	4.80763e-19
21560.10000	-1.62454e-20	4.66727e-19
21562.20000	-7.69528e-20	4.92849e-19
21564.40000	3.38676e-20	5.56610e-19
21566.60000	4.30497e-19	6.13063e-19
21568.70000	4.20520e-19	5.78588e-19
21570.90000	2.12227e-19	5.33887e-19
21573.10000	1.55991e-19	4.94982e-19
21575.30000	-1.25646e-19	5.83637e-19
21577.40000	2.56709e-19	9.40406e-19
21579.60000	-5.42709e-19	1.21479e-18
21581.80000	-5.90625e-19	1.15484e-18
21583.90000	-2.11148e-19	8.94151e-19
21586.10000	-4.07320e-19	6.47814e-19
21588.30000	7.93731e-21	5.58572e-19
21590.50000	-4.59242e-19	5.20169e-19
21592.60000	-5.64003e-19	5.22790e-19
21594.80000	2.77828e-19	5.42034e-19
21597.00000	7.95767e-19	5.52575e-19
21599.10000	3.34359e-20	5.34025e-19
21601.30000	-2.36085e-19	5.15794e-19
21603.50000	4.18605e-19	5.04448e-19
21605.70000	-5.42049e-20	4.68010e-19
21607.80000	-3.48258e-19	4.89419e-19
21610.00000	-2.83904e-19	5.09137e-19
21612.20000	2.08857e-19	5.02585e-19
21614.30000	-1.55104e-19	4.81043e-19
21616.50000	6.18664e-19	4.76324e-19
21618.70000	7.10909e-19	5.06727e-19
21620.90000	2.71074e-20	5.27151e-19
21623.00000	-7.10014e-19	5.29978e-19
21625.20000	2.06063e-19	4.87357e-19
21627.40000	4.86968e-19	4.62351e-19
21629.60000	1.80878e-19	4.69014e-19
21631.70000	-1.19697e-19	5.39419e-19
21633.90000	-6.40049e-19	6.76062e-19
21636.10000	-3.13365e-19	7.33966e-19
21638.20000	9.18279e-19	7.39793e-19
21640.40000	6.18505e-19	6.72829e-19
21642.60000	2.37604e-19	5.68985e-19
21644.80000	2.03999e-20	4.93709e-19
21646.90000	3.54249e-20	4.80932e-19
21649.10000	1.77238e-19	4.88096e-19
21651.30000	-5.17270e-20	4.71595e-19
21653.40000	7.45827e-20	4.97520e-19
21655.60000	7.57227e-19	5.45640e-19
21657.80000	8.03127e-19	5.82170e-19
21660.00000	7.98516e-19	5.96434e-19
21662.10000	-8.07167e-20	5.94443e-19
21664.30000	2.52789e-19	5.44397e-19
21666.50000	1.15699e-19	5.06514e-19
21668.60000	5.34020e-20	4.75019e-19
21670.80000	4.83655e-19	5.04640e-19
21673.00000	5.40393e-19	5.50922e-19
21675.20000	1.27359e-19	5.52958e-19
21677.30000	2.94118e-19	5.59068e-19
21679.50000	1.86788e-20	5.53240e-19
21681.70000	1.65699e-19	5.27594e-19
21683.90000	1.18340e-19	5.23559e-19
21686.00000	3.98735e-19	4.91784e-19
21688.20000	6.88568e-19	4.79885e-19
21690.40000	3.30713e-19	4.79242e-19
21692.50000	-4.87751e-20	4.86950e-19
21694.70000	2.97746e-19	4.66458e-19
21696.90000	1.65485e-19	4.59005e-19
21699.10000	-1.21339e-19	4.83068e-19
21701.20000	5.00770e-19	5.32613e-19
21703.40000	2.27732e-19	5.48311e-19
21705.60000	-6.37188e-19	6.69912e-19
21707.70000	-1.11290e-19	1.01197e-18
21709.90000	9.17397e-19	1.40788e-18
21712.10000	-1.93802e-18	1.48702e-18
21714.30000	-1.15894e-18	1.08428e-18
21716.40000	3.81302e-19	6.22370e-19
21718.60000	4.17788e-19	5.01659e-19
21720.80000	3.30369e-19	4.89814e-19
21722.90000	4.53530e-20	4.80052e-19
21725.10000	2.27167e-19	4.76829e-19
21727.30000	3.84110e-19	4.61338e-19
21729.50000	6.79368e-19	4.58425e-19
21731.60000	6.15167e-20	4.55586e-19
21733.80000	-4.12987e-19	4.58042e-19
21736.00000	1.55072e-19	4.59233e-19
21738.20000	-1.01092e-19	4.60228e-19
21740.30000	3.88341e-19	4.56716e-19
21742.50000	-1.31918e-19	4.56439e-19
21744.70000	-3.05846e-20	4.56577e-19
21746.80000	-2.80377e-19	4.57919e-19
21749.00000	-7.31355e-19	4.60028e-19
21751.20000	-9.42864e-19	4.62215e-19
21753.40000	-2.38043e-19	4.64390e-19
21755.50000	1.23111e-18	4.91941e-19
21757.70000	5.43306e-19	5.63851e-19
21759.90000	-6.74207e-19	6.43553e-19
21762.00000	5.27688e-19	6.63347e-19
21764.20000	2.42033e-19	6.18141e-19
21766.40000	-3.69346e-20	5.42590e-19
21768.60000	2.20854e-19	4.72371e-19
21770.70000	8.05953e-19	4.62906e-19
21772.90000	5.67485e-19	4.64879e-19
21775.10000	3.71001e-19	4.66925e-19
21777.20000	-2.44723e-19	4.70269e-19
21779.40000	2.50341e-19	4.72758e-19
21781.60000	6.52518e-19	4.73210e-19
21783.80000	7.06864e-20	4.81520e-19
21785.90000	-1.01431e-19	5.23051e-19
21788.10000	-1.26771e-20	6.14946e-19
21790.30000	1.30877e-21	6.84728e-19
21792.40000	2.68587e-19	7.21076e-19
21794.60000	6.11419e-19	7.45912e-19
21796.80000	9.79272e-19	9.14738e-19
21799.00000	3.34319e-19	1.67606e-18
21801.10000	-2.73093e-18	2.42618e-18
21803.30000	-6.05409e-18	2.56961e-18
21805.50000	-3.97313e-18	1.66192e-18
21807.70000	-1.91173e-19	8.08175e-19
21809.80000	8.86827e-19	5.64358e-19
21812.00000	7.45461e-20	5.16514e-19
21814.20000	-1.79755e-19	5.01837e-19
21816.30000	-1.90976e-19	4.95370e-19
21818.50000	1.40539e-19	4.81558e-19
21820.70000	1.31984e-19	4.76485e-19
21822.90000	5.59751e-19	4.74697e-19
21825.00000	3.84674e-19	4.77731e-19
21827.20000	6.61217e-19	4.81087e-19
21829.40000	1.27252e-18	4.93245e-19
21831.50000	7.68469e-19	4.96650e-19
21833.70000	7.71811e-19	5.06300e-19
21835.90000	-3.45210e-20	5.15651e-19
21838.10000	-1.19107e-19	5.40631e-19
21840.20000	-1.92494e-19	5.31253e-19
21842.40000	9.11696e-21	5.18341e-19
21844.60000	-3.58008e-19	5.06381e-19
21846.70000	-8.36070e-19	5.00164e-19
21848.90000	-3.20394e-19	4.89577e-19
21851.10000	5.38977e-19	4.90258e-19
21853.30000	6.88395e-19	5.32701e-19
21855.40000	7.23439e-19	5.43892e-19
21857.60000	8.35543e-20	5.43755e-19
21859.80000	9.11471e-20	4.89458e-19
21862.00000	8.61413e-19	4.99164e-19
21864.10000	4.04181e-19	5.02219e-19
21866.30000	-2.61129e-20	5.20506e-19
21868.50000	2.31105e-20	6.87273e-19
21870.60000	-1.22217e-18	1.28424e-18
21872.80000	-1.20286e-18	1.66790e-18
21875.00000	-1.45730e-18	1.55860e-18
21877.20000	-1.86444e-18	9.62651e-19
21879.30000	-5.50077e-19	6.34752e-19
21881.50000	-8.29402e-19	5.52143e-19
21883.70000	-9.22164e-20	5.37247e-19
21885.80000	4.68153e-19	5.24956e-19
21888.00000	-5.40250e-20	5.35486e-19
21890.20000	-7.15637e-19	5.74904e-19
21892.40000	-4.87092e-19	5.93887e-19
21894.50000	-7.25714e-20	5.64671e-19
21896.70000	2.51960e-19	5.13516e-19
21898.90000	1.73344e-19	4.90838e-19
21901.00000	1.87806e-19	4.97525e-19
21903.20000	5.36002e-19	5.15848e-19
21905.40000	-3.90240e-20	5.20957e-19
21907.60000	-9.94146e-20	5.10068e-19
21909.70000	3.69090e-19	4.92453e-19
21911.90000	-1.45084e-20	4.84645e-19
21914.10000	3.14231e-19	4.75539e-19
21916.20000	4.50765e-19	4.72213e-19
21918.40000	3.51506e-19	4.70289e-19
21920.60000	-4.01427e-19	4.72929e-19
21922.80000	-2.10610e-19	4.74215e-19
21924.90000	1.73682e-19	4.84879e-19
21927.10000	-3.86577e-19	5.20160e-19
21929.30000	-1.43371e-19	5.40629e-19
21931.50000	2.80441e-20	5.20274e-19
21933.60000	-2.46674e-20	5.09892e-19
21935.80000	-1.98354e-19	5.08745e-19
21938.00000	-2.27640e-19	5.03221e-19
21940.10000	-4.52648e-19	5.06238e-19
21942.30000	-5.31059e-20	5.16972e-19
21944.50000	1.78008e-19	5.28819e-19
21946.70000	-5.68739e-20	5.52903e-19
21948.80000	-6.91074e-19	6.62622e-19
21951.00000	2.55052e-18	1.11336e-18
21953.20000	7.99097e-19	2.33605e-18
21955.30000	7.47611e-19	2.73312e-18
21957.50000	4.92319e-18	2.42533e-18
21959.70000	2.30393e-18	1.20715e-18
21961.90000	-1.75853e-19	6.81369e-19
21964.00000	1.99913e-19	5.61123e-19
21966.20000	-3.53947e-19	5.38642e-19
21968.40000	-3.95938e-19	5.35801e-19
21970.50000	6.68723e-21	5.37395e-19
21972.70000	4.38483e-19	5.32328e-19
21974.90000	4.66911e-19	5.60609e-19
21977.10000	-4.46861e-19	5.82034e-19
21979.20000	-2.01781e-19	6.05174e-19
21981.40000	8.58162e-19	6.01564e-19
21983.60000	3.32409e-19	5.77603e-19
21985.80000	4.39937e-19	5.89744e-19
21987.90000	1.81962e-19	6.39772e-19
21990.10000	-6.03373e-19	6.38185e-19
21992.30000	-6.61243e-19	6.54598e-19
21994.40000	-1.20685e-19	6.95357e-19
21996.60000	1.30739e-19	7.26287e-19
21998.80000	9.63463e-20	7.17607e-19
22001.00000	2.65541e-19	7.12507e-19
22003.10000	4.43446e-19	7.16034e-19
22005.30000	7.12158e-20	6.87114e-19
22007.50000	-4.22730e-19	6.24057e-19
22009.60000	1.00456e-19	5.90960e-19
22011.80000	2.78592e-19	5.77033e-19
22014.00000	3.89825e-19	5.66232e-19
22016.20000	5.54105e-19	5.55328e-19
22018.30000	2.99024e-19	5.56475e-19
22020.50000	-1.85280e-19	5.66357e-19
22022.70000	-1.04846e-18	5.93378e-19
22024.80000	-5.68143e-19	6.40582e-19
22027.00000	1.90790e-19	6.84105e-19
22029.20000	4.72923e-19	6.90666e-19
22031.40000	3.58712e-19	6.50411e-19
22033.50000	4.01987e-19	6.04287e-19
22035.70000	4.45023e-19	5.72851e-19
22037.90000	8.93361e-19	5.67591e-19
22040.10000	-3.56157e-19	5.65447e-19
22042.20000	-2.91826e-19	5.62542e-19
22044.40000	5.04505e-20	5.62098e-19
22046.60000	9.51550e-19	6.69845e-19
22048.70000	2.40843e-18	1.08319e-18
22050.90000	4.86984e-19	1.81954e-18
22053.10000	-1.01269e-19	1.80164e-18
22055.30000	5.33539e-19	1.25277e-18
22057.40000	-7.04202e-19	8.34221e-19
22059.60000	-3.82191e-19	6.90665e-19
22061.80000	3.27209e-19	6.49774e-19
22063.90000	1.67501e-19	5.98917e-19
22066.10000	4.17998e-19	5.90337e-19
22068.30000	3.94845e-19	5.74823e-19
22070.50000	1.44308e-19	5.39414e-19
22072.60000	3.07665e-19	5.35570e-19
22074.80000	-1.52973e-19	5.31185e-19
22077.00000	1.70751e-19	5.23317e-19
22079.10000	5.37073e-20	5.20546e-19
22081.30000	3.79676e-19	5.22940e-19
22083.50000	-5.54526e-21	5.19773e-19
22085.70000	-4.89825e-19	5.16838e-19
22087.80000	-1.62937e-19	5.09733e-19
22090.00000	6.90724e-19	5.08890e-19
22092.20000	6.08161e-20	5.24074e-19
22094.30000	-1.77476e-19	5.19266e-19
22096.50000	-1.66538e-19	5.08994e-19
22098.70000	-6.71970e-19	5.18614e-19
22100.90000	-7.64150e-19	5.26604e-19
22103.00000	-5.40990e-19	5.71562e-19
22105.20000	-1.15527e-19	5.90991e-19
22107.40000	-2.48829e-19	5.66138e-19
22109.60000	3.41095e-20	5.45097e-19
22111.70000	-2.51741e-19	5.45205e-19
22113.90000	6.05558e-20	5.39535e-19
22116.10000	2.86808e-19	5.45422e-19
22118.20000	3.44987e-19	6.04642e-19
22120.40000	-1.57945e-20	9.17294e-19
22122.60000	2.35738e-18	1.75054e-18
22124.80000	1.80740e-18	2.31909e-18
22126.90000	-6.67219e-18	2.21852e-18
22129.10000	-2.68603e-18	1.36734e-18
22131.30000	4.08679e-19	7.18578e-19
22133.40000	1.97641e-19	5.81514e-19
22135.60000	-9.03119e-20	5.52394e-19
22137.80000	3.18776e-19	5.67142e-19
22140.00000	-2.11295e-19	5.39484e-19
22142.10000	9.40957e-20	5.30453e-19
22144.30000	5.51070e-20	5.30835e-19
22146.50000	1.11432e-19	5.31750e-19
22148.60000	7.60597e-19	5.33359e-19
22150.80000	-1.99159e-19	5.31103e-19
22153.00000	-2.98312e-19	5.75346e-19
22155.20000	-3.66344e-20	5.63052e-19
22157.30000	2.21642e-19	5.45317e-19
22159.50000	6.71810e-19	5.88810e-19
22161.70000	2.64864e-19	5.76119e-19
22163.90000	1.38482e-19	5.89940e-19
22166.00000	-1.67221e-19	5.78562e-19
22168.20000	5.27828e-19	5.71402e-19
22170.40000	8.58062e-19	5.59496e-19
22172.50000	2.93369e-21	5.43548e-19
22174.70000	-2.04271e-20	5.40358e-19
22176.90000	-4.58300e-19	5.72355e-19
22179.10000	-2.03966e-19	5.84143e-19
22181.20000	1.24733e-19	5.72815e-19
22183.40000	3.37829e-19	5.71675e-19
22185.60000	1.81069e-19	5.68173e-19
22187.70000	4.56266e-19	5.74814e-19
22189.90000	1.05651e-18	5.80317e-19
22192.10000	7.56309e-19	5.75820e-19
22194.30000	1.46178e-19	6.34236e-19
22196.40000	-1.06100e-18	5.90846e-19
22198.60000	-7.42781e-19	5.49492e-19
22200.80000	-9.50284e-19	5.52386e-19
22202.90000	4.68929e-19	5.59992e-19
22205.10000	2.23203e-19	5.53492e-19
22207.30000	4.93565e-19	5.54676e-19
22209.50000	8.74050e-19	5.73412e-19
22211.60000	1.29301e-18	6.01754e-19
22213.80000	6.10492e-22	5.94713e-19
22216.00000	-2.19963e-19	5.91409e-19
22218.20000	-2.89432e-20	5.83390e-19
22220.30000	-3.78417e-19	5.55501e-19
22222.50000	4.44075e-19	5.48390e-19
22224.70000	3.54482e-19	5.50612e-19
22226.80000	-2.92653e-19	5.54620e-19
22229.00000	-2.18083e-19	5.58519e-19
22231.20000	-1.00645e-19	5.60844e-19
22233.40000	-1.84210e-19	5.61377e-19
22235.50000	1.05772e-18	5.66645e-19
22237.70000	6.50914e-19	5.72413e-19
22239.90000	3.92055e-19	5.74028e-19
22242.00000	-2.96734e-20	6.42157e-19
22244.20000	-1.86201e-18	9.78910e-19
22246.40000	-5.86011e-19	1.31130e-18
22248.60000	2.09284e-19	1.35777e-18
22250.70000	-7.75585e-19	1.02645e-18
22252.90000	-2.42406e-19	6.58595e-19
22255.10000	-1.19686e-19	5.78905e-19
22257.20000	5.28148e-19	5.70502e-19
22259.40000	4.07685e-19	5.79726e-19
22261.60000	5.94516e-19	5.90370e-19
22263.80000	2.89183e-19	6.08826e-19
22265.90000	-8.36097e-19	6.18416e-19
22268.10000	-1.80977e-19	6.18404e-19
22270.30000	1.01408e-18	6.33817e-19
22272.40000	-3.18545e-19	6.58059e-19
22274.60000	3.74215e-19	6.51928e-19
22276.80000	8.61137e-19	6.18697e-19
22279.00000	5.24645e-19	5.73877e-19
22281.10000	-1.29273e-19	5.53020e-19
22283.30000	-4.10703e-19	5.63214e-19
22285.50000	-1.20299e-18	5.82523e-19
22287.70000	-6.33319e-19	6.04713e-19
22289.80000	3.97892e-19	6.51522e-19
22292.00000	-1.02318e-19	5.98958e-19
22294.20000	2.74630e-19	5.75166e-19
22296.30000	-8.45948e-19	5.75285e-19
22298.50000	1.36026e-19	5.86907e-19
22300.70000	-5.48742e-19	5.92407e-19
22302.90000	6.77524e-19	6.01446e-19
22305.00000	-6.45102e-19	6.30188e-19
22307.20000	8.64079e-20	8.67057e-19
22309.40000	1.51742e-19	1.48520e-18
22311.50000	6.75535e-19	1.91669e-18
22313.70000	1.26933e-19	1.92763e-18
22315.90000	5.22300e-18	1.44392e-18
22318.10000	2.84746e-19	8.58739e-19
22320.20000	-1.81676e-19	7.08693e-19
22322.40000	1.54032e-19	6.71273e-19
22324.60000	-1.15453e-18	6.51941e-19
22326.70000	7.59852e-19	6.37972e-19
22328.90000	-5.42020e-20	6.30770e-19
22331.10000	-5.43763e-19	6.15210e-19
22333.30000	9.20855e-20	6.22348e-19
22335.40000	4.70492e-19	6.84775e-19
22337.60000	-4.77585e-19	7.32147e-19
22339.80000	-5.14409e-19	7.33014e-19
22342.00000	9.86770e-19	7.26832e-19
22344.10000	3.05448e-19	7.54749e-19
22346.30000	2.10373e-19	7.81523e-19
22348.50000	-6.75100e-19	7.18977e-19
22350.60000	-3.70349e-19	6.44440e-19
22352.80000	-4.35920e-19	6.05995e-19
22355.00000	-2.42672e-19	5.94592e-19
22357.20000	-2.49799e-19	6.12633e-19
22359.30000	6.06554e-19	5.95865e-19
22361.50000	-1.26083e-18	5.97522e-19
22363.70000	-9.00352e-19	6.64840e-19
22365.80000	4.34636e-19	6.33627e-19
22368.00000	-2.07200e-19	6.18758e-19
22370.20000	-7.89725e-20	6.22708e-19
22372.40000	5.84613e-19	6.23574e-19
22374.50000	8.51020e-20	6.31395e-19
22376.70000	-1.16737e-18	6.35002e-19
22378.90000	-3.75974e-20	6.27095e-19
22381.00000	3.89311e-19	6.47861e-19
22383.20000	-8.14292e-20	6.83416e-19
22385.40000	1.08182e-18	6.78821e-19
22387.60000	-1.30250e-19	6.13218e-19
22389.70000	8.09527e-21	6.01658e-19
22391.90000	-2.51654e-19	6.03554e-19
22394.10000	-3.50684e-20	6.00370e-19
22396.20000	1.59984e-19	5.95412e-19
22398.40000	4.85860e-19	6.05159e-19
22400.60000	1.37539e-18	6.17060e-19
22402.80000	-5.37361e-19	6.20264e-19
22404.90000	1.07777e-18	6.13109e-19
22407.10000	5.88510e-20	6.04270e-19
22409.30000	-3.19680e-19	6.18735e-19
22411.50000	-3.75288e-19	6.35559e-19
22413.60000	-2.86509e-20	6.58383e-19
22415.80000	8.37325e-19	6.68158e-19
22418.00000	-3.77350e-19	6.64536e-19
22420.10000	2.72420e-21	6.49394e-19
22422.30000	1.72991e-19	6.34535e-19
22424.50000	-3.64860e-19	6.20969e-19
22426.70000	4.30546e-19	6.48330e-19
22428.80000	1.07982e-19	6.74663e-19
22431.00000	-3.83370e-19	6.67450e-19
22433.20000	1.02901e-18	6.31299e-19
22435.30000	-9.16707e-19	6.61998e-19
22437.50000	4.26949e-19	6.31537e-19
22439.70000	-5.50294e-19	6.31824e-19
22441.90000	-3.88939e-19	6.23481e-19
22444.00000	-4.79345e-19	6.40693e-19
22446.20000	2.76722e-19	5.95158e-19
22448.40000	-6.71933e-19	5.96675e-19
22450.50000	-8.51619e-21	5.94533e-19
22452.70000	4.38952e-20	5.98531e-19
22454.90000	-3.47428e-19	6.54749e-19
22457.10000	-9.69147e-19	9.18614e-19
22459.20000	-3.23706e-19	1.08432e-18
22461.40000	-1.43720e-19	1.12858e-18
22463.60000	1.41581e-19	8.80166e-19
22465.80000	4.44415e-19	6.69876e-19
22467.90000	5.97528e-19	6.81352e-19
22470.10000	6.37734e-20	7.04280e-19
22472.30000	-5.57631e-19	6.56446e-19
22474.40000	-9.28855e-19	6.58575e-19
22476.60000	6.67047e-20	6.38548e-19
22478.80000	1.53927e-19	6.30658e-19
22481.00000	-1.20902e-19	6.65200e-19
22483.10000	1.60336e-20	7.24726e-19
22485.30000	-8.96296e-19	6.18585e-19
22487.50000	-8.05909e-19	6.13348e-19
22489.60000	-3.76480e-19	6.21432e-19
22491.80000	9.49815e-19	6.24317e-19
22494.00000	-5.30637e-19	6.28201e-19
22496.20000	-8.43062e-19	6.30534e-19
22498.30000	3.94655e-19	6.27371e-19
22500.50000	4.97591e-19	6.31413e-19
22502.70000	-1.05281e-18	6.33512e-19
22504.80000	4.60405e-19	6.28879e-19
22507.00000	6.09146e-19	6.31637e-19
22509.20000	6.27765e-19	6.38107e-19
22511.40000	-2.89347e-20	6.90676e-19
22513.50000	3.30611e-21	9.88470e-19
22515.70000	1.09341e-18	1.31432e-18
22517.90000	2.89538e-18	1.45087e-18
22520.10000	1.10037e-18	1.28459e-18
22522.20000	1.38481e-18	9.36200e-19
22524.40000	-6.81583e-19	6.73619e-19
22526.60000	-1.09820e-18	6.30618e-19
22528.70000	-4.13150e-19	6.18109e-19
22530.90000	1.23329e-18	6.40855e-19
22533.10000	-3.90487e-19	6.31894e-19
22535.30000	-3.43435e-19	6.37705e-19
22537.40000	-8.34350e-19	6.60084e-19
22539.60000	1.79651e-19	7.35309e-19
22541.80000	-3.32607e-19	6.95408e-19
22543.90000	4.33165e-19	7.12410e-19
22546.10000	8.64613e-19	6.94490e-19
22548.30000	5.40501e-19	6.95120e-19
22550.50000	2.30152e-19	6.49904e-19
22552.60000	-5.57129e-19	6.45911e-19
22554.80000	2.37021e-21	6.40712e-19
22557.00000	7.49532e-19	6.35976e-19
22559.10000	2.25536e-19	6.39199e-19
22561.30000	-1.72285e-19	6.39090e-19
22563.50000	5.70174e-19	6.46213e-19
22565.70000	-3.64006e-19	6.50428e-19
22567.80000	-8.94185e-19	6.53018e-19
22570.00000	-5.00972e-20	6.46798e-19
22572.20000	-3.47147e-19	6.37596e-19
22574.40000	6.35268e-19	6.53818e-19
22576.50000	2.29918e-19	6.19497e-19
22578.70000	9.75057e-20	6.34200e-19
22580.90000	1.28246e-18	6.13769e-19
22583.00000	8.22916e-21	6.03655e-19
22585.20000	8.02967e-19	5.98562e-19
22587.40000	-3.51955e-20	6.01362e-19
22589.60000	9.40974e-19	6.64755e-19
22591.70000	5.48234e-19	6.35097e-19
22593.90000	1.73900e-18	6.22235e-19
22596.10000	6.44145e-20	6.26721e-19
22598.20000	1.30971e-20	6.37829e-19
22600.40000	3.96238e-19	6.44686e-19
22602.60000	2.11821e-19	6.43206e-19
22604.80000	-4.43331e-19	6.98195e-19
22606.90000	-6.59648e-19	7.17771e-19
22609.10000	-1.35697e-18	7.25319e-19
22611.30000	-2.78935e-19	7.58604e-19
22613.40000	1.40549e-18	7.27838e-19
22615.60000	3.35272e-19	7.22995e-19
22617.80000	3.19828e-19	7.52836e-19
22620.00000	8.04565e-19	7.71611e-19
22622.10000	8.70636e-20	7.63694e-19
22624.30000	-1.22483e-18	7.18802e-19
22626.50000	-8.40663e-19	6.91370e-19
22628.60000	1.15481e-18	6.38399e-19
22630.80000	9.21549e-19	6.25323e-19
22633.00000	3.22122e-19	6.68932e-19
22635.20000	-2.07301e-19	6.61423e-19
22637.30000	-8.85814e-20	6.63599e-19
22639.50000	-2.43471e-19	7.04524e-19
22641.70000	-5.98149e-19	7.25359e-19
22643.90000	6.96813e-19	7.30163e-19
22646.00000	8.21003e-19	7.15379e-19
22648.20000	2.99890e-19	7.21263e-19
22650.40000	2.10915e-19	7.02942e-19
22652.50000	-4.14971e-19	6.58570e-19
22654.70000	7.07947e-19	6.13900e-19
22656.90000	6.22778e-19	6.03387e-19
22659.10000	7.15580e-19	5.94272e-19
22661.20000	9.32848e-20	6.03958e-19
22663.40000	-3.17822e-19	6.21134e-19
22665.60000	-1.04527e-19	5.92484e-19
22667.70000	3.59587e-19	6.07600e-19
22669.90000	8.35889e-19	6.29332e-19
22672.10000	1.24249e-18	6.36831e-19
22674.30000	2.06132e-19	6.39118e-19
22676.40000	-1.85906e-19	6.36561e-19
22678.60000	1.71191e-19	6.62754e-19
22680.80000	-2.62612e-19	7.02976e-19
22682.90000	-1.36468e-19	7.47976e-19
22685.10000	1.09327e-18	8.05580e-19
22687.30000	7.61333e-19	9.20962e-19
22689.50000	-1.47298e-19	9.98475e-19
22691.60000	4.84868e-19	9.47181e-19
22693.80000	-8.50799e-19	8.34683e-19
22696.00000	-3.63681e-19	7.06720e-19
22698.20000	-4.04009e-19	7.43887e-19
22700.30000	-5.75649e-20	7.55643e-19
22702.50000	1.93841e-20	7.16721e-19
22704.70000	-1.21677e-18	7.11543e-19
22706.80000	6.90631e-19	6.66190e-19
22709.00000	-6.88922e-19	6.42235e-19
22711.20000	-1.19133e-18	6.56958e-19
22713.40000	1.34568e-18	6.76912e-19
22715.50000	7.75068e-19	6.87543e-19
22717.70000	2.41949e-20	6.93552e-19
22719.90000	-1.80269e-19	6.94731e-19
22722.00000	-1.40997e-18	6.88929e-19
22724.20000	-7.02649e-19	6.97113e-19
22726.40000	-4.97246e-19	6.97614e-19
22728.60000	-2.69485e-19	6.81582e-19
22730.70000	-1.96832e-19	6.83175e-19
22732.90000	-5.84318e-19	7.25884e-19
22735.10000	1.28031e-19	6.95973e-19
22737.20000	3.54201e-19	8.30557e-19
22739.40000	9.60994e-19	9.85867e-19
22741.60000	-8.91656e-19	1.10496e-18
22743.80000	-1.44985e-19	1.07103e-18
22745.90000	1.07605e-18	8.60827e-19
22748.10000	3.22794e-19	7.37110e-19
22750.30000	-1.42384e-18	7.32248e-19
22752.50000	8.46770e-19	7.71819e-19
22754.60000	2.07806e-19	8.21043e-19
22756.80000	-1.20247e-18	8.36134e-19
22759.00000	-7.84873e-19	8.04950e-19
22761.10000	4.72131e-19	7.65251e-19
22763.30000	8.82802e-19	7.22736e-19
22765.50000	7.45787e-19	7.27939e-19
22767.70000	5.53383e-20	7.71305e-19
22769.80000	4.73669e-21	7.48467e-19
22772.00000	-1.16652e-18	7.19429e-19
22774.20000	8.36534e-19	6.76694e-19
22776.30000	-2.68363e-19	6.68816e-19
22778.50000	-8.22333e-19	6.76296e-19
22780.70000	5.56692e-19	7.03553e-19
22782.90000	1.75995e-19	6.92789e-19
22785.00000	-1.73369e-19	6.58425e-19
22787.20000	7.10635e-19	6.41753e-19
22789.40000	8.39514e-19	6.35145e-19
22791.50000	-7.62994e-19	6.28212e-19
22793.70000	-1.31497e-18	6.25498e-19
22795.90000	-6.52271e-19	6.47571e-19
22798.10000	-5.29708e-19	6.57901e-19
22800.20000	-2.10704e-20	6.51786e-19
22802.40000	8.65804e-19	6.85929e-19
22804.60000	3.35261e-20	7.24865e-19
22806.80000	9.31680e-19	7.01938e-19
22808.90000	-1.34699e-19	6.96726e-19
22811.10000	-2.50999e-19	6.79869e-19
22813.30000	-7.89561e-19	6.67145e-19
22815.40000	-1.23257e-19	7.07155e-19
22817.60000	8.27568e-19	6.39311e-19
22819.80000	4.69246e-19	6.54149e-19
22822.00000	6.53126e-19	6.83100e-19
22824.10000	1.10515e-18	6.90604e-19
22826.30000	-7.94394e-19	7.36522e-19
22828.50000	2.75995e-19	7.62438e-19
22830.60000	4.42831e-20	7.61741e-19
22832.80000	-2.11492e-19	7.75370e-19
22835.00000	-2.93788e-19	7.41653e-19
22837.20000	6.28571e-20	7.02967e-19
22839.30000	-7.15986e-19	7.12552e-19
22841.50000	8.93489e-19	7.01505e-19
22843.70000	5.70664e-19	6.76822e-19
22845.80000	2.14631e-19	6.60826e-19
22848.00000	-4.85493e-19	6.63111e-19
22850.20000	-2.24062e-19	6.74050e-19
22852.40000	-7.18873e-19	6.91347e-19
22854.50000	1.67969e-19	6.89606e-19
22856.70000	3.81697e-19	6.92255e-19
22858.90000	1.07099e-18	6.76989e-19
22861.00000	1.35707e-19	6.43877e-19
22863.20000	1.10427e-19	6.60910e-19
22865.40000	2.80984e-20	6.39230e-19
22867.60000	-2.98117e-19	6.46580e-19
22869.70000	-1.49949e-18	6.56540e-19
22871.90000	-5.38547e-19	6.60846e-19
22874.10000	-2.50956e-19	6.67598e-19
22876.30000	-8.71432e-19	6.69148e-19
22878.40000	-5.55615e-19	6.59903e-19
22880.60000	-7.56684e-19	6.57534e-19
22882.80000	-6.38143e-19	6.54175e-19
22884.90000	-3.85532e-19	6.34218e-19
22887.10000	1.82839e-19	6.34520e-19
22889.30000	1.07937e-19	7.11375e-19
22891.50000	6.47185e-19	7.76416e-19
22893.60000	4.08899e-19	7.32136e-19
22895.80000	6.13319e-19	7.72917e-19
22898.00000	6.34221e-19	7.90991e-19
22900.10000	3.98027e-19	7.62655e-19
22902.30000	9.98162e-19	7.35759e-19
22904.50000	9.95125e-19	7.03265e-19
22906.70000	6.72550e-19	6.76778e-19
22908.80000	-9.15800e-19	6.70874e-19
22911.00000	-1.04590e-18	6.75996e-19
22913.20000	-5.34172e-19	6.75523e-19
22915.30000	2.78853e-19	6.66523e-19
22917.50000	7.64143e-20	6.69921e-19
22919.70000	-1.03074e-19	6.80067e-19
22921.90000	-2.30095e-19	7.04378e-19
22924.00000	9.79301e-19	7.12671e-19
22926.20000	7.76190e-19	6.95322e-19
22928.40000	-1.87487e-19	6.78121e-19
22930.60000	-5.67329e-19	6.73122e-19
22932.70000	-3.19282e-19	6.86888e-19
22934.90000	-4.48324e-19	7.05678e-19
22937.10000	-4.28010e-19	7.84776e-19
22939.20000	-1.47372e-19	8.15399e-19
22941.40000	-1.03499e-18	8.01267e-19
22943.60000	-9.02683e-19	7.64407e-19
22945.80000	-8.80291e-19	7.79050e-19
22947.90000	-6.66165e-19	8.24385e-19
22950.10000	6.90326e-19	8.54451e-19
22952.30000	1.90230e-19	7.94513e-19
22954.40000	8.57345e-19	7.83169e-19
22956.60000	5.12210e-19	7.69701e-19
22958.80000	4.53500e-19	7.71943e-19
22961.00000	7.50399e-19	7.31409e-19
22963.10000	9.01888e-19	7.36437e-19
22965.30000	2.96986e-19	7.35089e-19
22967.50000	-5.07693e-19	7.07717e-19
22969.60000	-7.04679e-19	6.97104e-19
22971.80000	-9.50173e-19	6.99841e-19
22974.00000	-1.60436e-18	6.90606e-19
22976.20000	-4.22759e-19	7.14522e-19
22978.30000	-1.21607e-18	7.46703e-19
22980.50000	-6.55047e-19	8.20433e-19
22982.70000	-3.56064e-20	9.02381e-19
22984.80000	-7.69451e-19	9.66495e-19
22987.00000	-1.08809e-18	9.54297e-19
22989.20000	-1.70362e-18	9.17870e-19
22991.40000	-4.74619e-19	8.27312e-19
22993.50000	3.53780e-19	7.32813e-19
22995.70000	1.16081e-18	7.27560e-19
22997.90000	1.01474e-18	7.33364e-19
23000.10000	-3.44607e-19	7.39829e-19
23002.20000	-5.64487e-19	7.61015e-19
23004.40000	1.89285e-19	7.74309e-19
23006.60000	6.92874e-19	7.91834e-19
23008.70000	1.02208e-18	7.83459e-19
23010.90000	7.64663e-19	7.60241e-19
23013.10000	1.58257e-19	7.27661e-19
23015.30000	-3.95456e-19	7.16264e-19
23017.40000	4.71210e-19	6.93491e-19
23019.60000	3.78626e-19	6.89698e-19
23021.80000	6.68861e-20	6.89069e-19
23023.90000	-5.06908e-19	7.08911e-19
23026.10000	-1.91253e-19	7.15196e-19
23028.30000	-3.84529e-19	7.11056e-19
23030.50000	-2.53247e-19	7.46437e-19
23032.60000	-7.76389e-19	8.19503e-19
23034.80000	-5.87501e-19	8.33582e-19
23037.00000	-1.99274e-19	8.16223e-19
23039.10000	-8.19755e-19	7.88548e-19
23041.30000	-7.32770e-20	7.89905e-19
23043.50000	-6.76386e-19	7.78989e-19
23045.70000	6.64171e-19	7.80620e-19
23047.80000	2.59015e-19	7.75288e-19
23050.00000	-1.04211e-18	7.35564e-19
23052.20000	-1.39225e-18	7.23922e-19
23054.40000	-5.03611e-19	7.11434e-19
23056.50000	3.99251e-19	7.12270e-19
23058.70000	6.08923e-19	7.12862e-19
23060.90000	3.42319e-19	7.02983e-19
23063.00000	4.45123e-19	6.96181e-19
23065.20000	9.60060e-19	7.04934e-19
23067.40000	5.16950e-19	7.07922e-19
23069.60000	1.18240e-18	7.17732e-19
23071.70000	9.96528e-19	7.47204e-19
23073.90000	-1.18694e-19	7.73013e-19
23076.10000	5.51485e-19	7.85418e-19
23078.20000	-9.29109e-19	7.68693e-19
23080.40000	4.63872e-20	7.27264e-19
23082.60000	-2.26133e-19	7.09001e-19
23084.80000	1.78953e-20	7.16819e-19
23086.90000	-4.14748e-19	7.29904e-19
23089.10000	-8.86586e-19	7.50577e-19
23091.30000	-5.70981e-19	7.18298e-19
23093.40000	2.15130e-19	7.01698e-19
23095.60000	3.34415e-20	6.90312e-19
23097.80000	-2.87220e-19	6.82593e-19
23100.00000	-7.97710e-19	6.90053e-19
23102.10000	-3.27303e-19	7.24393e-19
23104.30000	-7.25857e-19	7.20404e-19
23106.50000	3.02570e-19	7.14667e-19
23108.70000	7.30421e-19	7.07667e-19
23110.80000	-2.95778e-19	6.84824e-19
23113.00000	-9.15601e-19	6.81672e-19
23115.20000	-6.58752e-19	6.89384e-19
23117.30000	5.46124e-19	6.87786e-19
23119.50000	9.96754e-19	6.84461e-19
23121.70000	6.31150e-20	6.71295e-19
23123.90000	-3.90738e-19	6.77120e-19
23126.00000	-4.19980e-20	7.00291e-19
23128.20000	3.01026e-19	6.69027e-19
23130.40000	7.67085e-19	6.65797e-19
23132.50000	-1.05978e-19	6.65850e-19
23134.70000	-8.84437e-19	6.70385e-19
23136.90000	-1.06535e-19	6.72074e-19
23139.10000	3.27429e-19	6.84881e-19
23141.20000	3.98777e-19	6.61069e-19
23143.40000	5.40227e-19	6.66854e-19
23145.60000	8.63891e-19	6.72922e-19
23147.70000	5.99039e-19	6.84396e-19
23149.90000	9.94947e-19	6.73944e-19
23152.10000	6.46309e-19	6.89210e-19
23154.30000	6.63169e-19	7.46251e-19
23156.40000	4.22066e-19	7.47224e-19
23158.60000	3.81064e-19	7.46352e-19
23160.80000	3.43819e-19	8.00128e-19
23162.90000	1.20762e-19	8.90884e-19
23165.10000	-6.46703e-19	9.67250e-19
23167.30000	-4.06225e-19	1.06180e-18
23169.50000	-2.93630e-19	1.12719e-18
23171.60000	3.07657e-19	1.15893e-18
23173.80000	9.50684e-19	1.10684e-18
23176.00000	1.11714e-18	1.05348e-18
23178.20000	5.57755e-19	9.97533e-19
23180.30000	-5.56043e-19	9.59900e-19
23182.50000	-1.21712e-18	9.48537e-19
23184.70000	-1.34134e-18	9.00483e-19
23186.80000	-1.23157e-18	8.43527e-19
23189.00000	3.71363e-20	8.27117e-19
23191.20000	-8.09129e-19	8.21899e-19
23193.40000	-7.18299e-19	8.12937e-19
23195.50000	2.78838e-19	8.18339e-19
23197.70000	6.13419e-19	8.00199e-19
23199.90000	1.25917e-18	7.82346e-19
23202.00000	1.08847e-18	8.06115e-19
23204.20000	-2.19146e-19	8.21774e-19
23206.40000	-3.90992e-19	8.13638e-19
23208.60000	2.03900e-19	8.08568e-19
23210.70000	1.30229e-19	7.75204e-19
23212.90000	8.04560e-19	7.43277e-19
23215.10000	1.80762e-19	7.26102e-19
23217.20000	8.53469e-19	7.29640e-19
23219.40000	1.16916e-18	7.52335e-19
23221.60000	-2.46929e-19	7.87442e-19
23223.80000	-6.07792e-19	7.91868e-19
23225.90000	-8.39001e-19	8.17268e-19
23228.10000	8.92269e-19	8.23387e-19
23230.30000	-5.37370e-20	7.73951e-19
23232.50000	-6.46036e-19	7.33432e-19
23234.60000	-7.94180e-19	7.33088e-19
23236.80000	-8.37765e-20	7.41991e-19
23239.00000	-4.79049e-19	7.52463e-19
23241.10000	5.73315e-19	7.43768e-19
23243.30000	4.41035e-19	7.65093e-19
23245.50000	-1.03566e-19	7.98202e-19
23247.70000	-5.69281e-19	8.15475e-19
23249.80000	-3.11134e-19	8.26321e-19
23252.00000	4.03351e-19	8.28797e-19
23254.20000	-3.56671e-19	8.35241e-19
23256.30000	-6.81245e-19	7.90376e-19
23258.50000	-3.94184e-19	7.47964e-19
23260.70000	-5.33154e-19	7.52130e-19
23262.90000	-6.47071e-19	7.63556e-19
23265.00000	1.79940e-19	7.78974e-19
23267.20000	-4.66794e-20	7.57447e-19
23269.40000	-8.63312e-19	7.94083e-19
23271.50000	-1.59170e-19	7.80983e-19
23273.70000	-1.99247e-19	7.63793e-19
23275.90000	-6.69082e-19	7.49848e-19
23278.10000	-3.04024e-19	7.57733e-19
23280.20000	1.28185e-19	7.57003e-19
23282.40000	-1.47395e-19	7.92305e-19
23284.60000	-7.40377e-19	8.22085e-19
23286.80000	-6.16566e-19	8.56594e-19
23288.90000	5.81106e-20	8.61079e-19
23291.10000	-6.78198e-19	8.11341e-19
23293.30000	-1.68729e-18	8.38670e-19
23295.40000	2.53536e-20	8.08866e-19
23297.60000	7.70691e-19	7.50684e-19
23299.80000	-1.20044e-19	7.61639e-19
23302.00000	2.39170e-19	7.79452e-19
23304.10000	3.73977e-19	7.51663e-19
23306.30000	-4.95433e-19	7.87384e-19
23308.50000	-3.06011e-19	7.78518e-19
23310.60000	2.96686e-19	7.63505e-19
23312.80000	-3.19068e-20	7.81766e-19
23315.00000	-5.58625e-19	8.11170e-19
23317.20000	-7.71187e-19	8.21483e-19
23319.30000	-5.99312e-19	8.78619e-19
23321.50000	-5.34059e-19	9.16478e-19
23323.70000	8.02705e-20	8.25634e-19
23325.80000	1.04826e-19	8.21907e-19
23328.00000	-4.85877e-19	8.14737e-19
23330.20000	4.42472e-19	8.07675e-19
23332.40000	6.21204e-19	7.95483e-19
23334.50000	-4.30606e-19	7.95809e-19
23336.70000	3.27812e-20	7.96390e-19
23338.90000	-3.85803e-19	8.02261e-19
23341.00000	-8.32257e-19	7.92407e-19
23343.20000	-1.12829e-18	7.90595e-19
23345.40000	-2.29588e-20	7.79904e-19
23347.60000	7.13307e-19	7.73738e-19
23349.70000	-6.70190e-21	7.65622e-19
23351.90000	-1.13134e-18	8.02692e-19
23354.10000	-1.11325e-18	8.18353e-19
23356.30000	5.44037e-20	7.63577e-19
23358.40000	-7.06063e-19	7.82153e-19
23360.60000	-4.80305e-19	7.99388e-19
23362.80000	-3.87553e-20	8.16070e-19
23364.90000	-4.70566e-19	8.56747e-19
23367.10000	7.47801e-20	8.52034e-19
23369.30000	-2.11633e-19	8.42173e-19
23371.50000	4.66561e-19	8.36106e-19
23373.60000	1.62057e-18	8.24538e-19
23375.80000	2.74511e-19	7.91120e-19
23378.00000	-1.32020e-19	7.71019e-19
23380.10000	8.30069e-19	8.01938e-19
23382.30000	4.08951e-19	8.71588e-19
23384.50000	-6.58077e-19	8.94514e-19
23386.70000	7.41118e-19	8.74573e-19
23388.80000	7.99476e-19	8.86650e-19
23391.00000	-8.34421e-19	8.89731e-19
23393.20000	-8.79426e-19	8.70275e-19
23395.30000	6.26970e-19	9.07621e-19
23397.50000	2.97771e-19	9.48523e-19
23399.70000	-4.35119e-19	9.78943e-19
23401.90000	7.83803e-20	9.81535e-19
23404.00000	9.56633e-19	9.63979e-19
23406.20000	1.52888e-18	9.36826e-19
23408.40000	5.23785e-19	9.16898e-19
23410.60000	-5.73478e-19	9.74389e-19
23412.70000	-1.26422e-18	9.57849e-19
23414.90000	-8.28694e-19	8.68556e-19
23417.10000	-5.29740e-19	8.33646e-19
23419.20000	-1.39526e-19	8.04243e-19
23421.40000	3.20672e-19	7.98280e-19
23423.60000	4.03735e-19	8.00139e-19
23425.80000	7.87284e-19	8.40181e-19
23427.90000	8.00064e-19	8.64963e-19
23430.10000	2.92800e-19	8.63158e-19
23432.30000	-2.77363e-19	8.96651e-19
23434.40000	-1.18335e-19	9.27536e-19
23436.60000	8.22856e-19	9.33539e-19
23438.80000	1.29246e-19	8.97701e-19
23441.00000	8.49103e-20	8.73838e-19
23443.10000	-1.35172e-20	8.76765e-19
23445.30000	-4.69086e-20	8.76949e-19
23447.50000	-2.34500e-19	8.90624e-19
23449.60000	-1.99564e-19	8.98865e-19
23451.80000	9.09868e-19	8.89182e-19
23454.00000	5.54821e-19	8.75071e-19
23456.20000	-3.58808e-19	8.93737e-19
23458.30000	-6.92974e-19	8.81186e-19
23460.50000	-2.18000e-19	8.63682e-19
23462.70000	9.66769e-21	8.87413e-19
23464.80000	-2.59621e-19	9.04609e-19
23467.00000	2.60654e-19	9.50981e-19
23469.20000	1.23364e-19	9.89079e-19
23471.40000	1.06493e-18	9.39102e-19
23473.50000	6.05403e-19	8.85728e-19
23475.70000	-1.97767e-19	9.43577e-19
23477.90000	1.16177e-19	9.99222e-19
23480.10000	-1.36275e-19	9.80129e-19
23482.20000	-8.40122e-20	9.79256e-19
23484.40000	8.35191e-19	9.53006e-19
23486.60000	3.01982e-19	9.22689e-19
23488.70000	-5.50713e-20	8.99996e-19
23490.90000	-4.52230e-19	9.14347e-19
23493.10000	-6.77031e-19	9.46973e-19
23495.30000	2.28092e-19	9.77440e-19
23497.40000	4.88436e-19	9.80234e-19
23499.60000	8.72978e-20	9.97756e-19
23501.80000	-7.75171e-19	1.04958e-18
23503.90000	-1.30287e-18	1.10400e-18
23506.10000	-1.37934e-18	1.13916e-18
23508.30000	1.61636e-19	1.11270e-18
23510.50000	-9.54696e-19	1.03198e-18
23512.60000	4.28031e-20	9.96336e-19
23514.80000	4.68020e-19	9.49280e-19
23517.00000	-1.96572e-19	8.90092e-19
23519.10000	-2.93369e-20	9.01539e-19
23521.30000	4.27796e-19	9.44070e-19
23523.50000	6.47002e-19	9.55651e-19
23525.70000	-9.45195e-19	8.98852e-19
23527.80000	-2.28653e-19	9.11923e-19
23530.00000	-1.19533e-18	9.39239e-19
23532.20000	-1.46283e-18	9.99949e-19
23534.40000	3.02996e-20	1.02029e-18
23536.50000	6.81453e-19	1.03856e-18
23538.70000	-5.68166e-20	9.82035e-19
23540.90000	-1.11225e-18	9.03935e-19
23543.00000	-1.08551e-19	8.63848e-19
23545.20000	4.61132e-19	8.62004e-19
23547.40000	9.08034e-19	8.70659e-19
23549.60000	5.03422e-19	8.75290e-19
23551.70000	1.86867e-19	8.96282e-19
23553.90000	-1.44061e-18	9.43849e-19
23556.10000	-1.26969e-18	1.03590e-18
23558.20000	-4.05999e-19	1.11431e-18
23560.40000	-4.62459e-19	1.14475e-18
23562.60000	7.09020e-19	1.10072e-18
23564.80000	2.11459e-18	1.01179e-18
23566.90000	1.33792e-18	9.31139e-19
23569.10000	-4.99618e-20	9.18516e-19
23571.30000	2.23132e-19	9.20141e-19
23573.40000	-1.13035e-18	9.13648e-19
23575.60000	-1.62812e-18	9.16899e-19
23577.80000	-5.80067e-19	9.29645e-19
23580.00000	4.73177e-19	9.58432e-19
23582.10000	7.61003e-19	1.06982e-18
23584.30000	6.11021e-19	1.22508e-18
23586.50000	-1.01523e-18	1.19478e-18
23588.70000	-7.77775e-19	1.21544e-18
23590.80000	4.40693e-19	1.19270e-18
23593.00000	4.15173e-19	1.07941e-18
23595.20000	-3.73577e-19	8.94261e-19
23597.30000	-8.63864e-19	8.75576e-19
23599.50000	-1.47733e-19	8.64595e-19
23601.70000	1.30742e-18	8.24623e-19
23603.90000	8.03134e-19	8.23960e-19
23606.00000	2.69082e-19	8.29768e-19
23608.20000	3.84360e-19	8.39506e-19
23610.40000	5.58978e-19	8.58257e-19
23612.50000	-4.57953e-19	9.04737e-19
23614.70000	-9.97069e-19	9.72356e-19
23616.90000	-1.71283e-18	9.68080e-19
23619.10000	-7.65301e-19	9.52383e-19
23621.20000	9.46594e-19	8.92428e-19
23623.40000	8.56848e-19	8.67809e-19
23625.60000	1.06692e-18	8.65937e-19
23627.70000	1.20541e-18	8.88163e-19
23629.90000	-2.80151e-19	8.99126e-19
23632.10000	6.42187e-19	8.83614e-19
23634.30000	1.49195e-18	9.04319e-19
23636.40000	8.33252e-19	9.24715e-19
23638.60000	7.27297e-19	9.33271e-19
23640.80000	1.38191e-18	9.47294e-19
23642.90000	-5.20871e-19	9.65391e-19
23645.10000	-5.08328e-19	9.55325e-19
23647.30000	-3.22544e-19	9.28202e-19
23649.50000	4.72887e-19	9.12497e-19
23651.60000	7.76422e-19	8.96256e-19
23653.80000	8.88496e-19	8.93301e-19
23656.00000	-3.70497e-20	8.95674e-19
23658.20000	-4.79372e-20	9.08679e-19
23660.30000	7.69632e-20	9.56806e-19
23662.50000	8.61070e-19	9.15761e-19
23664.70000	-2.41053e-19	9.01807e-19
23666.80000	-1.38885e-18	8.90828e-19
23669.00000	-9.83787e-19	9.20347e-19
23671.20000	-4.23407e-19	9.72340e-19
23673.40000	-5.06549e-19	1.04712e-18
23675.50000	1.41516e-18	1.10550e-18
23677.70000	5.53933e-20	1.08773e-18
23679.90000	-1.23585e-19	9.95710e-19
23682.00000	9.90860e-19	9.72374e-19
23684.20000	1.29997e-18	9.78315e-19
23686.40000	8.39437e-19	9.71701e-19
23688.60000	-1.31281e-19	9.81414e-19
23690.70000	-5.45690e-19	9.73485e-19
23692.90000	-1.61700e-19	9.55764e-19
23695.10000	-7.03200e-19	9.67144e-19
23697.20000	2.90823e-19	1.04151e-18
23699.40000	5.57270e-19	1.21791e-18
23701.60000	3.64293e-19	1.45607e-18
23703.80000	-1.31634e-18	1.70987e-18
23705.90000	7.71478e-19	1.84087e-18
23708.10000	-2.94047e-18	1.81364e-18
23710.30000	-2.65359e-18	1.69105e-18
23712.50000	-1.90591e-18	1.61602e-18
23714.60000	-2.86170e-19	1.60820e-18
23716.80000	5.16522e-19	1.50444e-18
23719.00000	7.91615e-19	1.44855e-18
23721.10000	-7.56972e-19	1.27933e-18
23723.30000	-4.09817e-19	1.27633e-18
23725.50000	1.39519e-19	1.29532e-18
23727.70000	6.32078e-19	1.16862e-18
23729.80000	4.54536e-19	1.09217e-18
23732.00000	-1.70180e-18	1.04927e-18
23734.20000	-2.44215e-18	1.02200e-18
23736.30000	-4.13455e-19	9.90691e-19
23738.50000	4.50516e-19	9.82048e-19
23740.70000	1.53916e-18	9.73309e-19
23742.90000	1.20412e-18	9.62089e-19
23745.00000	1.32265e-18	9.73792e-19
23747.20000	-3.34486e-19	1.00291e-18
23749.40000	4.13749e-19	1.01561e-18
23751.50000	-8.23407e-19	1.00979e-18
23753.70000	-2.38781e-18	9.97939e-19
23755.90000	1.62753e-19	9.82495e-19
23758.10000	1.31819e-18	9.79771e-19
23760.20000	1.13196e-18	9.97527e-19
23762.40000	-6.48532e-19	1.06205e-18
23764.60000	-3.74899e-19	1.15899e-18
23766.80000	2.66011e-20	1.18385e-18
23768.90000	4.22907e-19	1.19312e-18
23771.10000	-9.45456e-19	1.14191e-18
23773.30000	-1.07974e-18	1.07792e-18
23775.40000	-8.09859e-19	1.02254e-18
23777.60000	-1.73707e-18	1.01712e-18
23779.80000	-7.65108e-19	1.06404e-18
23782.00000	9.28353e-20	1.08650e-18
23784.10000	-1.06699e-18	1.04888e-18
23786.30000	-9.44786e-19	9.86033e-19
23788.50000	-8.09299e-19	9.41066e-19
23790.60000	-9.83229e-19	9.23902e-19
23792.80000	-1.19312e-18	9.36708e-19
23795.00000	-3.59301e-19	9.92738e-19
23797.20000	-6.20175e-19	1.07120e-18
23799.30000	-6.55073e-19	1.11082e-18
23801.50000	-9.11992e-19	1.12160e-18
23803.70000	-2.09279e-18	1.12568e-18
23805.80000	-1.20803e-18	1.08515e-18
23808.00000	-1.37861e-18	1.06517e-18
23810.20000	-7.09923e-19	1.03265e-18
23812.40000	-2.97928e-19	9.84214e-19
23814.50000	1.85925e-18	9.73104e-19
23816.70000	-1.43947e-19	9.76345e-19
23818.90000	4.97634e-19	9.86756e-19
23821.10000	-1.82650e-19	9.74555e-19
23823.20000	-1.04939e-18	9.77201e-19
23825.40000	1.52186e-18	1.02379e-18
23827.60000	-2.79916e-19	1.12534e-18
23829.70000	9.82416e-19	1.25367e-18
23831.90000	-1.87038e-18	1.24831e-18
23834.10000	-2.41047e-18	1.27621e-18
23836.30000	1.49732e-19	1.26949e-18
23838.40000	1.71564e-18	1.25333e-18
23840.60000	1.39382e-18	1.25085e-18
23842.80000	-4.11566e-19	1.25059e-18
23844.90000	4.03044e-19	1.17952e-18
23847.10000	-9.12735e-19	1.12127e-18
23849.30000	-3.18571e-19	1.08621e-18
23851.50000	-1.61081e-18	1.05153e-18
23853.60000	-1.04226e-18	1.02173e-18
23855.80000	1.08548e-19	1.04228e-18
23858.00000	8.70257e-19	1.09024e-18
23860.10000	-1.05495e-19	1.15016e-18
23862.30000	-1.41490e-18	1.19983e-18
23864.50000	-1.58115e-18	1.23375e-18
23866.70000	1.07099e-18	1.15763e-18
23868.80000	-7.65981e-19	1.11607e-18
23871.00000	5.40764e-19	1.10013e-18
23873.20000	-1.79156e-18	1.10110e-18
23875.30000	-1.09384e-18	1.10799e-18
23877.50000	1.21088e-18	1.14473e-18
23879.70000	-3.52850e-20	1.18107e-18
23881.90000	-1.15728e-18	1.16017e-18
23884.00000	-7.06792e-19	1.11537e-18
23886.20000	-7.08079e-19	1.07959e-18
23888.40000	8.45815e-19	1.01322e-18
23890.60000	-1.22710e-18	1.03070e-18
23892.70000	7.76575e-19	1.07646e-18
23894.90000	-4.36298e-19	1.14907e-18
23897.10000	1.49972e-19	1.21283e-18
23899.20000	-4.33125e-19	1.27929e-18
23901.40000	-4.25767e-18	1.26842e-18
23903.60000	-2.13491e-18	1.21532e-18
23905.80000	-1.82890e-18	1.19427e-18
23907.90000	-1.90358e-18	1.22360e-18
23910.10000	1.18337e-18	1.28516e-18
23912.30000	2.11148e-18	1.38571e-18
23914.40000	4.21339e-19	1.40885e-18
23916.60000	1.55342e-18	1.31310e-18
23918.80000	-2.32092e-19	1.16045e-18
23921.00000	-1.11539e-18	1.04819e-18
23923.10000	5.65303e-19	1.02079e-18
23925.30000	7.73180e-19	1.03188e-18
23927.50000	9.38184e-20	1.07568e-18
23929.60000	7.31293e-19	1.16049e-18
23931.80000	3.57365e-19	1.14223e-18
23934.00000	-5.31847e-19	1.17276e-18
23936.20000	-4.02065e-19	1.21876e-18
23938.30000	-2.80453e-18	1.20490e-18
23940.50000	5.32197e-19	1.16396e-18
23942.70000	-2.86236e-19	1.15781e-18
23944.90000	1.25067e-18	1.19449e-18
23947.00000	1.20271e-18	1.27027e-18
23949.20000	1.17300e-18	1.13861e-18
23951.40000	-3.61571e-19	1.14522e-18
23953.50000	3.72151e-19	1.16656e-18
23955.70000	1.49098e-18	1.19537e-18
23957.90000	9.04545e-19	1.22463e-18
23960.10000	2.81446e-19	1.24022e-18
23962.20000	-8.61533e-19	1.29073e-18
23964.40000	-1.38924e-18	1.36166e-18
23966.60000	2.25380e-19	1.40186e-18
23968.70000	-2.34591e-18	1.38109e-18
23970.90000	-9.20632e-19	1.28912e-18
23973.10000	7.42535e-19	1.21128e-18
23975.30000	-1.35432e-18	1.19101e-18
23977.40000	-9.99336e-20	1.24521e-18
23979.60000	-2.74261e-19	1.19062e-18
23981.80000	3.44355e-19	1.21569e-18
23983.90000	-1.45983e-18	1.25532e-18
23986.10000	-1.50001e-18	1.22599e-18
23988.30000	9.05135e-19	1.24233e-18
23990.50000	-4.66849e-19	1.26137e-18
23992.60000	1.25715e-18	1.25354e-18
23994.80000	-2.52510e-18	1.27793e-18
23997.00000	-1.72985e-18	1.27904e-18
23999.20000	-6.38109e-19	1.28422e-18
24001.30000	-2.22260e-18	1.31349e-18
24003.50000	-1.84468e-18	1.35402e-18
24005.70000	2.08769e-18	1.34557e-18
24007.80000	2.87048e-18	1.31732e-18
24010.00000	-1.68342e-18	1.36674e-18
24012.20000	2.78946e-19	1.27436e-18
24014.40000	-2.41426e-19	1.26434e-18
24016.50000	-3.61866e-19	1.31671e-18
24018.70000	1.12534e-18	1.36637e-18
24020.90000	2.19045e-18	1.44538e-18
24023.00000	1.26252e-18	1.52037e-18
24025.20000	1.57242e-18	1.51276e-18
24027.40000	-5.67449e-19	1.52829e-18
24029.60000	1.67071e-18	1.65121e-18
24031.70000	-1.71580e-18	1.63210e-18
24033.90000	2.30360e-18	1.75823e-18
24036.10000	8.98912e-19	1.66658e-18
24038.20000	-1.45862e-18	1.91096e-18
