#macsj0717_zall_1_bright.H.1491.fc.1d.esc.txt
#Wavelength in (A) | Flux (erg/sec/cm2/A)| Flux Error
14710.10000	7.10892e-19	9.60417e-19
14711.80000	4.95254e-19	2.51630e-19
14713.40000	6.96627e-19	6.65467e-20
14715.00000	1.22091e-19	8.61393e-20
14716.70000	1.88239e-19	9.17639e-19
14718.30000	-1.32792e-19	7.93352e-19
14719.90000	5.72609e-19	7.10253e-19
14721.50000	-8.31979e-19	6.82084e-19
14723.20000	-1.43516e-18	6.31283e-19
14724.80000	-2.41083e-20	6.08972e-19
14726.40000	-5.43184e-19	5.89225e-19
14728.10000	-2.52672e-21	5.79650e-19
14729.70000	-5.45247e-19	5.78404e-19
14731.30000	-1.67137e-19	5.96019e-19
14732.90000	-3.09764e-19	6.02535e-19
14734.60000	-4.53213e-20	6.65523e-19
14736.20000	8.43746e-20	8.65194e-19
14737.80000	-3.00465e-18	1.91009e-18
14739.50000	-7.13512e-19	2.63671e-18
14741.10000	-1.38116e-18	2.51069e-18
14742.70000	-1.24995e-18	1.61396e-18
14744.30000	-1.65260e-19	8.77165e-19
14746.00000	-9.73662e-20	5.59011e-19
14747.60000	-9.21187e-20	5.21095e-19
14749.20000	-1.38646e-19	4.86635e-19
14750.90000	2.96361e-19	5.20527e-19
14752.50000	1.23618e-18	8.69419e-19
14754.10000	3.28466e-19	1.53217e-18
14755.70000	2.45030e-18	1.84845e-18
14757.40000	-3.65821e-19	1.46171e-18
14759.00000	-1.65024e-18	9.67013e-19
14760.60000	1.33975e-19	7.42063e-19
14762.30000	1.31956e-19	5.98154e-19
14763.90000	-6.58592e-20	5.05686e-19
14765.50000	6.24325e-19	5.02882e-19
14767.10000	-8.89876e-19	6.02175e-19
14768.80000	1.08163e-18	1.07910e-18
14770.40000	-2.90569e-19	2.25013e-18
14772.00000	2.81362e-19	3.03654e-18
14773.70000	4.86851e-20	2.44957e-18
14775.30000	-7.37317e-19	1.44543e-18
14776.90000	-1.39408e-19	8.00140e-19
14778.60000	-5.51348e-19	7.03831e-19
14780.20000	-5.63229e-19	1.36700e-18
14781.80000	-1.42650e-18	3.13349e-18
14783.40000	-2.07471e-18	3.80287e-18
14785.10000	-8.07718e-19	3.12164e-18
14786.70000	8.48160e-19	1.81321e-18
14788.30000	-3.23995e-19	9.72126e-19
14790.00000	1.23282e-19	9.13926e-19
14791.60000	2.87901e-19	1.06837e-18
14793.20000	5.03937e-19	1.05840e-18
14794.80000	1.93745e-18	9.90207e-19
14796.50000	-9.53185e-19	1.83338e-18
14798.10000	-2.25344e-18	3.20331e-18
14799.70000	2.70213e-18	4.30767e-18
14801.40000	1.26983e-18	3.41060e-18
14803.00000	8.65129e-19	2.72567e-18
14804.60000	-1.21238e-18	2.72003e-18
14806.20000	9.11966e-19	2.65716e-18
14807.90000	-8.63867e-19	1.83166e-18
14809.50000	-1.40187e-18	1.02874e-18
14811.10000	5.55424e-19	6.78145e-19
14812.80000	1.12569e-18	6.04096e-19
14814.40000	2.51208e-19	5.60669e-19
14816.00000	-3.44248e-19	5.27992e-19
14817.60000	-4.61455e-20	5.12957e-19
14819.30000	6.05795e-19	5.00570e-19
14820.90000	-6.46650e-20	5.07859e-19
14822.50000	7.15301e-20	4.85802e-19
14824.20000	-3.50374e-19	4.98120e-19
14825.80000	2.25395e-19	5.72577e-19
14827.40000	-4.24315e-19	7.81024e-19
14829.00000	-4.40544e-18	1.36683e-18
14830.70000	-5.77937e-18	3.19455e-18
14832.30000	-3.50348e-18	4.89619e-18
14833.90000	-1.32854e-18	4.59814e-18
14835.60000	-1.98579e-18	2.84084e-18
14837.20000	-4.42164e-19	1.22545e-18
14838.80000	-3.35646e-19	6.05516e-19
14840.50000	-8.33227e-19	5.12500e-19
14842.10000	1.62694e-19	5.24328e-19
14843.70000	1.84264e-19	4.98833e-19
14845.30000	-3.86615e-19	4.86803e-19
14847.00000	4.15830e-19	5.07336e-19
14848.60000	4.56890e-19	5.44237e-19
14850.20000	4.90399e-19	5.40636e-19
14851.90000	-4.97514e-19	5.04068e-19
14853.50000	-3.27038e-19	4.60291e-19
14855.10000	6.31424e-19	4.65617e-19
14856.70000	7.23513e-19	5.55806e-19
14858.40000	-2.83752e-19	7.14901e-19
14860.00000	-2.74578e-19	9.76771e-19
14861.60000	-5.60138e-19	1.67442e-18
14863.30000	1.24592e-18	3.00780e-18
14864.90000	2.71645e-18	3.29357e-18
14866.50000	1.11740e-18	2.19629e-18
14868.10000	-5.84225e-20	1.10046e-18
14869.80000	5.80250e-20	6.18443e-19
14871.40000	-7.74693e-19	5.14075e-19
14873.00000	-4.30377e-19	4.94365e-19
14874.70000	-6.45568e-19	5.36059e-19
14876.30000	2.10599e-19	5.69763e-19
14877.90000	1.38145e-19	5.56535e-19
14879.50000	9.67614e-20	5.60759e-19
14881.20000	3.00862e-19	6.59689e-19
14882.80000	-6.62515e-19	1.04674e-18
14884.40000	1.95400e-17	2.44561e-18
14886.10000	2.54610e-17	4.98461e-18
14887.70000	1.07938e-17	5.58812e-18
14889.30000	6.52027e-18	1.76561e-17
14891.00000	-8.87006e-19	2.17020e-18
14892.60000	-2.68497e-19	8.78902e-19
14894.20000	-4.56873e-19	5.49536e-19
14895.80000	-1.80571e-19	4.96244e-19
14897.50000	-3.47005e-19	4.83943e-19
14899.10000	-2.01992e-19	4.72899e-19
14900.70000	3.25405e-19	4.52544e-19
14902.40000	3.80065e-21	4.52241e-19
14904.00000	-1.70320e-20	5.37074e-19
14905.60000	1.30922e-18	9.46386e-19
14907.20000	6.18451e-19	1.63715e-18
14908.90000	-5.62280e-21	1.86043e-18
14910.50000	-2.58653e-18	1.60200e-18
14912.10000	6.27397e-19	1.05413e-18
14913.80000	-4.87884e-19	6.56790e-19
14915.40000	2.14824e-19	5.17285e-19
14917.00000	-7.45021e-19	5.08826e-19
14918.60000	-1.15351e-19	5.10153e-19
14920.30000	-2.67778e-20	5.01461e-19
14921.90000	-2.04943e-19	4.94675e-19
14923.50000	-2.21789e-19	4.88009e-19
14925.20000	-3.23181e-19	5.02007e-19
14926.80000	-4.91969e-19	6.04982e-19
14928.40000	2.35125e-18	1.17188e-18
14930.00000	3.26501e-18	2.67261e-18
14931.70000	2.06994e-19	3.19215e-18
14933.30000	6.97350e-19	2.70371e-18
14934.90000	-3.56014e-19	1.64728e-18
14936.60000	4.87378e-19	8.76408e-19
14938.20000	4.91973e-19	6.47966e-19
14939.80000	-3.46976e-19	6.41611e-19
14941.40000	3.00037e-19	6.28620e-19
14943.10000	1.06125e-18	5.84413e-19
14944.70000	6.29399e-20	5.41528e-19
14946.30000	-1.59821e-21	4.91953e-19
14948.00000	3.46581e-19	4.78789e-19
14949.60000	1.51099e-19	4.73720e-19
14951.20000	6.92817e-19	4.90576e-19
14952.90000	-5.24370e-19	5.21563e-19
14954.50000	-3.15625e-19	5.37187e-19
14956.10000	6.45178e-19	5.46573e-19
14957.70000	-9.95603e-19	5.43761e-19
14959.40000	-3.67254e-19	5.48519e-19
14961.00000	1.97662e-19	5.74988e-19
14962.60000	1.62308e-19	6.52614e-19
14964.30000	-3.20256e-19	6.57594e-19
14965.90000	-1.82163e-19	6.07684e-19
14967.50000	3.92161e-19	5.44258e-19
14969.10000	3.24897e-19	5.15137e-19
14970.80000	-1.02331e-19	5.15975e-19
14972.40000	-1.54478e-19	5.38898e-19
14974.00000	-1.02001e-19	5.66979e-19
14975.70000	-3.23631e-19	5.83017e-19
14977.30000	2.63360e-19	5.26918e-19
14978.90000	1.33555e-19	5.04547e-19
14980.50000	5.64565e-20	5.03760e-19
14982.20000	-1.02797e-19	5.06889e-19
14983.80000	-1.98292e-19	5.21108e-19
14985.40000	1.68886e-19	5.38860e-19
14987.10000	-3.90164e-19	5.55183e-19
14988.70000	2.83628e-19	5.84337e-19
14990.30000	-4.14325e-19	6.22134e-19
14991.90000	3.79402e-19	6.61087e-19
14993.60000	-4.64103e-19	6.71864e-19
14995.20000	1.70253e-20	6.28001e-19
14996.80000	-1.70566e-20	6.01568e-19
14998.50000	-3.05407e-19	5.53070e-19
15000.10000	1.33989e-20	5.61265e-19
15001.70000	-9.17899e-19	5.64316e-19
15003.30000	-2.58292e-19	6.71505e-19
15005.00000	-1.22431e-19	8.46969e-19
15006.60000	5.67700e-19	9.00432e-19
15008.20000	5.09249e-20	8.15607e-19
15009.90000	-4.32460e-19	6.66989e-19
15011.50000	1.98863e-19	5.67150e-19
15013.10000	8.54288e-19	5.40923e-19
15014.80000	1.15658e-19	5.25633e-19
15016.40000	1.12849e-19	5.21170e-19
15018.00000	-4.37802e-19	5.24516e-19
15019.60000	-5.03980e-19	5.29682e-19
15021.30000	3.99085e-23	5.71415e-19
15022.90000	5.05697e-19	7.31684e-19
15024.50000	-2.28278e-18	9.36099e-19
15026.20000	-8.68979e-20	9.90000e-19
15027.80000	3.61648e-20	8.55656e-19
15029.40000	-5.12742e-19	6.49137e-19
15031.00000	9.41594e-20	5.25632e-19
15032.70000	9.86222e-20	4.95441e-19
15034.30000	-4.62404e-19	5.01934e-19
15035.90000	-6.28482e-19	5.12096e-19
15037.60000	-6.76394e-19	5.17055e-19
15039.20000	-2.58619e-19	5.18131e-19
15040.80000	-8.02751e-20	5.17137e-19
15042.40000	5.28203e-19	5.30568e-19
15044.10000	3.69650e-19	5.44342e-19
15045.70000	7.27498e-19	5.73010e-19
15047.30000	8.39686e-19	6.96017e-19
15049.00000	-5.49645e-19	1.04440e-18
15050.60000	1.43201e-18	2.07456e-18
15052.20000	-1.21155e-17	4.31285e-18
15053.80000	-8.03462e-18	7.54391e-18
15055.50000	9.37867e-19	7.77618e-18
15057.10000	-4.97363e-18	5.84869e-18
15058.70000	-1.00766e-18	3.13293e-18
15060.40000	-8.58556e-21	1.42370e-18
15062.00000	-9.56961e-19	1.27626e-18
15063.60000	-3.02037e-19	1.51017e-18
15065.20000	-2.01969e-18	2.07191e-18
15066.90000	-3.37750e-18	3.31765e-18
15068.50000	-1.69683e-18	4.22858e-18
15070.10000	-1.98410e-18	3.72584e-18
15071.80000	-7.78473e-19	2.25663e-18
15073.40000	-6.75164e-19	1.00477e-18
15075.00000	-4.69251e-19	6.31811e-19
15076.70000	-4.10290e-19	6.02492e-19
15078.30000	-1.05601e-18	6.89548e-19
15079.90000	-4.84146e-19	8.35540e-19
15081.50000	-9.30227e-19	9.57838e-19
15083.20000	1.92247e-18	1.05281e-18
15084.80000	3.67667e-18	1.35866e-18
15086.40000	1.54526e-18	1.98477e-18
15088.10000	4.31723e-19	2.31622e-18
15089.70000	1.19837e-18	2.00181e-18
15091.30000	-5.24849e-19	1.30616e-18
15092.90000	-4.34010e-19	7.98874e-19
15094.60000	5.97717e-19	6.32057e-19
15096.20000	1.41560e-19	6.21404e-19
15097.80000	-3.81207e-21	6.46390e-19
15099.50000	-4.02899e-19	6.45991e-19
15101.10000	-1.95195e-19	6.07594e-19
15102.70000	7.12030e-19	6.04926e-19
15104.30000	6.64736e-19	7.10497e-19
15106.00000	-8.63964e-19	7.93141e-19
15107.60000	-2.98897e-19	7.87901e-19
15109.20000	-1.08036e-19	9.08041e-19
15110.90000	-2.44506e-19	1.05776e-18
15112.50000	-5.93571e-19	1.13806e-18
15114.10000	-9.43115e-19	1.15442e-18
15115.70000	-7.66670e-19	1.01684e-18
15117.40000	-2.93525e-19	7.75374e-19
15119.00000	-6.07936e-20	5.88965e-19
15120.60000	-3.25333e-19	5.21411e-19
15122.30000	-3.68913e-19	4.91538e-19
15123.90000	-3.33835e-19	5.03635e-19
15125.50000	-6.24918e-19	5.17370e-19
15127.10000	-3.25193e-19	5.34033e-19
15128.80000	-1.95742e-19	5.48747e-19
15130.40000	-2.48579e-19	5.88930e-19
15132.00000	-7.14933e-19	6.51665e-19
15133.70000	-3.47273e-19	6.77774e-19
15135.30000	2.65246e-20	6.88472e-19
15136.90000	-5.11392e-19	6.57872e-19
15138.60000	-1.00612e-18	5.94015e-19
15140.20000	-3.38061e-19	6.11949e-19
15141.80000	8.83567e-20	6.57042e-19
15143.40000	2.29275e-20	6.68399e-19
15145.10000	-1.55273e-19	6.53850e-19
15146.70000	7.15860e-20	6.90019e-19
15148.30000	-3.08933e-20	7.49940e-19
15150.00000	-7.49158e-19	7.72464e-19
15151.60000	-2.75800e-19	7.30794e-19
15153.20000	-5.28506e-19	6.36820e-19
15154.80000	3.29252e-19	5.53651e-19
15156.50000	-1.13868e-19	4.93778e-19
15158.10000	-3.48539e-19	4.82917e-19
15159.70000	-5.94904e-19	4.88540e-19
15161.40000	-3.80855e-19	4.95695e-19
15163.00000	-6.23109e-19	5.57817e-19
15164.60000	-3.55258e-19	5.38083e-19
15166.20000	2.47980e-19	5.40323e-19
15167.90000	-5.43750e-19	5.41509e-19
15169.50000	-3.24543e-19	5.54857e-19
15171.10000	-1.23859e-19	5.35094e-19
15172.80000	2.52264e-19	5.02930e-19
15174.40000	1.84176e-20	5.00506e-19
15176.00000	2.35034e-19	5.04217e-19
15177.60000	4.85502e-19	5.17843e-19
15179.30000	3.19170e-19	5.47175e-19
15180.90000	2.67804e-20	6.30517e-19
15182.50000	-5.87667e-19	8.00317e-19
15184.20000	5.66312e-19	1.83566e-18
15185.80000	-2.87557e-18	3.30313e-18
15187.40000	6.98583e-19	3.57034e-18
15189.00000	-7.12183e-19	2.61805e-18
15190.70000	-1.36645e-18	1.28757e-18
15192.30000	-5.57722e-19	6.11370e-19
15193.90000	-3.72844e-19	4.85440e-19
15195.60000	1.28670e-19	4.59808e-19
15197.20000	1.78356e-19	4.43784e-19
15198.80000	6.41625e-20	4.38574e-19
15200.50000	4.18400e-19	4.49688e-19
15202.10000	2.49652e-19	4.56714e-19
15203.70000	4.61433e-19	4.69392e-19
15205.30000	1.36840e-19	4.88336e-19
15207.00000	1.19805e-20	4.95732e-19
15208.60000	3.00660e-19	4.78801e-19
15210.20000	4.40358e-19	4.59503e-19
15211.90000	9.81962e-21	4.55259e-19
15213.50000	3.99696e-19	4.63308e-19
15215.10000	2.40477e-19	4.49891e-19
15216.70000	4.16851e-19	4.94742e-19
15218.40000	1.26286e-19	4.59798e-19
15220.00000	-1.31158e-19	4.44911e-19
15221.60000	4.57932e-19	4.64716e-19
15223.30000	6.03267e-19	4.54140e-19
15224.90000	3.62287e-19	4.55944e-19
15226.50000	-2.33598e-19	4.61640e-19
15228.10000	-1.95063e-19	4.73581e-19
15229.80000	3.78577e-19	4.91277e-19
15231.40000	-3.52228e-19	5.11949e-19
15233.00000	-4.20481e-19	5.59250e-19
15234.70000	4.18357e-19	6.36347e-19
15236.30000	-2.96483e-19	1.03610e-18
15237.90000	-1.17176e-18	3.08984e-18
15239.50000	-8.65346e-18	6.33341e-18
15241.20000	1.01472e-18	6.35623e-18
15242.80000	2.70952e-18	4.73582e-18
15244.40000	4.22585e-18	2.25960e-18
15246.10000	-1.61668e-20	8.29463e-19
15247.70000	-8.79933e-20	5.55693e-19
15249.30000	-7.13550e-19	4.91358e-19
15251.00000	4.04228e-19	4.61967e-19
15252.60000	8.21450e-19	4.75961e-19
15254.20000	-3.94715e-19	4.51214e-19
15255.80000	1.18035e-19	4.35593e-19
15257.50000	8.28208e-20	4.20205e-19
15259.10000	-2.99421e-19	4.10076e-19
15260.70000	-7.29754e-19	4.12994e-19
15262.40000	-1.04402e-19	4.41455e-19
15264.00000	3.86862e-20	4.91700e-19
15265.60000	-8.40045e-20	6.11112e-19
15267.20000	-1.10480e-19	5.76141e-19
15268.90000	-3.01395e-20	5.88245e-19
15270.50000	-7.76994e-20	5.59559e-19
15272.10000	-2.45791e-19	4.93227e-19
15273.80000	-2.54096e-19	4.37173e-19
15275.40000	-1.92779e-19	4.36431e-19
15277.00000	1.57572e-19	4.52204e-19
15278.60000	-3.48398e-19	4.37119e-19
15280.30000	-1.93293e-20	5.14991e-19
15281.90000	-2.41066e-19	7.15665e-19
15283.50000	-5.75416e-20	1.12589e-18
15285.20000	-2.06828e-18	2.71077e-18
15286.80000	2.34497e-18	3.81794e-18
15288.40000	2.66359e-18	3.97969e-18
15290.00000	-1.30897e-19	2.57953e-18
15291.70000	6.81147e-19	1.22577e-18
15293.30000	1.95401e-19	6.08934e-19
15294.90000	5.01677e-19	4.83240e-19
15296.60000	7.24126e-20	4.42978e-19
15298.20000	2.93979e-19	4.44398e-19
15299.80000	4.91775e-19	4.75867e-19
15301.40000	-4.51528e-20	4.79025e-19
15303.10000	-4.99194e-19	4.78547e-19
15304.70000	7.60181e-21	4.33379e-19
15306.30000	-5.03289e-19	4.69583e-19
15308.00000	-5.70888e-19	6.07768e-19
15309.60000	2.91348e-19	8.62128e-19
15311.20000	1.59513e-18	9.29240e-19
15312.90000	-1.21596e-19	7.09025e-19
15314.50000	7.69635e-19	5.30338e-19
15316.10000	3.58059e-19	4.91387e-19
15317.70000	6.26250e-20	4.93442e-19
15319.40000	3.83741e-19	4.76244e-19
15321.00000	-1.48982e-19	4.71666e-19
15322.60000	-1.77836e-19	5.30965e-19
15324.30000	-1.77228e-19	5.72264e-19
15325.90000	2.41765e-19	6.85042e-19
15327.50000	-1.04503e-18	1.16073e-18
15329.10000	-5.13286e-18	2.93775e-18
15330.80000	-3.27266e-18	6.38160e-18
15332.40000	8.99638e-18	8.29638e-18
15334.00000	2.32448e-18	6.46668e-18
15335.70000	6.14138e-19	3.13733e-18
15337.30000	1.62181e-20	1.02074e-18
15338.90000	1.49748e-19	5.89502e-19
15340.50000	5.69751e-19	4.88175e-19
15342.20000	5.60357e-20	4.53751e-19
15343.80000	7.59690e-20	4.57177e-19
15345.40000	-3.93608e-19	6.13853e-19
15347.10000	3.37990e-20	9.25145e-19
15348.70000	1.02655e-18	1.08275e-18
15350.30000	3.72627e-19	9.90990e-19
15351.90000	-6.92565e-19	6.35775e-19
15353.60000	-1.93574e-19	4.71388e-19
15355.20000	-3.64847e-20	5.04271e-19
15356.80000	-2.43301e-19	5.18065e-19
15358.50000	5.31911e-19	4.42745e-19
15360.10000	8.42259e-20	3.96904e-19
15361.70000	-2.58788e-20	3.84548e-19
15363.30000	1.08770e-19	3.74008e-19
15365.00000	-4.41426e-19	4.24161e-19
15366.60000	-4.90750e-21	3.67486e-19
15368.20000	4.84482e-19	3.87894e-19
15369.90000	-1.11376e-20	4.76687e-19
15371.50000	-9.94098e-20	6.22722e-19
15373.10000	-7.93324e-19	7.45294e-19
15374.80000	3.31969e-20	8.91900e-19
15376.40000	6.30073e-19	9.69813e-19
15378.00000	4.19164e-19	8.99923e-19
15379.60000	1.08004e-19	7.03234e-19
15381.30000	2.44955e-19	5.63102e-19
15382.90000	3.11578e-19	4.42774e-19
15384.50000	2.28344e-19	4.97297e-19
15386.20000	2.70413e-20	6.58961e-19
15387.80000	9.03554e-21	7.72804e-19
15389.40000	-5.53801e-19	8.03280e-19
15391.00000	2.21180e-18	1.27237e-18
15392.70000	1.50127e-17	2.11983e-18
15394.30000	4.43115e-18	3.21722e-18
15395.90000	-1.91729e-18	3.30197e-18
15397.60000	6.80461e-19	2.20839e-18
15399.20000	4.37526e-19	9.70939e-19
15400.80000	5.60303e-19	5.03215e-19
15402.40000	-9.45573e-21	5.13675e-19
15404.10000	2.05628e-19	6.41578e-19
15405.70000	-1.39689e-19	7.32067e-19
15407.30000	-8.74973e-19	7.07374e-19
15409.00000	6.55423e-21	6.68010e-19
15410.60000	-6.30174e-19	6.84157e-19
15412.20000	-5.57467e-19	6.78282e-19
15413.80000	-7.72476e-20	5.29397e-19
15415.50000	1.20243e-19	4.35580e-19
15417.10000	-3.46938e-20	4.22884e-19
15418.70000	-1.97658e-19	4.35381e-19
15420.40000	-5.02767e-19	4.65286e-19
15422.00000	3.41896e-19	5.30232e-19
15423.60000	-2.17930e-19	6.10367e-19
15425.20000	-5.04706e-20	6.78040e-19
15426.90000	3.74083e-19	9.18341e-19
15428.50000	-7.05282e-20	1.87017e-18
15430.10000	-1.83294e-18	4.24056e-18
15431.80000	2.10962e-18	5.51691e-18
15433.40000	1.22268e-18	4.80978e-18
15435.00000	-3.23917e-18	2.59545e-18
15436.70000	-3.25689e-19	1.13895e-18
15438.30000	-4.23468e-19	7.86930e-19
15439.90000	6.91822e-19	6.70242e-19
15441.50000	-1.58836e-19	5.24585e-19
15443.20000	2.48074e-19	4.82153e-19
15444.80000	1.54165e-19	4.39784e-19
15446.40000	3.31599e-20	4.08211e-19
15448.10000	-1.56152e-19	3.91788e-19
15449.70000	-3.24247e-19	3.71593e-19
15451.30000	-6.36978e-19	3.68598e-19
15452.90000	-1.49337e-19	3.86547e-19
15454.60000	-1.89694e-19	3.86189e-19
15456.20000	-1.80570e-19	3.75663e-19
15457.80000	-2.16455e-19	4.43725e-19
15459.50000	-4.36698e-19	6.95409e-19
15461.10000	1.43501e-20	1.07160e-18
15462.70000	-1.03027e-19	1.06980e-18
15464.30000	-8.40124e-19	7.80366e-19
15466.00000	1.90708e-19	6.75820e-19
15467.60000	7.23262e-20	5.88661e-19
15469.20000	9.03138e-20	5.17519e-19
15470.90000	-5.06903e-20	5.56160e-19
15472.50000	-1.19193e-19	7.38972e-19
15474.10000	4.24284e-19	8.59380e-19
15475.70000	1.48309e-19	7.44819e-19
15477.40000	4.57262e-20	5.38072e-19
15479.00000	5.57835e-19	4.12940e-19
15480.60000	3.35696e-19	3.60775e-19
15482.30000	9.26448e-20	3.55655e-19
15483.90000	-4.11691e-19	4.12014e-19
15485.50000	1.31513e-18	6.05837e-19
15487.10000	7.90268e-19	9.06446e-19
15488.80000	4.71562e-19	9.97634e-19
15490.40000	-3.86897e-20	7.74373e-19
15492.00000	-3.27520e-19	5.28818e-19
15493.70000	7.56688e-21	4.16314e-19
15495.30000	-5.29743e-20	4.27161e-19
15496.90000	1.90515e-19	6.13958e-19
15498.60000	3.33663e-19	1.24568e-18
15500.20000	1.34132e-18	1.85833e-18
15501.80000	9.03787e-19	1.67239e-18
15503.40000	-7.10429e-19	1.03383e-18
15505.10000	-3.81876e-19	7.46407e-19
15506.70000	-2.16044e-20	1.08059e-18
15508.30000	1.30276e-18	2.24105e-18
15510.00000	1.14222e-18	2.55199e-18
15511.60000	1.87340e-18	1.88441e-18
15513.20000	1.13406e-18	1.04363e-18
15514.80000	2.53728e-19	1.00248e-18
15516.50000	1.34157e-18	1.38729e-18
15518.10000	1.50620e-18	1.44887e-18
15519.70000	-1.51769e-20	1.09810e-18
15521.40000	2.23737e-19	6.48073e-19
15523.00000	-5.07707e-19	4.23205e-19
15524.60000	2.64677e-19	3.74428e-19
15526.20000	-8.29348e-20	3.79098e-19
15527.90000	-1.77891e-19	3.70719e-19
15529.50000	-2.19753e-20	3.72079e-19
15531.10000	2.57969e-19	3.87253e-19
15532.80000	2.36967e-19	4.29290e-19
15534.40000	6.53024e-20	5.44084e-19
15536.00000	-6.60659e-20	8.49393e-19
15537.60000	1.14285e-18	2.05223e-18
15539.30000	-4.37050e-19	3.37221e-18
15540.90000	2.08797e-18	3.55217e-18
15542.50000	2.38865e-18	2.96313e-18
15544.20000	2.37705e-18	2.82731e-18
15545.80000	-3.57117e-19	2.98546e-18
15547.40000	-1.70800e-18	2.50303e-18
15549.10000	-3.85341e-19	1.35003e-18
15550.70000	-2.50379e-19	5.94278e-19
15552.30000	1.23071e-19	4.60579e-19
15553.90000	8.38566e-19	4.11912e-19
15555.60000	1.73552e-19	3.77031e-19
15557.20000	-4.12364e-19	3.82249e-19
15558.80000	-1.33365e-21	4.37337e-19
15560.50000	3.01715e-19	5.24447e-19
15562.10000	-4.30497e-19	5.60812e-19
15563.70000	-2.84376e-19	5.24587e-19
15565.30000	-4.67060e-19	5.43878e-19
15567.00000	-2.67738e-19	8.45101e-19
15568.60000	6.78478e-21	1.73566e-18
15570.20000	-2.38292e-18	2.02916e-18
15571.90000	-6.74048e-20	1.56087e-18
15573.50000	6.79630e-19	8.44627e-19
15575.10000	-4.18641e-19	5.43428e-19
15576.70000	-4.38877e-19	4.77517e-19
15578.40000	-4.36709e-19	5.10916e-19
15580.00000	4.38939e-20	5.78090e-19
15581.60000	3.38949e-19	5.85751e-19
15583.30000	4.35221e-19	4.93163e-19
15584.90000	3.07495e-19	4.08693e-19
15586.50000	2.40568e-19	3.85682e-19
15588.10000	-2.64666e-19	3.94342e-19
15589.80000	6.62033e-20	4.10135e-19
15591.40000	-8.55758e-20	4.60072e-19
15593.00000	6.40919e-19	6.95292e-19
15594.70000	4.39398e-18	1.70532e-18
15596.30000	6.78832e-18	3.65932e-18
15597.90000	-1.16634e-17	4.03386e-18
15599.50000	-1.63276e-17	2.79835e-18
15601.20000	-8.73146e-19	1.18752e-18
15602.80000	7.00363e-19	5.56157e-19
15604.40000	-6.94755e-19	4.16811e-19
15606.10000	8.71405e-19	3.82904e-19
15607.70000	-2.26756e-20	3.77512e-19
15609.30000	6.21009e-19	4.21785e-19
15611.00000	-4.21757e-19	5.52548e-19
15612.60000	-1.87640e-19	6.78661e-19
15614.20000	-2.66894e-19	6.94041e-19
15615.80000	1.17633e-19	5.34228e-19
15617.50000	6.87937e-19	4.21091e-19
15619.10000	3.57482e-19	4.34601e-19
15620.70000	-7.22650e-19	4.43176e-19
15622.40000	-1.45858e-19	4.06089e-19
15624.00000	2.78984e-19	3.86664e-19
15625.60000	3.56221e-20	4.33773e-19
15627.20000	4.12649e-19	6.67335e-19
15628.90000	-9.24938e-19	1.59876e-18
15630.50000	-2.08661e-18	2.94898e-18
15632.10000	-6.30529e-19	3.08625e-18
15633.80000	-2.79878e-19	1.83482e-18
15635.40000	-1.22618e-18	7.31828e-19
15637.00000	4.34857e-19	4.59119e-19
15638.60000	-3.90427e-20	4.66589e-19
15640.30000	-8.75129e-20	5.28384e-19
15641.90000	3.10452e-19	5.24598e-19
15643.50000	6.22401e-19	4.24202e-19
15645.20000	-5.14482e-19	3.92026e-19
15646.80000	-8.93368e-20	4.01413e-19
15648.40000	-7.20026e-19	4.46593e-19
15650.00000	7.72901e-19	6.32755e-19
15651.70000	-2.37142e-18	1.45000e-18
15653.30000	-7.91122e-18	4.00175e-18
15654.90000	-1.99378e-19	4.93744e-18
15656.60000	9.68214e-19	4.04655e-18
15658.20000	4.72117e-19	2.36431e-18
15659.80000	-8.96038e-19	1.13849e-18
15661.40000	-3.66767e-19	5.68880e-19
15663.10000	-1.23366e-19	4.05780e-19
15664.70000	-9.41451e-20	3.85686e-19
15666.30000	6.24984e-20	3.80592e-19
15668.00000	-2.66735e-19	3.79256e-19
15669.60000	-1.87655e-19	3.70079e-19
15671.20000	-9.98944e-20	3.53966e-19
15672.90000	1.26086e-19	3.60199e-19
15674.50000	-1.14113e-19	3.62446e-19
15676.10000	-4.11903e-19	3.61717e-19
15677.70000	-5.38766e-19	3.66059e-19
15679.40000	-5.63118e-20	3.82149e-19
15681.00000	-1.50638e-20	4.58211e-19
15682.60000	-3.43029e-19	4.92140e-19
15684.30000	3.74561e-20	5.39287e-19
15685.90000	-2.43376e-19	4.55424e-19
15687.50000	-2.29293e-19	4.12429e-19
15689.10000	-1.92565e-19	3.99578e-19
15690.80000	1.84947e-19	4.03610e-19
15692.40000	1.68205e-19	4.05282e-19
15694.00000	1.34580e-19	3.99297e-19
15695.70000	4.19968e-19	4.49205e-19
15697.30000	4.39503e-20	6.17805e-19
15698.90000	9.55974e-20	1.01796e-18
15700.50000	1.09171e-18	2.20335e-18
15702.20000	6.16175e-19	2.60419e-18
15703.80000	3.04395e-18	2.20779e-18
15705.40000	4.71777e-19	1.08533e-18
15707.10000	-5.39744e-19	5.28089e-19
15708.70000	1.44784e-19	4.39714e-19
15710.30000	-3.46163e-19	4.77699e-19
15711.90000	9.28883e-20	4.79110e-19
15713.60000	2.58854e-19	4.05840e-19
15715.20000	-1.70439e-19	3.49731e-19
15716.80000	-1.76781e-19	3.73566e-19
15718.50000	-1.68622e-19	4.44834e-19
15720.10000	-1.36630e-19	4.99447e-19
15721.70000	-2.38102e-19	5.62165e-19
15723.30000	5.24621e-19	6.38395e-19
15725.00000	2.28178e-19	6.62947e-19
15726.60000	2.88949e-19	5.47592e-19
15728.20000	5.79566e-19	4.39042e-19
15729.90000	5.46252e-19	4.52232e-19
15731.50000	7.24727e-19	5.22168e-19
15733.10000	5.10553e-19	5.41107e-19
15734.80000	6.89768e-20	5.22849e-19
15736.40000	-3.35061e-19	5.69127e-19
15738.00000	-2.02142e-19	6.59318e-19
15739.60000	-1.98735e-19	6.35582e-19
15741.30000	-3.17326e-19	4.80576e-19
15742.90000	3.33760e-19	4.01865e-19
15744.50000	1.55381e-19	4.50089e-19
15746.20000	-2.72898e-19	5.22697e-19
15747.80000	-3.68678e-19	5.15439e-19
15749.40000	7.01017e-20	5.20801e-19
15751.00000	-1.85833e-19	5.88671e-19
15752.70000	1.67399e-21	5.90795e-19
15754.30000	4.96102e-19	4.65605e-19
15755.90000	-5.40970e-19	4.49232e-19
15757.60000	-4.33335e-19	6.75746e-19
15759.20000	3.64758e-20	1.05833e-18
15760.80000	3.70997e-19	1.04942e-18
15762.40000	4.84713e-19	8.35813e-19
15764.10000	-4.87667e-19	6.86127e-19
15765.70000	-2.08625e-19	6.85153e-19
15767.30000	3.59928e-19	6.39598e-19
15769.00000	-3.85800e-19	5.28013e-19
15770.60000	-6.87877e-19	4.27239e-19
15772.20000	-3.58605e-19	4.53626e-19
15773.80000	-1.08338e-19	5.41840e-19
15775.50000	-1.46200e-19	4.94557e-19
15777.10000	-2.06814e-19	5.63560e-19
15778.70000	4.29097e-19	8.00382e-19
15780.40000	3.50175e-19	1.12492e-18
15782.00000	-2.51674e-19	1.23405e-18
15783.60000	-6.11902e-19	1.09699e-18
15785.20000	-2.94453e-19	6.79148e-19
15786.90000	-4.97334e-19	4.68701e-19
15788.50000	-4.56410e-19	4.61047e-19
15790.10000	4.73179e-20	4.47270e-19
15791.80000	3.39449e-19	5.30981e-19
15793.40000	1.42974e-19	5.85526e-19
15795.00000	1.75186e-19	5.09802e-19
15796.70000	-2.85765e-19	4.10588e-19
15798.30000	2.83750e-19	4.00678e-19
15799.90000	7.99344e-20	5.20708e-19
15801.50000	6.92965e-19	8.68612e-19
15803.20000	1.83647e-19	1.05955e-18
15804.80000	-2.21780e-19	9.98738e-19
15806.40000	5.47326e-19	1.12173e-18
15808.10000	2.41471e-19	1.28473e-18
15809.70000	4.16595e-20	1.10795e-18
15811.30000	-2.52199e-19	7.28958e-19
15812.90000	3.89249e-20	4.80283e-19
15814.60000	1.05949e-19	4.06319e-19
15816.20000	-5.94522e-19	3.64651e-19
15817.80000	-4.89198e-19	3.85900e-19
15819.50000	-3.07090e-19	3.79484e-19
15821.10000	-7.01961e-20	4.18172e-19
15822.70000	7.89164e-19	5.13582e-19
15824.30000	-7.38657e-19	5.25497e-19
15826.00000	1.43586e-19	6.99805e-19
15827.60000	-1.43966e-18	1.36002e-18
15829.20000	-7.06808e-19	2.85268e-18
15830.90000	-1.47537e-18	5.12993e-18
15832.50000	9.85617e-18	7.52441e-18
15834.10000	1.81321e-17	7.02449e-18
15835.70000	-3.87848e-17	3.69402e-18
15837.40000	-3.00621e-18	1.24648e-18
15839.00000	2.08052e-18	9.53689e-19
15840.60000	-7.94893e-19	1.24374e-18
15842.30000	4.12760e-19	1.43752e-18
15843.90000	-1.51115e-18	1.68899e-18
15845.50000	7.02073e-18	2.85143e-18
15847.20000	6.47085e-18	4.73714e-18
15848.80000	-2.95795e-18	4.54103e-18
15850.40000	-1.63581e-17	2.48473e-18
15852.00000	-1.79665e-18	9.75709e-19
15853.70000	2.63805e-18	6.16353e-19
15855.30000	-1.74065e-18	5.30699e-19
15856.90000	1.07370e-18	5.06612e-19
15858.60000	-3.33963e-19	5.75242e-19
15860.20000	7.89887e-19	7.34613e-19
15861.80000	4.49912e-19	8.48563e-19
15863.40000	6.13310e-19	8.48486e-19
15865.10000	-1.84774e-18	9.99006e-19
15866.70000	-3.81141e-18	1.60148e-18
15868.30000	2.85403e-20	2.27958e-18
15870.00000	1.82901e-18	2.29047e-18
15871.60000	1.07045e-18	1.64599e-18
15873.20000	5.66727e-19	9.69286e-19
15874.80000	2.28548e-20	7.11399e-19
15876.50000	3.75469e-20	5.94354e-19
15878.10000	-1.64256e-19	4.69440e-19
15879.70000	3.17352e-19	4.47873e-19
15881.40000	-1.57265e-20	4.75404e-19
15883.00000	2.50707e-19	4.71552e-19
15884.60000	3.15881e-19	4.54430e-19
15886.20000	4.92576e-19	4.89283e-19
15887.90000	6.99920e-19	6.22098e-19
15889.50000	2.34868e-19	7.32403e-19
15891.10000	3.86184e-19	6.65599e-19
15892.80000	4.98679e-19	7.23253e-19
15894.40000	-2.55239e-19	1.00115e-18
15896.00000	8.23275e-19	1.27874e-18
15897.60000	7.60409e-19	1.34468e-18
15899.30000	4.24506e-19	1.22886e-18
15900.90000	-3.37504e-19	8.64688e-19
15902.50000	4.34865e-19	5.36103e-19
15904.20000	-2.77013e-19	3.95037e-19
15905.80000	-3.60902e-19	3.29108e-19
15907.40000	1.59261e-19	3.15507e-19
15909.10000	-1.27536e-19	3.40334e-19
15910.70000	-8.01465e-19	4.04895e-19
15912.30000	-4.06689e-19	5.27784e-19
15913.90000	-6.92693e-20	6.77758e-19
15915.60000	-3.86005e-19	7.67531e-19
15917.20000	2.16095e-19	7.04612e-19
15918.80000	1.05182e-19	5.76035e-19
15920.50000	-5.49373e-19	4.10553e-19
15922.10000	-5.17969e-19	3.79859e-19
15923.70000	1.11308e-19	4.34222e-19
15925.30000	5.70174e-20	4.93662e-19
15927.00000	-3.82502e-19	5.05798e-19
15928.60000	-4.14062e-20	5.40748e-19
15930.20000	2.53473e-19	5.41818e-19
15931.90000	2.99724e-19	5.15452e-19
15933.50000	-1.14248e-18	5.34318e-19
15935.10000	-7.55934e-20	5.70705e-19
15936.70000	-1.21741e-19	4.73510e-19
15938.40000	1.63319e-19	3.52043e-19
15940.00000	-4.63145e-19	3.27735e-19
15941.60000	9.57882e-20	3.27372e-19
15943.30000	1.73293e-19	3.32756e-19
15944.90000	4.33336e-21	3.41267e-19
15946.50000	-8.57253e-20	3.48058e-19
15948.10000	8.60467e-20	3.41205e-19
15949.80000	1.97501e-19	3.18313e-19
15951.40000	6.05172e-19	3.25093e-19
15953.00000	-6.08168e-19	3.57157e-19
15954.70000	-7.57323e-19	3.69840e-19
15956.30000	-7.19387e-20	3.48947e-19
15957.90000	6.87427e-20	3.25128e-19
15959.50000	3.26069e-19	3.18880e-19
15961.20000	2.01039e-20	3.21220e-19
15962.80000	-3.33429e-19	3.33440e-19
15964.40000	-1.33823e-20	3.51024e-19
15966.10000	-3.95752e-20	3.84143e-19
15967.70000	3.12432e-19	5.13919e-19
15969.30000	-4.49360e-18	1.08292e-18
15971.00000	-3.50948e-18	2.83607e-18
15972.60000	-4.54212e-18	3.49616e-18
15974.20000	4.21892e-18	2.69331e-18
15975.80000	6.05679e-18	1.04368e-18
15977.50000	-1.77505e-18	5.09998e-19
15979.10000	2.95286e-19	4.87013e-19
15980.70000	-1.02479e-19	4.22030e-19
15982.40000	-1.81472e-19	3.89742e-19
15984.00000	9.84739e-20	3.77322e-19
15985.60000	-4.30820e-19	3.55193e-19
15987.20000	1.62492e-19	3.29864e-19
15988.90000	-5.03203e-19	3.26270e-19
15990.50000	8.95993e-20	3.22941e-19
15992.10000	3.72903e-19	3.27074e-19
15993.80000	8.29360e-20	3.37344e-19
15995.40000	-4.19971e-19	3.37971e-19
15997.00000	-2.29209e-19	3.29244e-19
15998.60000	-9.47457e-20	3.34385e-19
16000.30000	-5.17072e-20	3.32468e-19
16001.90000	-1.87190e-19	3.25930e-19
16003.50000	2.61800e-19	3.26196e-19
16005.20000	-3.53401e-19	3.38957e-19
16006.80000	7.71105e-20	3.29634e-19
16008.40000	2.25513e-19	3.30380e-19
16010.00000	-1.22819e-19	3.41132e-19
16011.70000	-2.62446e-19	3.82684e-19
16013.30000	1.41029e-19	4.16836e-19
16014.90000	3.04176e-20	4.12019e-19
16016.60000	2.95167e-19	3.95090e-19
16018.20000	-2.87096e-19	3.85594e-19
16019.80000	-4.93923e-19	3.83356e-19
16021.40000	-4.21370e-19	4.00521e-19
16023.10000	-1.82095e-19	4.54134e-19
16024.70000	-3.45588e-19	6.06340e-19
16026.30000	1.12676e-18	9.12691e-19
16028.00000	-4.49628e-18	2.55911e-18
16029.60000	-6.24821e-18	5.85121e-18
16031.20000	-2.09778e-17	6.34398e-18
16032.90000	2.13610e-17	4.14271e-18
16034.50000	-4.27337e-18	1.28827e-18
16036.10000	4.13875e-18	5.79231e-19
16037.70000	-2.34993e-18	5.11312e-19
16039.40000	1.59344e-18	5.44103e-19
16041.00000	-3.90129e-19	6.61937e-19
16042.60000	3.02183e-19	6.99639e-19
16044.30000	3.84560e-20	6.15098e-19
16045.90000	2.29694e-20	4.53453e-19
16047.50000	-3.08592e-20	3.67757e-19
16049.10000	3.33545e-19	3.44847e-19
16050.80000	-5.81117e-20	3.66467e-19
16052.40000	-2.27348e-19	3.65308e-19
16054.00000	-3.91630e-19	4.27009e-19
16055.70000	-3.11867e-19	5.41887e-19
16057.30000	-7.37534e-19	6.24469e-19
16058.90000	1.87051e-20	6.26169e-19
16060.50000	5.05223e-19	5.32089e-19
16062.20000	-1.22583e-19	4.51771e-19
16063.80000	-4.04611e-19	4.10067e-19
16065.40000	-3.48186e-19	4.40098e-19
16067.10000	2.23762e-19	4.64798e-19
16068.70000	1.27222e-19	4.50222e-19
16070.30000	-1.55515e-19	4.73162e-19
16071.90000	1.65887e-19	5.49242e-19
16073.60000	-1.77607e-19	6.57773e-19
16075.20000	1.75171e-18	7.52748e-19
16076.80000	-2.98064e-18	1.61882e-18
16078.50000	-1.89571e-18	3.54575e-18
16080.10000	-1.55117e-17	4.04384e-18
16081.70000	-7.11864e-18	2.70513e-18
16083.30000	3.35515e-18	8.86461e-19
16085.00000	-9.82066e-19	4.63876e-19
16086.60000	1.00673e-18	4.05215e-19
16088.20000	2.19973e-19	3.88056e-19
16089.90000	-1.69458e-19	4.01898e-19
16091.50000	1.53407e-19	4.27312e-19
16093.10000	-1.13816e-19	4.25849e-19
16094.80000	1.10638e-19	4.64775e-19
16096.40000	-5.56890e-19	5.18683e-19
16098.00000	-1.25882e-19	5.10455e-19
16099.60000	1.15914e-19	4.31194e-19
16101.30000	3.56517e-19	3.81577e-19
16102.90000	7.86795e-20	4.11440e-19
16104.50000	-1.54366e-19	3.82832e-19
16106.20000	-1.34796e-19	3.49539e-19
16107.80000	-3.74755e-19	3.50064e-19
16109.40000	3.71000e-19	3.52994e-19
16111.00000	2.90727e-19	3.56230e-19
16112.70000	-1.44225e-19	3.78838e-19
16114.30000	4.76833e-19	3.84970e-19
16115.90000	-2.87271e-19	5.16558e-19
16117.60000	7.17518e-19	7.03637e-19
16119.20000	5.85995e-20	7.51269e-19
16120.80000	-1.30596e-18	6.53516e-19
16122.40000	1.38577e-18	6.01943e-19
16124.10000	-2.03610e-18	9.05861e-19
16125.70000	-6.49916e-18	2.66391e-18
16127.30000	-1.40459e-17	5.89052e-18
16129.00000	-2.07590e-17	6.47606e-18
16130.60000	3.36820e-17	4.40862e-18
16132.20000	5.19589e-18	1.41776e-18
16133.80000	-1.14100e-18	6.51935e-19
16135.50000	1.68494e-20	5.29613e-19
16137.10000	3.40234e-20	4.25197e-19
16138.70000	-9.39157e-20	4.05416e-19
16140.40000	5.04479e-19	3.98351e-19
16142.00000	-3.06424e-19	4.05546e-19
16143.60000	-3.78301e-19	4.03489e-19
16145.20000	-3.53634e-19	3.69384e-19
16146.90000	7.42420e-20	3.52649e-19
16148.50000	-1.98592e-19	3.59277e-19
16150.10000	8.88707e-19	3.79552e-19
16151.80000	-2.45394e-19	3.94762e-19
16153.40000	2.87141e-19	3.96691e-19
16155.00000	-5.59704e-19	4.03172e-19
16156.70000	-5.25199e-19	5.88985e-19
16158.30000	4.71417e-19	9.06306e-19
16159.90000	1.41840e-19	9.56649e-19
16161.50000	-1.06159e-18	7.12796e-19
16163.20000	3.65679e-20	4.29037e-19
16164.80000	3.88973e-19	3.63030e-19
16166.40000	5.59410e-19	3.55737e-19
16168.10000	1.11715e-19	3.71128e-19
16169.70000	3.77306e-19	4.27862e-19
16171.30000	-4.57988e-19	4.65687e-19
16172.90000	-8.12157e-19	4.52393e-19
16174.60000	-5.17056e-19	3.99991e-19
16176.20000	2.22363e-20	3.74992e-19
16177.80000	-1.87525e-19	3.80185e-19
16179.50000	-2.88151e-20	3.79252e-19
16181.10000	-1.64971e-19	4.06318e-19
16182.70000	4.56485e-19	3.89712e-19
16184.30000	-2.40446e-19	3.88786e-19
16186.00000	-3.87782e-19	4.06651e-19
16187.60000	-7.82841e-21	4.42576e-19
16189.20000	-1.74535e-19	4.93062e-19
16190.90000	-1.54215e-19	8.10905e-19
16192.50000	5.20109e-18	2.23799e-18
16194.10000	-3.75123e-19	3.28627e-18
16195.70000	2.57571e-18	3.03315e-18
16197.40000	-3.40082e-19	1.43106e-18
16199.00000	6.37545e-19	6.02030e-19
16200.60000	3.99890e-19	4.26531e-19
16202.30000	7.01769e-21	3.78341e-19
16203.90000	7.73842e-20	3.73070e-19
16205.50000	-6.07047e-20	4.08364e-19
16207.20000	1.98284e-19	5.20216e-19
16208.80000	6.27997e-19	6.11877e-19
16210.40000	9.94693e-19	6.42763e-19
16212.00000	8.82862e-19	5.27770e-19
16213.70000	-1.50842e-19	4.19310e-19
16215.30000	1.99075e-19	3.54612e-19
16216.90000	2.91297e-19	3.68344e-19
16218.60000	-1.42888e-19	5.07877e-19
16220.20000	9.40131e-20	7.11952e-19
16221.80000	-1.14334e-19	8.26274e-19
16223.40000	-4.52554e-20	7.75326e-19
16225.10000	2.03048e-19	6.28540e-19
16226.70000	5.91284e-19	6.35328e-19
16228.30000	-1.81424e-18	7.83607e-19
16230.00000	1.39328e-18	9.02658e-19
16231.60000	-9.19926e-19	1.44481e-18
16233.20000	-6.63130e-19	3.69178e-18
16234.80000	-1.31214e-17	5.27721e-18
16236.50000	-2.79349e-17	4.79552e-18
16238.10000	-1.71217e-17	2.33359e-18
16239.70000	2.80292e-18	7.74417e-19
16241.40000	-2.72094e-19	4.83012e-19
16243.00000	-6.59303e-20	5.52371e-19
16244.60000	-3.79640e-20	7.32499e-19
16246.20000	1.26369e-19	7.64356e-19
16247.90000	4.10675e-19	6.02392e-19
16249.50000	1.15543e-19	4.79416e-19
16251.10000	9.62497e-19	6.41888e-19
16252.80000	3.03814e-19	6.54924e-19
16254.40000	-7.47353e-19	5.40141e-19
16256.00000	3.03339e-19	4.70353e-19
16257.60000	-2.55477e-19	4.65006e-19
16259.30000	4.02280e-19	4.67992e-19
16260.90000	1.27442e-19	4.15452e-19
16262.50000	-1.38898e-19	3.86937e-19
16264.20000	-2.91603e-19	3.95138e-19
16265.80000	-2.79254e-19	4.02869e-19
16267.40000	-1.33315e-20	5.14820e-19
16269.10000	-2.45583e-19	7.70764e-19
16270.70000	3.93809e-19	8.21368e-19
16272.30000	6.25207e-19	6.10856e-19
16273.90000	-3.07636e-19	3.86932e-19
16275.60000	-2.40255e-19	3.84397e-19
16277.20000	-7.63501e-20	5.11735e-19
16278.80000	2.61732e-20	6.48574e-19
16280.50000	2.48564e-19	6.34105e-19
16282.10000	2.52395e-19	4.96911e-19
16283.70000	-1.72111e-19	3.83317e-19
16285.30000	3.22993e-19	3.54202e-19
16287.00000	-1.12497e-19	3.38628e-19
16288.60000	-9.44810e-20	3.37798e-19
16290.20000	-1.07561e-19	3.44153e-19
16291.90000	-1.64952e-19	3.46915e-19
16293.50000	-3.35044e-19	3.43363e-19
16295.10000	1.01563e-19	3.59661e-19
16296.70000	-2.49822e-20	3.30613e-19
16298.40000	-2.84659e-19	3.97703e-19
16300.00000	1.53979e-19	7.30367e-19
16301.60000	-7.40520e-19	1.05455e-18
16303.30000	-1.34235e-19	1.04081e-18
16304.90000	-3.13638e-19	8.76848e-19
16306.50000	6.79708e-19	8.95847e-19
16308.10000	-1.17857e-18	1.03365e-18
16309.80000	8.85664e-19	7.33791e-19
16311.40000	1.91586e-19	5.04754e-19
16313.00000	-3.62999e-19	6.97494e-19
16314.70000	-1.68738e-18	1.62010e-18
16316.30000	-4.48782e-18	2.59724e-18
16317.90000	1.65617e-18	2.34354e-18
16319.50000	3.13801e-18	1.24187e-18
16321.20000	4.81128e-19	5.08853e-19
16322.80000	-2.30467e-19	3.62343e-19
16324.40000	2.79984e-19	3.46351e-19
16326.10000	-2.56110e-19	3.38051e-19
16327.70000	5.86942e-20	3.34453e-19
16329.30000	-3.99193e-19	3.33028e-19
16331.00000	-8.84447e-21	3.35667e-19
16332.60000	-3.13648e-19	3.39714e-19
16334.20000	8.38327e-20	3.37760e-19
16335.80000	5.08887e-19	3.74538e-19
16337.50000	-3.38943e-19	5.57280e-19
16339.10000	-1.89365e-18	1.18268e-18
16340.70000	-2.23445e-18	1.81625e-18
16342.40000	1.15403e-18	1.68105e-18
16344.00000	3.54139e-19	1.12614e-18
16345.60000	-1.28144e-18	7.88381e-19
16347.20000	-2.74630e-19	9.40319e-19
16348.90000	-5.02772e-18	2.32063e-18
16350.50000	3.57028e-18	3.48380e-18
16352.10000	-6.84698e-19	3.32009e-18
16353.80000	-2.67880e-18	1.97070e-18
16355.40000	-2.93845e-19	8.90715e-19
16357.00000	7.06578e-19	7.85102e-19
16358.60000	1.66431e-18	1.25463e-18
16360.30000	4.34976e-19	1.31893e-18
16361.90000	1.20292e-19	1.20717e-18
16363.50000	1.20439e-18	9.66804e-19
16365.20000	4.75680e-19	8.31290e-19
16366.80000	2.64114e-22	6.58684e-19
16368.40000	-2.98454e-19	5.48766e-19
16370.00000	-2.67594e-19	5.45720e-19
16371.70000	-3.44443e-19	5.17679e-19
16373.30000	-7.33509e-19	4.65750e-19
16374.90000	-4.78626e-19	3.82563e-19
16376.60000	1.37669e-19	3.23626e-19
16378.20000	-1.87415e-19	3.18581e-19
16379.80000	-1.42380e-19	3.37388e-19
16381.40000	1.69099e-19	3.54036e-19
16383.10000	5.10776e-19	3.93727e-19
16384.70000	-1.25312e-18	6.32263e-19
16386.30000	2.18573e-19	1.82912e-18
16388.00000	1.91524e-18	2.73391e-18
16389.60000	8.59218e-18	2.43485e-18
16391.20000	8.56090e-18	1.09598e-18
16392.90000	-2.17182e-18	5.20785e-19
16394.50000	6.05384e-19	4.52104e-19
16396.10000	-7.62219e-19	4.99667e-19
16397.70000	-4.11116e-19	5.13124e-19
16399.40000	3.07078e-19	4.38908e-19
16401.00000	-1.87128e-19	3.51740e-19
16402.60000	5.59842e-20	3.36410e-19
16404.30000	2.16167e-19	3.47434e-19
16405.90000	2.54808e-19	3.75011e-19
16407.50000	-3.12261e-19	4.73652e-19
16409.10000	-3.01513e-19	5.50924e-19
16410.80000	-5.31215e-19	6.77456e-19
16412.40000	1.25862e-19	1.19282e-18
16414.00000	-1.43610e-19	1.85516e-18
16415.70000	3.88039e-18	1.80174e-18
16417.30000	2.98812e-18	8.66361e-19
16418.90000	-1.11074e-18	4.29298e-19
16420.50000	8.93722e-19	3.65603e-19
16422.20000	-3.49537e-19	3.25657e-19
16423.80000	-1.18730e-19	3.14944e-19
16425.40000	-2.49243e-19	3.17189e-19
16427.10000	1.12563e-19	3.36380e-19
16428.70000	2.90837e-19	3.63782e-19
16430.30000	-1.61083e-19	3.94113e-19
16431.90000	3.54287e-19	3.65164e-19
16433.60000	-4.32242e-19	3.55833e-19
16435.20000	6.41600e-19	3.97700e-19
16436.80000	5.85043e-21	5.49191e-19
16438.50000	3.34158e-19	9.99954e-19
16440.10000	-2.14760e-18	2.62423e-18
16441.70000	-3.63550e-18	3.73414e-18
16443.30000	6.24975e-18	3.23663e-18
16445.00000	2.19807e-18	2.12626e-18
16446.60000	-1.46529e-19	1.84987e-18
16448.20000	2.27897e-18	1.73079e-18
16449.90000	8.77541e-20	1.03359e-18
16451.50000	-7.32249e-19	5.56460e-19
16453.10000	3.18496e-19	4.79589e-19
16454.80000	-2.50087e-19	4.91569e-19
16456.40000	-5.62177e-19	4.93772e-19
16458.00000	-7.26520e-19	4.91330e-19
16459.60000	-1.91111e-19	4.73615e-19
16461.30000	-3.35819e-19	4.17283e-19
16462.90000	-2.74753e-19	3.79050e-19
16464.50000	-1.72243e-20	3.41523e-19
16466.20000	-1.89566e-19	3.32962e-19
16467.80000	-5.06310e-19	3.38517e-19
16469.40000	-1.94394e-19	3.48922e-19
16471.00000	1.37282e-19	4.14906e-19
16472.70000	-1.90749e-18	7.40052e-19
16474.30000	-6.65088e-19	1.68890e-18
16475.90000	-3.10107e-19	2.47322e-18
16477.60000	7.60890e-19	3.00615e-18
16479.20000	-1.09133e-17	2.78899e-18
16480.80000	-9.52201e-18	1.79041e-18
16482.40000	2.07032e-18	6.94733e-19
16484.10000	2.90855e-20	4.30135e-19
16485.70000	1.23188e-21	3.70711e-19
16487.30000	-5.21135e-19	3.61979e-19
16489.00000	-2.67381e-19	3.49838e-19
16490.60000	-2.17595e-19	3.37669e-19
16492.20000	-3.63863e-19	3.36442e-19
16493.80000	-7.80710e-20	3.53315e-19
16495.50000	-1.89857e-19	3.80277e-19
16497.10000	2.65339e-19	4.79677e-19
16498.70000	-5.93657e-20	9.48443e-19
16500.40000	3.36521e-19	2.89618e-18
16502.00000	5.00748e-19	4.18225e-18
16503.60000	-3.01849e-17	3.87741e-18
16505.20000	-1.52831e-17	1.47681e-18
16506.90000	1.80184e-19	5.39160e-19
16508.50000	-1.04617e-18	3.82687e-19
16510.10000	6.91266e-19	3.45823e-19
16511.80000	-3.14639e-19	3.29385e-19
16513.40000	4.98852e-20	3.31981e-19
16515.00000	-6.29758e-19	3.22045e-19
16516.70000	-1.12615e-19	3.20841e-19
16518.30000	1.43320e-19	3.29216e-19
16519.90000	3.53281e-19	3.48208e-19
16521.50000	-1.11158e-19	3.31384e-19
16523.20000	-2.72161e-19	3.30697e-19
16524.80000	-5.84564e-19	3.85814e-19
16526.40000	-6.01297e-19	4.63421e-19
16528.10000	-8.28585e-19	5.69497e-19
16529.70000	8.20162e-20	6.16504e-19
16531.30000	-2.27068e-19	5.80905e-19
16532.90000	-4.76308e-19	4.66200e-19
16534.60000	7.10815e-21	3.51964e-19
16536.20000	3.86370e-20	3.88355e-19
16537.80000	-4.42618e-19	5.18776e-19
16539.50000	6.87330e-19	6.12741e-19
16541.10000	1.16563e-18	5.84903e-19
16542.70000	-1.82148e-19	5.54522e-19
16544.30000	-3.18357e-19	4.89050e-19
16546.00000	-2.54130e-19	3.86186e-19
16547.60000	6.55955e-20	3.41419e-19
16549.20000	1.89527e-19	4.13298e-19
16550.90000	-2.01519e-18	9.00229e-19
16552.50000	-5.12055e-19	2.13432e-18
16554.10000	-5.19270e-18	2.41822e-18
16555.70000	-1.34188e-18	1.79203e-18
16557.40000	9.74262e-19	7.68055e-19
16559.00000	-4.24043e-19	5.62152e-19
16560.60000	8.44927e-19	5.18650e-19
16562.30000	2.25788e-19	3.90652e-19
16563.90000	1.54928e-19	3.22471e-19
16565.50000	2.58472e-19	3.11157e-19
16567.20000	-2.60664e-20	3.14081e-19
16568.80000	8.81234e-20	3.30249e-19
16570.40000	1.57107e-19	3.21853e-19
16572.00000	4.14373e-21	2.99113e-19
16573.70000	-2.09516e-19	2.97295e-19
16575.30000	5.21888e-20	2.93197e-19
16576.90000	-3.29940e-20	3.03295e-19
16578.60000	-3.83718e-19	3.06011e-19
16580.20000	-3.48864e-19	3.05276e-19
16581.80000	2.60823e-20	3.48291e-19
16583.40000	6.57069e-19	5.80339e-19
16585.10000	-6.81946e-19	9.59678e-19
16586.70000	2.67393e-19	1.07050e-18
16588.30000	3.02923e-19	7.31903e-19
16590.00000	1.35173e-20	3.93655e-19
16591.60000	-5.58705e-20	3.14251e-19
16593.20000	2.66594e-19	3.15468e-19
16594.80000	-1.54630e-19	3.27366e-19
16596.50000	-7.39281e-20	3.25809e-19
16598.10000	-4.02369e-20	3.17543e-19
16599.70000	1.57028e-19	3.02686e-19
16601.40000	3.62662e-19	3.05715e-19
16603.00000	-9.74719e-20	3.16127e-19
16604.60000	-1.48584e-19	3.35885e-19
16606.20000	-2.04481e-19	4.02559e-19
16607.90000	-6.15434e-19	7.30719e-19
16609.50000	-4.57323e-19	1.13827e-18
16611.10000	-5.61677e-19	1.27528e-18
16612.80000	5.30981e-19	1.05923e-18
16614.40000	1.65187e-19	5.99056e-19
16616.00000	3.24802e-19	3.63074e-19
16617.60000	9.34043e-20	3.06682e-19
16619.30000	-3.71633e-19	3.08662e-19
16620.90000	1.41027e-19	2.95746e-19
16622.50000	1.20972e-19	2.92860e-19
16624.20000	-8.25440e-20	2.89427e-19
16625.80000	-8.68441e-20	2.95617e-19
16627.40000	2.48977e-19	2.95451e-19
16629.10000	-3.04147e-19	2.95860e-19
16630.70000	6.51472e-20	2.95534e-19
16632.30000	1.28883e-19	2.90632e-19
16633.90000	-2.03618e-19	3.05766e-19
16635.60000	9.22051e-20	3.37723e-19
16637.20000	3.44497e-19	3.71678e-19
16638.80000	-3.71449e-19	3.51056e-19
16640.50000	-2.64109e-19	3.17600e-19
16642.10000	5.34659e-19	2.97304e-19
16643.70000	3.70360e-20	2.94548e-19
16645.30000	-4.09562e-19	2.96277e-19
16647.00000	2.31919e-19	2.99307e-19
16648.60000	1.87069e-19	3.05135e-19
16650.20000	1.01339e-19	3.07731e-19
16651.90000	-1.20412e-19	3.44323e-19
16653.50000	-4.13496e-19	3.96693e-19
16655.10000	-1.21582e-19	4.05323e-19
16656.70000	4.90155e-20	4.04379e-19
16658.40000	5.39743e-20	5.01793e-19
16660.00000	-1.04781e-19	4.97451e-19
16661.60000	-5.30765e-19	4.48580e-19
16663.30000	-1.43061e-19	3.70134e-19
16664.90000	1.16986e-19	3.71297e-19
16666.50000	5.04423e-19	3.88137e-19
16668.10000	3.75758e-19	3.70870e-19
16669.80000	4.29767e-19	3.25322e-19
16671.40000	5.70630e-19	3.07537e-19
16673.00000	-3.23467e-20	3.08985e-19
16674.70000	-4.55807e-20	3.26011e-19
16676.30000	2.86149e-21	3.19040e-19
16677.90000	-5.99223e-19	3.35136e-19
16679.50000	-7.16685e-21	3.39587e-19
16681.20000	-6.10421e-19	3.57818e-19
16682.80000	1.20094e-18	4.30608e-19
16684.40000	-1.44099e-18	5.34825e-19
16686.10000	1.43514e-18	9.92504e-19
16687.70000	-1.13870e-18	2.21542e-18
16689.30000	-8.39013e-18	3.68859e-18
16691.00000	-7.59954e-18	6.31689e-18
16692.60000	-2.74329e-17	6.78019e-18
16694.20000	-1.06125e-16	5.10135e-18
16695.80000	-8.56303e-18	1.71008e-18
16697.50000	1.87137e-18	7.90900e-19
16699.10000	-7.89799e-19	8.06163e-19
16700.70000	1.03741e-18	1.13229e-18
16702.40000	-8.41583e-19	1.40485e-18
16704.00000	2.88082e-19	1.29563e-18
16705.60000	2.26402e-18	1.93131e-18
16707.20000	7.62944e-18	3.67801e-18
16708.90000	7.34787e-18	4.14499e-18
16710.50000	4.61044e-19	3.09236e-18
16712.10000	-4.66777e-18	1.28261e-18
16713.80000	6.65508e-21	5.92354e-19
16715.40000	5.97482e-20	5.15843e-19
16717.00000	-4.21248e-19	7.28143e-19
16718.60000	2.77834e-19	7.34085e-19
16720.30000	-7.67295e-20	6.41973e-19
16721.90000	-4.13552e-19	6.71568e-19
16723.50000	-5.95268e-19	9.31496e-19
16725.20000	4.82098e-19	8.76665e-19
16726.80000	-7.28661e-21	7.12173e-19
16728.40000	3.74261e-20	8.42596e-19
16730.00000	2.59197e-18	1.61234e-18
16731.70000	1.33945e-18	2.21313e-18
16733.30000	2.26756e-18	2.20821e-18
16734.90000	-5.39007e-18	1.55023e-18
16736.60000	-1.41846e-18	6.90023e-19
16738.20000	5.65230e-19	3.88125e-19
16739.80000	-5.63742e-19	3.85917e-19
16741.40000	-9.43625e-20	3.42179e-19
16743.10000	-3.47885e-20	3.61119e-19
16744.70000	-2.58089e-19	3.68542e-19
16746.30000	-3.17019e-19	3.21241e-19
16748.00000	-6.35307e-20	3.27358e-19
16749.60000	-2.11171e-19	3.69480e-19
16751.20000	-1.79284e-19	5.12233e-19
16752.90000	3.78119e-19	7.99055e-19
16754.50000	1.18293e-19	1.01927e-18
16756.10000	5.15090e-19	9.38212e-19
16757.70000	-2.65579e-19	7.45700e-19
16759.40000	-4.85592e-19	7.55144e-19
16761.00000	-1.82316e-19	9.29126e-19
16762.60000	1.01952e-18	1.08221e-18
16764.30000	7.66626e-19	1.09574e-18
16765.90000	-6.51267e-19	9.15061e-19
16767.50000	-2.36923e-19	6.06417e-19
16769.10000	-2.22563e-19	3.50041e-19
16770.80000	1.94258e-19	3.06954e-19
16772.40000	3.42596e-19	3.41610e-19
16774.00000	3.10501e-20	3.17436e-19
16775.70000	2.48292e-21	3.07977e-19
16777.30000	-1.44025e-19	3.00882e-19
16778.90000	-4.56771e-19	3.03321e-19
16780.50000	-5.37926e-19	2.92064e-19
16782.20000	4.78069e-20	2.93872e-19
16783.80000	1.21054e-20	2.96857e-19
16785.40000	3.36386e-20	2.96988e-19
16787.10000	1.65862e-19	3.00153e-19
16788.70000	2.02659e-19	3.02374e-19
16790.30000	-2.89692e-19	3.03611e-19
16791.90000	1.99061e-19	3.57929e-19
16793.60000	-6.92231e-20	4.02201e-19
16795.20000	-2.83643e-19	3.89794e-19
16796.80000	-1.76771e-19	3.99444e-19
16798.50000	-2.11141e-19	5.14925e-19
16800.10000	-2.03730e-19	5.46502e-19
16801.70000	1.50891e-19	5.05692e-19
16803.30000	-7.99847e-19	5.37908e-19
16805.00000	-7.51164e-20	5.59220e-19
16806.60000	4.56711e-19	4.69288e-19
16808.20000	3.97236e-19	3.47852e-19
16809.90000	1.64152e-19	3.13363e-19
16811.50000	8.62906e-20	3.09021e-19
16813.10000	-4.69399e-19	3.08063e-19
16814.80000	-2.12311e-19	3.09930e-19
16816.40000	7.59015e-20	3.11570e-19
16818.00000	5.69587e-19	3.14286e-19
16819.60000	1.85858e-19	3.17816e-19
16821.30000	-4.62247e-19	3.24735e-19
16822.90000	-1.82294e-19	3.17602e-19
16824.50000	1.78119e-19	3.12900e-19
16826.20000	-2.72489e-19	3.12705e-19
16827.80000	-2.72559e-19	3.13999e-19
16829.40000	-2.73023e-19	3.16491e-19
16831.00000	2.24663e-19	3.23507e-19
16832.70000	-1.24571e-19	3.34333e-19
16834.30000	3.10957e-19	3.60324e-19
16835.90000	-5.03207e-19	4.79947e-19
16837.60000	1.89059e-18	1.24309e-18
16839.20000	1.93770e-18	2.88116e-18
16840.80000	1.34778e-17	3.12940e-18
16842.40000	1.96586e-17	2.03393e-18
16844.10000	-9.48544e-19	7.78671e-19
16845.70000	3.99961e-20	4.66642e-19
16847.30000	-3.74322e-19	3.83617e-19
16849.00000	-1.35333e-19	3.61439e-19
16850.60000	-2.15455e-19	3.70632e-19
16852.20000	-2.51082e-19	3.82721e-19
16853.80000	-1.62125e-19	3.70260e-19
16855.50000	-3.05131e-20	3.29963e-19
16857.10000	1.92055e-19	3.08816e-19
16858.70000	2.00775e-19	3.04797e-19
16860.40000	-1.23606e-19	3.09406e-19
16862.00000	-2.42927e-19	3.15406e-19
16863.60000	-3.41963e-20	3.10995e-19
16865.20000	1.08482e-19	3.05664e-19
16866.90000	1.64202e-19	3.09790e-19
16868.50000	3.50527e-19	3.46926e-19
16870.10000	-4.94304e-19	4.08565e-19
16871.80000	-2.10946e-19	4.16195e-19
16873.40000	3.72528e-19	4.06374e-19
16875.00000	-2.73829e-19	4.54901e-19
16876.70000	-3.67948e-19	4.93221e-19
16878.30000	2.76556e-20	4.47064e-19
16879.90000	-6.37178e-20	3.93596e-19
16881.50000	-1.47222e-19	4.00488e-19
16883.20000	1.02480e-19	4.17611e-19
16884.80000	-4.00517e-19	4.01138e-19
16886.40000	3.53096e-19	4.34463e-19
16888.10000	6.74251e-19	5.75222e-19
16889.70000	-4.87947e-20	6.87567e-19
16891.30000	8.53401e-20	6.07876e-19
16892.90000	-1.86372e-19	4.57020e-19
16894.60000	4.29598e-19	4.43825e-19
16896.20000	-3.74732e-19	5.44371e-19
16897.80000	1.28812e-18	6.89778e-19
16899.50000	-1.78771e-18	1.05484e-18
16901.10000	4.70333e-18	2.93178e-18
16902.70000	-2.06510e-18	5.83102e-18
16904.30000	2.39757e-17	5.84053e-18
16906.00000	-3.37561e-18	3.12982e-18
16907.60000	1.86478e-18	1.39096e-18
16909.20000	7.42515e-19	9.36098e-19
16910.90000	4.69484e-20	7.69690e-19
16912.50000	-8.51061e-20	6.15173e-19
16914.10000	1.52935e-19	5.25491e-19
16915.70000	-3.48876e-19	4.58145e-19
16917.40000	5.49661e-19	3.74982e-19
16919.00000	-2.27284e-19	3.42422e-19
16920.60000	-8.88017e-21	3.30036e-19
16922.30000	1.32280e-19	3.22130e-19
16923.90000	1.63725e-20	3.21730e-19
16925.50000	-3.30948e-19	3.23114e-19
16927.20000	-1.35697e-19	3.17453e-19
16928.80000	1.14802e-19	3.07620e-19
16930.40000	3.02466e-19	3.05457e-19
16932.00000	4.45050e-20	3.02113e-19
16933.70000	-1.49629e-19	3.12704e-19
16935.30000	-9.43819e-20	3.18872e-19
16936.90000	3.58685e-20	3.11024e-19
16938.60000	-3.21060e-19	3.10017e-19
16940.20000	-8.52196e-19	3.11708e-19
16941.80000	-4.38894e-19	3.19918e-19
16943.40000	1.08476e-19	3.69844e-19
16945.10000	2.41876e-19	4.10604e-19
16946.70000	-3.02075e-19	4.25475e-19
16948.30000	3.22985e-19	4.04563e-19
16950.00000	2.89149e-20	4.44272e-19
16951.60000	4.00152e-18	8.74293e-19
16953.20000	5.14499e-18	2.73920e-18
16954.80000	-5.82154e-20	3.61073e-18
16956.50000	-5.55763e-18	2.92911e-18
16958.10000	2.65146e-18	1.10272e-18
16959.70000	-3.02319e-19	4.99264e-19
16961.40000	-1.09185e-20	3.67466e-19
16963.00000	-1.58076e-20	3.31324e-19
16964.60000	-1.60744e-19	3.29250e-19
16966.20000	4.55772e-20	3.17320e-19
16967.90000	4.13883e-19	3.22255e-19
16969.50000	3.01572e-19	3.21507e-19
16971.10000	3.33213e-19	3.35974e-19
16972.80000	-8.71371e-20	3.24375e-19
16974.40000	1.04353e-19	3.22308e-19
16976.00000	4.84545e-19	3.18500e-19
16977.60000	2.26628e-19	3.02869e-19
16979.30000	9.49471e-20	2.94987e-19
16980.90000	3.41905e-19	2.90338e-19
16982.50000	-2.96604e-19	3.09119e-19
16984.20000	-3.81786e-20	3.42065e-19
16985.80000	3.72539e-20	3.60314e-19
16987.40000	5.76318e-19	4.01297e-19
16989.10000	2.99046e-19	4.73628e-19
16990.70000	-1.15000e-19	4.83760e-19
16992.30000	9.36905e-20	4.25567e-19
16993.90000	-1.02362e-21	3.65181e-19
16995.60000	-9.88871e-20	4.09049e-19
16997.20000	-2.71679e-19	3.95804e-19
16998.80000	1.79034e-19	3.79429e-19
17000.50000	-1.17672e-19	4.02569e-19
17002.10000	4.44358e-19	4.85444e-19
17003.70000	1.04816e-18	6.63842e-19
17005.30000	3.57819e-18	1.61224e-18
17007.00000	9.35320e-19	4.90034e-18
17008.60000	1.25228e-17	6.29742e-18
17010.20000	-9.28841e-18	5.04981e-18
17011.90000	3.11639e-18	2.03128e-18
17013.50000	-5.06864e-18	9.62962e-19
17015.10000	2.35332e-18	6.03679e-19
17016.70000	-7.36489e-19	4.16702e-19
17018.40000	1.81248e-20	3.68365e-19
17020.00000	-1.11739e-19	3.72110e-19
17021.60000	1.84929e-20	3.45175e-19
17023.30000	8.01857e-19	3.66212e-19
17024.90000	2.70627e-19	3.53445e-19
17026.50000	4.76751e-19	3.37793e-19
17028.10000	2.11277e-19	3.26444e-19
17029.80000	3.13361e-19	3.50270e-19
17031.40000	-2.70489e-19	3.40419e-19
17033.00000	-1.72841e-19	3.19441e-19
17034.70000	-1.13858e-19	3.29391e-19
17036.30000	-3.48678e-19	3.37912e-19
17037.90000	8.52161e-21	3.17632e-19
17039.50000	-1.20304e-19	3.14722e-19
17041.20000	-2.25898e-19	3.09988e-19
17042.80000	-3.21114e-19	3.09688e-19
17044.40000	5.75861e-20	3.13223e-19
17046.10000	-3.57955e-20	3.19931e-19
17047.70000	-1.92873e-19	3.64217e-19
17049.30000	-1.24200e-19	4.16200e-19
17051.00000	-1.91637e-19	4.36983e-19
17052.60000	3.64042e-19	5.05054e-19
17054.20000	6.38239e-19	7.15711e-19
17055.80000	1.96073e-19	1.01400e-18
17057.50000	1.84522e-19	1.01527e-18
17059.10000	1.26307e-18	7.55350e-19
17060.70000	-1.78049e-19	4.35466e-19
17062.40000	-3.03734e-19	3.22144e-19
17064.00000	-1.40437e-19	3.12530e-19
17065.60000	1.23840e-19	3.24610e-19
17067.20000	-8.84809e-20	3.76526e-19
17068.90000	8.65722e-20	5.29759e-19
17070.50000	4.90404e-19	6.46565e-19
17072.10000	4.31836e-19	6.89888e-19
17073.80000	-4.43695e-19	7.43699e-19
17075.40000	-1.15415e-18	1.50196e-18
17077.00000	1.61516e-18	3.16004e-18
17078.60000	1.83036e-18	3.37373e-18
17080.30000	5.14864e-18	2.26880e-18
17081.90000	1.48382e-18	7.98269e-19
17083.50000	-1.08342e-18	4.36572e-19
17085.20000	-2.42176e-19	3.77302e-19
17086.80000	-1.85106e-19	3.62256e-19
17088.40000	2.15584e-19	3.41656e-19
17090.00000	2.24757e-19	3.22920e-19
17091.70000	4.01432e-19	3.27565e-19
17093.30000	3.74633e-19	3.47231e-19
17094.90000	-5.32041e-19	3.67710e-19
17096.60000	-2.82182e-19	4.02892e-19
17098.20000	-3.04954e-19	4.87631e-19
17099.80000	-3.39035e-19	5.55952e-19
17101.40000	4.18229e-19	5.66890e-19
17103.10000	3.17891e-19	6.10545e-19
17104.70000	1.03356e-18	6.01351e-19
17106.30000	4.39535e-19	5.70635e-19
17108.00000	-1.48520e-19	5.80541e-19
17109.60000	-1.59816e-20	6.17430e-19
17111.20000	-1.39832e-19	5.38831e-19
17112.90000	1.27319e-19	5.13144e-19
17114.50000	3.23835e-19	5.34436e-19
17116.10000	-8.57501e-19	5.86619e-19
17117.70000	-3.49555e-21	5.98007e-19
17119.40000	-1.74926e-18	9.37705e-19
17121.00000	-2.99951e-18	2.72989e-18
17122.60000	-5.61241e-18	4.90519e-18
17124.30000	2.65619e-18	5.02751e-18
17125.90000	4.06554e-17	3.24827e-18
17127.50000	5.47868e-18	1.11888e-18
17129.10000	-2.44050e-18	5.56890e-19
17130.80000	1.98222e-18	4.26272e-19
17132.40000	-1.61982e-18	3.95646e-19
17134.00000	8.48830e-19	3.53797e-19
17135.70000	-1.05624e-18	3.32741e-19
17137.30000	5.83212e-19	3.19090e-19
17138.90000	-7.38812e-20	3.13523e-19
17140.50000	-2.03771e-19	3.09022e-19
17142.20000	-3.22088e-19	3.21469e-19
17143.80000	-2.94387e-19	3.55056e-19
17145.40000	-9.10444e-20	3.26350e-19
17147.10000	-1.43419e-19	3.17526e-19
17148.70000	-1.36663e-19	3.08047e-19
17150.30000	-4.47725e-19	3.06146e-19
17151.90000	-8.89465e-20	2.98216e-19
17153.60000	-7.17549e-20	2.95625e-19
17155.20000	1.94248e-19	2.96583e-19
17156.80000	-1.05011e-19	2.97207e-19
17158.50000	-2.31910e-20	2.96449e-19
17160.10000	1.08726e-19	2.98088e-19
17161.70000	-5.97325e-19	3.21108e-19
17163.30000	1.30227e-19	3.69563e-19
17165.00000	-7.89763e-20	3.86938e-19
17166.60000	-3.26436e-20	3.92247e-19
17168.20000	-5.34340e-19	4.94566e-19
17169.90000	-2.75989e-19	5.92942e-19
17171.50000	-6.64219e-19	6.94430e-19
17173.10000	3.52040e-19	8.48467e-19
17174.80000	-2.34297e-19	8.97701e-19
17176.40000	2.03910e-19	8.05357e-19
17178.00000	4.92157e-20	6.59124e-19
17179.60000	2.03514e-19	5.83167e-19
17181.30000	2.92065e-19	5.15512e-19
17182.90000	-5.02092e-19	3.84108e-19
17184.50000	-5.06179e-19	3.67545e-19
17186.20000	2.44142e-19	5.40306e-19
17187.80000	1.73781e-19	8.34833e-19
17189.40000	3.89375e-19	8.40894e-19
17191.00000	2.37917e-19	6.39616e-19
17192.70000	3.36171e-19	4.50233e-19
17194.30000	2.84913e-19	4.85668e-19
17195.90000	6.65777e-19	5.56185e-19
17197.60000	-3.45393e-19	5.01129e-19
17199.20000	-2.11670e-19	3.67483e-19
17200.80000	-3.22565e-19	3.24213e-19
17202.40000	-1.78189e-19	3.26493e-19
17204.10000	4.03402e-19	3.43491e-19
17205.70000	3.06225e-19	4.36255e-19
17207.30000	-8.28866e-19	1.06231e-18
17209.00000	-2.85669e-18	2.56087e-18
17210.60000	2.12989e-18	2.98498e-18
17212.20000	1.40600e-18	2.15185e-18
17213.80000	9.91872e-19	1.29784e-18
17215.50000	7.54272e-20	1.00372e-18
17217.10000	7.62287e-19	7.38320e-19
17218.70000	-9.78193e-20	5.27487e-19
17220.40000	1.48936e-19	6.24751e-19
17222.00000	1.31225e-19	6.71091e-19
17223.60000	9.82485e-19	5.46239e-19
17225.20000	4.47735e-19	3.68356e-19
17226.90000	9.48664e-20	3.65978e-19
17228.50000	6.30993e-20	5.12585e-19
17230.10000	-3.58116e-19	6.00620e-19
17231.80000	-5.12897e-19	6.12269e-19
17233.40000	-4.39617e-19	5.19597e-19
17235.00000	-3.13746e-19	4.09152e-19
17236.70000	5.63697e-20	3.51022e-19
17238.30000	1.65827e-19	3.74359e-19
17239.90000	-4.75610e-20	5.70059e-19
17241.50000	8.37420e-19	1.04818e-18
17243.20000	4.99075e-19	1.33141e-18
17244.80000	3.03149e-18	1.70795e-18
17246.40000	4.31121e-18	2.83484e-18
17248.10000	-2.09103e-19	3.74511e-18
17249.70000	1.00565e-17	3.40843e-18
17251.30000	1.28547e-17	1.90188e-18
17252.90000	3.37766e-19	7.84566e-19
17254.60000	-7.70006e-19	6.62444e-19
17256.20000	1.36228e-18	9.61176e-19
17257.80000	-7.01129e-20	1.03246e-18
17259.50000	3.28631e-19	7.80490e-19
17261.10000	-2.56960e-19	4.36815e-19
17262.70000	3.35371e-19	3.39670e-19
17264.30000	4.75955e-20	3.12556e-19
17266.00000	1.13353e-19	3.08530e-19
17267.60000	-6.94683e-20	3.09144e-19
17269.20000	6.92367e-20	3.19757e-19
17270.90000	-5.78338e-20	3.78316e-19
17272.50000	8.94005e-19	5.87154e-19
17274.10000	5.15211e-19	8.46933e-19
17275.70000	-8.93946e-19	8.63358e-19
17277.40000	-6.04284e-21	6.63940e-19
17279.00000	-5.12620e-19	5.99222e-19
17280.60000	8.79371e-19	1.24269e-18
17282.30000	8.26852e-19	1.78822e-18
17283.90000	1.30787e-18	1.64029e-18
17285.50000	4.94672e-19	9.68679e-19
17287.20000	3.40490e-19	6.24590e-19
17288.80000	-4.07450e-19	5.39082e-19
17290.40000	-9.35714e-20	4.22500e-19
17292.00000	-1.81118e-19	3.53265e-19
17293.70000	-2.02746e-19	3.26027e-19
17295.30000	5.97497e-20	3.22776e-19
17296.90000	-9.45358e-20	3.21789e-19
17298.60000	-4.80234e-19	3.54667e-19
17300.20000	-9.58880e-19	6.26526e-19
17301.80000	-9.13364e-19	1.20581e-18
17303.40000	1.77172e-18	1.38216e-18
17305.10000	-1.82410e-18	1.07954e-18
17306.70000	-1.35926e-18	5.77286e-19
17308.30000	-1.58447e-19	3.79160e-19
17310.00000	4.34781e-19	3.95789e-19
17311.60000	8.62951e-19	5.26450e-19
17313.20000	-5.06332e-19	5.28136e-19
17314.80000	-2.13226e-19	4.94602e-19
17316.50000	-5.40067e-20	4.72436e-19
17318.10000	3.28581e-19	5.27968e-19
17319.70000	-3.50746e-19	5.92463e-19
17321.40000	4.77595e-19	5.66656e-19
17323.00000	-6.45615e-20	4.80556e-19
17324.60000	-4.74045e-19	4.74158e-19
17326.20000	5.36797e-19	6.22699e-19
17327.90000	-9.11430e-19	1.22885e-18
17329.50000	-3.84359e-19	2.62282e-18
17331.10000	7.29925e-18	2.78117e-18
17332.80000	-7.31009e-21	2.00560e-18
17334.40000	-2.78657e-18	8.75810e-19
17336.00000	1.52773e-18	5.27239e-19
17337.60000	-6.30808e-19	4.95527e-19
17339.30000	-3.89435e-19	5.72546e-19
17340.90000	-2.99516e-19	6.05157e-19
17342.50000	1.10079e-19	5.69509e-19
17344.20000	-2.05054e-20	5.16897e-19
17345.80000	-4.79130e-19	4.70283e-19
17347.40000	-1.16342e-19	6.14216e-19
17349.10000	1.24661e-18	1.38491e-18
17350.70000	2.51748e-18	1.86005e-18
17352.30000	-2.48731e-18	1.69375e-18
17353.90000	2.80167e-19	1.08568e-18
17355.60000	3.36956e-19	8.80322e-19
17357.20000	-1.41732e-18	1.30177e-18
17358.80000	-2.86955e-18	1.93664e-18
17360.50000	-1.97695e-18	1.86418e-18
17362.10000	-1.11132e-19	1.01177e-18
17363.70000	-4.72613e-19	4.81167e-19
17365.30000	6.72807e-20	3.67332e-19
17367.00000	-4.34959e-19	3.48705e-19
17368.60000	2.22257e-19	3.54727e-19
17370.20000	-8.36629e-19	3.63481e-19
17371.90000	-1.39929e-19	3.60514e-19
17373.50000	-5.73477e-20	3.46456e-19
17375.10000	2.06514e-20	3.74302e-19
17376.70000	1.63499e-19	3.92400e-19
17378.40000	8.38605e-20	4.53511e-19
17380.00000	1.74401e-18	8.79651e-19
17381.60000	1.75379e-18	1.90631e-18
17383.30000	2.62095e-18	2.91141e-18
17384.90000	3.96492e-18	3.99315e-18
17386.50000	-4.27939e-18	4.06226e-18
17388.10000	-3.00768e-18	3.12271e-18
17389.80000	1.16501e-18	1.24661e-18
17391.40000	1.34616e-18	5.81461e-19
17393.00000	-6.26500e-19	4.17008e-19
17394.70000	3.76365e-19	3.81523e-19
17396.30000	1.37864e-19	3.60229e-19
17397.90000	5.06546e-19	3.43919e-19
17399.50000	-5.15463e-20	3.43158e-19
17401.20000	-1.01937e-19	3.80497e-19
17402.80000	-4.33028e-19	4.49649e-19
17404.40000	1.37573e-19	5.49188e-19
17406.10000	4.64270e-19	5.61806e-19
17407.70000	2.77503e-20	4.71547e-19
17409.30000	2.91135e-19	3.69041e-19
17411.00000	5.62071e-19	3.34391e-19
17412.60000	3.98810e-19	3.80830e-19
17414.20000	2.98853e-19	5.30953e-19
17415.80000	-7.20212e-19	6.29519e-19
17417.50000	-6.40623e-19	6.47467e-19
17419.10000	1.37216e-20	5.87155e-19
17420.70000	8.71014e-20	4.88827e-19
17422.40000	3.30073e-19	5.02283e-19
17424.00000	6.41499e-19	1.03835e-18
17425.60000	2.11834e-18	2.16959e-18
17427.20000	5.72440e-18	2.44924e-18
17428.90000	-1.91461e-18	1.80763e-18
17430.50000	-2.04326e-18	8.94049e-19
17432.10000	2.45401e-19	6.44179e-19
17433.80000	-8.58465e-19	5.73873e-19
17435.40000	4.89796e-19	4.33611e-19
17437.00000	-4.27383e-19	3.43958e-19
17438.60000	1.61898e-19	3.31565e-19
17440.30000	6.30970e-19	3.56076e-19
17441.90000	-1.32964e-19	3.66779e-19
17443.50000	2.22331e-19	3.87203e-19
17445.20000	-1.13244e-18	5.16607e-19
17446.80000	2.76141e-18	1.32589e-18
17448.40000	4.34105e-19	3.50708e-18
17450.00000	4.02749e-18	4.09690e-18
17451.70000	3.63299e-17	3.43208e-18
17453.30000	7.94525e-19	1.22092e-18
17454.90000	6.36929e-20	6.44374e-19
17456.60000	-7.28060e-19	4.47947e-19
17458.20000	1.41052e-19	3.63862e-19
17459.80000	1.42996e-19	3.23055e-19
17461.40000	1.88085e-19	3.09516e-19
17463.10000	-2.86141e-20	3.04062e-19
17464.70000	-1.99789e-19	3.09346e-19
17466.30000	-6.50144e-20	3.31469e-19
17468.00000	-3.00382e-19	3.48192e-19
17469.60000	-3.23665e-19	3.56343e-19
17471.20000	-3.16917e-19	3.31324e-19
17472.90000	2.04944e-19	3.27686e-19
17474.50000	-2.61818e-19	3.36644e-19
17476.10000	-4.03276e-19	3.82880e-19
17477.70000	-1.11215e-19	4.28410e-19
17479.40000	-5.32659e-21	4.41745e-19
17481.00000	1.31396e-19	4.79345e-19
17482.60000	3.21652e-19	5.49845e-19
17484.30000	2.59090e-20	5.22764e-19
17485.90000	7.37204e-21	4.45482e-19
17487.50000	-2.62910e-19	3.82192e-19
17489.10000	-8.46823e-20	3.85984e-19
17490.80000	1.05316e-19	3.78995e-19
17492.40000	2.58417e-19	3.51017e-19
17494.00000	-4.29064e-19	3.26101e-19
17495.70000	-6.88369e-19	3.49676e-19
17497.30000	4.19878e-20	4.80571e-19
17498.90000	-2.94350e-19	8.83019e-19
17500.50000	-2.67075e-18	1.25579e-18
17502.20000	-1.85364e-18	1.47331e-18
17503.80000	-9.02844e-19	2.10410e-18
17505.40000	-2.79763e-18	2.74382e-18
17507.10000	-8.77164e-18	2.50038e-18
17508.70000	-6.74906e-19	9.69778e-19
17510.30000	1.08548e-19	4.78711e-19
17511.90000	-4.19713e-19	3.67952e-19
17513.60000	1.01093e-20	3.30170e-19
17515.20000	-1.38614e-19	3.10302e-19
17516.80000	1.15589e-19	3.08556e-19
17518.50000	1.50278e-19	3.39934e-19
17520.10000	1.42065e-19	3.65681e-19
17521.70000	-6.13129e-20	3.73422e-19
17523.30000	-2.50010e-19	3.82290e-19
17525.00000	4.87251e-20	5.71682e-19
17526.60000	-8.13526e-20	1.07506e-18
17528.20000	-3.22003e-19	1.45455e-18
17529.90000	-3.96687e-20	1.46850e-18
17531.50000	5.88955e-19	1.04298e-18
17533.10000	7.40203e-19	6.05473e-19
17534.80000	-9.05610e-20	4.83595e-19
17536.40000	-1.09918e-19	5.49415e-19
17538.00000	-2.98017e-19	4.69152e-19
17539.60000	1.46270e-19	4.38944e-19
17541.30000	-8.55121e-20	5.25631e-19
17542.90000	2.74701e-20	6.11612e-19
17544.50000	1.58749e-19	5.43578e-19
17546.20000	4.04029e-20	4.25381e-19
17547.80000	-1.16455e-19	3.99260e-19
17549.40000	-1.61834e-19	4.60205e-19
17551.00000	8.16096e-19	4.60209e-19
17552.70000	-1.51581e-19	3.85770e-19
17554.30000	-3.97673e-19	3.35356e-19
17555.90000	-1.12936e-19	3.21688e-19
17557.60000	-3.61856e-20	3.08397e-19
17559.20000	5.61636e-20	3.13952e-19
17560.80000	-3.89339e-19	3.16731e-19
17562.40000	-2.69774e-19	3.29897e-19
17564.10000	1.49773e-19	3.64600e-19
17565.70000	-6.63192e-20	4.04830e-19
17567.30000	8.53989e-20	4.12307e-19
17569.00000	2.10772e-19	3.76727e-19
17570.60000	-1.98141e-20	3.37756e-19
17572.20000	2.21863e-19	3.15844e-19
17573.80000	4.09758e-19	3.09305e-19
17575.50000	-1.44158e-19	3.05789e-19
17577.10000	-5.77783e-19	3.06185e-19
17578.70000	-3.02400e-20	3.07607e-19
17580.40000	-1.72275e-19	3.06473e-19
17582.00000	-3.22381e-19	3.09237e-19
17583.60000	2.00348e-19	3.06471e-19
17585.20000	-1.77329e-19	3.03373e-19
17586.90000	-1.52915e-19	3.14191e-19
17588.50000	-4.13116e-19	3.64363e-19
17590.10000	-6.61590e-19	3.97447e-19
17591.80000	1.97023e-20	3.99049e-19
17593.40000	3.16611e-19	4.13119e-19
17595.00000	2.09424e-19	4.36209e-19
17596.70000	-3.06339e-19	4.22343e-19
17598.30000	5.28725e-20	3.67747e-19
17599.90000	1.18739e-19	3.34882e-19
17601.50000	-3.63687e-19	3.45947e-19
17603.20000	-2.25134e-19	3.75215e-19
17604.80000	4.38850e-19	3.69710e-19
17606.40000	1.22627e-19	3.40220e-19
17608.10000	-2.80880e-19	3.44397e-19
17609.70000	1.97242e-19	4.54757e-19
17611.30000	-2.09956e-19	5.89245e-19
17612.90000	-3.96421e-19	6.25786e-19
17614.60000	3.53271e-19	5.83451e-19
17616.20000	3.02100e-19	5.05737e-19
17617.80000	5.61209e-19	3.98389e-19
17619.50000	3.76131e-19	3.41738e-19
17621.10000	8.60884e-20	4.34617e-19
17622.70000	-8.52351e-20	5.94519e-19
17624.30000	-4.93370e-19	6.35444e-19
17626.00000	-7.29980e-19	5.61585e-19
17627.60000	-5.16708e-19	5.89216e-19
17629.20000	-4.03306e-19	5.54431e-19
17630.90000	-4.44398e-19	4.36087e-19
17632.50000	-4.58091e-19	3.42765e-19
17634.10000	-5.98862e-19	3.32249e-19
17635.70000	-3.72412e-19	3.33281e-19
17637.40000	1.47853e-19	3.33582e-19
17639.00000	4.04585e-19	3.38943e-19
17640.60000	-4.50594e-19	3.46012e-19
17642.30000	-8.83854e-21	3.68681e-19
17643.90000	-7.67748e-20	4.19687e-19
17645.50000	-6.78616e-19	6.05714e-19
17647.20000	3.36066e-18	1.20105e-18
17648.80000	-5.36762e-18	2.27995e-18
17650.40000	1.04537e-17	3.83692e-18
17652.00000	-2.99484e-18	6.31728e-18
17653.70000	1.74633e-17	6.72095e-18
17655.30000	2.81673e-17	4.26976e-18
17656.90000	7.40598e-18	1.52748e-18
17658.60000	-4.28227e-18	1.00513e-18
17660.20000	1.01332e-19	1.00854e-18
17661.80000	-2.42748e-19	1.13313e-18
17663.40000	1.33843e-18	1.36269e-18
17665.10000	-3.57318e-19	1.25201e-18
17666.70000	-9.67226e-20	1.10433e-18
17668.30000	-5.26849e-19	1.41362e-18
17670.00000	3.40200e-18	3.11921e-18
17671.60000	4.99638e-19	4.05446e-18
17673.20000	-1.39005e-17	3.36760e-18
17674.80000	4.50059e-19	1.39615e-18
17676.50000	6.60049e-19	6.20069e-19
17678.10000	8.62135e-19	4.34069e-19
17679.70000	-8.86552e-20	3.92442e-19
17681.40000	6.49893e-19	5.06456e-19
17683.00000	9.50159e-19	7.83134e-19
17684.60000	-1.93957e-19	9.53981e-19
17686.20000	-4.82867e-19	9.92188e-19
17687.90000	-6.23871e-19	9.77428e-19
17689.50000	-1.60290e-19	8.91140e-19
17691.10000	3.39759e-19	7.78056e-19
17692.80000	2.29595e-19	6.19482e-19
17694.40000	1.12872e-18	7.83932e-19
17696.00000	1.60007e-18	1.49485e-18
17697.60000	4.13816e-19	2.06788e-18
17699.30000	1.87709e-18	2.02150e-18
17700.90000	-5.50064e-18	1.38970e-18
17702.50000	6.88059e-19	6.28180e-19
17704.20000	2.60921e-19	3.95098e-19
17705.80000	5.58209e-19	3.50202e-19
17707.40000	1.35961e-19	3.33207e-19
17709.10000	4.25528e-20	3.44243e-19
17710.70000	4.02366e-19	3.74878e-19
17712.30000	-7.86923e-20	3.78788e-19
17713.90000	9.50079e-20	3.42979e-19
17715.60000	4.91518e-19	3.27922e-19
17717.20000	-1.51465e-19	3.33754e-19
17718.80000	-4.80330e-20	3.34451e-19
17720.50000	2.65260e-19	3.82271e-19
17722.10000	2.91666e-19	5.00199e-19
17723.70000	4.63947e-19	5.59673e-19
17725.30000	7.08291e-19	5.47426e-19
17727.00000	4.60866e-19	4.53668e-19
17728.60000	2.52256e-19	4.98316e-19
17730.20000	5.89573e-19	8.48748e-19
17731.90000	-9.58875e-19	1.03008e-18
17733.50000	-1.51657e-18	1.11359e-18
17735.10000	4.50332e-19	9.92633e-19
17736.70000	3.08127e-19	8.07851e-19
17738.40000	-2.89809e-19	4.93118e-19
17740.00000	1.24172e-19	3.83035e-19
17741.60000	-4.92616e-20	3.55849e-19
17743.30000	5.66795e-19	3.33241e-19
17744.90000	1.04394e-19	3.19096e-19
17746.50000	-2.21696e-19	3.18185e-19
17748.10000	-1.49803e-19	3.16977e-19
17749.80000	6.14082e-19	3.15787e-19
17751.40000	4.85700e-19	3.18790e-19
17753.00000	-6.50874e-21	3.27755e-19
17754.70000	1.93872e-19	3.29356e-19
17756.30000	1.81168e-19	3.22936e-19
17757.90000	2.10242e-19	3.22777e-19
17759.50000	-1.24894e-19	3.25483e-19
17761.20000	6.03188e-20	3.30697e-19
17762.80000	-6.49664e-20	3.33823e-19
17764.40000	-1.28494e-19	3.48220e-19
17766.10000	-1.92670e-19	4.04672e-19
17767.70000	2.67921e-19	4.31887e-19
17769.30000	2.82757e-20	4.70769e-19
17771.00000	-5.57990e-19	5.36069e-19
17772.60000	5.69646e-19	6.40296e-19
17774.20000	7.63785e-20	6.51341e-19
17775.80000	-3.49072e-19	6.63174e-19
17777.50000	6.66145e-19	7.30204e-19
17779.10000	4.85265e-19	7.56268e-19
17780.70000	3.04819e-19	6.28173e-19
17782.40000	6.85033e-21	4.62927e-19
17784.00000	-3.44991e-19	4.60028e-19
17785.60000	-6.26770e-19	5.27016e-19
17787.20000	-2.25062e-19	5.10790e-19
17788.90000	-3.68875e-19	3.94991e-19
17790.50000	-2.26830e-19	3.46922e-19
17792.10000	-3.56559e-19	3.31919e-19
17793.80000	-7.89695e-20	3.22783e-19
17795.40000	3.92452e-19	3.20430e-19
17797.00000	9.90993e-20	3.19686e-19
17798.60000	-3.47932e-19	3.24080e-19
17800.30000	-6.35091e-20	3.31933e-19
17801.90000	3.62541e-19	3.41654e-19
17803.50000	-1.93704e-19	3.51324e-19
17805.20000	3.19320e-19	3.73444e-19
17806.80000	-8.70882e-19	4.89380e-19
17808.40000	2.34066e-19	1.18096e-18
17810.00000	1.20361e-18	2.87739e-18
17811.70000	3.63796e-18	3.33384e-18
17813.30000	6.69222e-18	2.41048e-18
17814.90000	-8.98126e-19	8.91463e-19
17816.60000	-5.76733e-20	5.82935e-19
17818.20000	6.36099e-19	6.15592e-19
17819.80000	5.46424e-19	6.33131e-19
17821.40000	2.65578e-19	6.17091e-19
17823.10000	-2.05684e-19	5.77995e-19
17824.70000	-4.87213e-19	5.53376e-19
17826.30000	-2.60478e-19	5.22163e-19
17828.00000	7.62056e-19	7.00007e-19
17829.60000	1.66658e-18	9.16366e-19
17831.20000	2.98250e-19	9.10718e-19
17832.90000	-2.18244e-19	7.52079e-19
17834.50000	2.70475e-19	6.61507e-19
17836.10000	-6.85585e-19	5.93776e-19
17837.70000	2.80778e-19	4.64897e-19
17839.40000	2.07656e-19	3.69520e-19
17841.00000	-6.99207e-19	3.91577e-19
17842.60000	-3.36997e-19	4.86020e-19
17844.30000	-8.72329e-20	5.41114e-19
17845.90000	-1.61981e-19	5.50783e-19
17847.50000	-7.17480e-19	5.50149e-19
17849.10000	-2.78892e-20	7.74399e-19
17850.80000	-2.61193e-19	9.61640e-19
17852.40000	5.53020e-20	9.37884e-19
17854.00000	-3.09499e-19	7.96777e-19
17855.70000	-6.58194e-19	6.44884e-19
17857.30000	-2.10607e-19	5.00001e-19
17858.90000	-5.91210e-19	4.72073e-19
17860.50000	5.15460e-19	4.75804e-19
17862.20000	7.21888e-20	4.41911e-19
17863.80000	-2.50400e-19	4.12668e-19
17865.40000	6.67818e-19	3.91693e-19
17867.10000	5.89564e-19	4.15604e-19
17868.70000	1.29210e-19	4.60047e-19
17870.30000	-6.80546e-20	4.54509e-19
17871.90000	-1.60529e-19	4.56057e-19
17873.60000	8.31637e-19	4.99610e-19
17875.20000	-1.66693e-18	6.48600e-19
17876.80000	5.92216e-18	1.56855e-18
17878.50000	4.33850e-18	4.67485e-18
17880.10000	1.57282e-17	6.24875e-18
17881.70000	6.33339e-17	5.83249e-18
17883.30000	2.05512e-17	2.25628e-18
17885.00000	-2.77621e-18	8.47714e-19
17886.60000	8.97108e-19	5.84573e-19
17888.20000	-2.60307e-19	4.78028e-19
17889.90000	3.30307e-19	4.06708e-19
17891.50000	2.55835e-19	3.82983e-19
17893.10000	-1.24106e-19	3.81146e-19
17894.80000	1.26058e-19	4.13999e-19
17896.40000	-5.71199e-21	4.14849e-19
17898.00000	7.87562e-19	4.01515e-19
17899.60000	5.20241e-19	3.95591e-19
17901.30000	1.67025e-19	3.84656e-19
17902.90000	3.73043e-20	3.75199e-19
17904.50000	-1.19280e-19	3.70214e-19
17906.20000	-3.12995e-19	3.65229e-19
17907.80000	1.22923e-20	3.61697e-19
17909.40000	1.03473e-19	3.61745e-19
17911.00000	2.38919e-19	3.68369e-19
17912.70000	5.36727e-20	3.68401e-19
17914.30000	4.48621e-19	3.70724e-19
17915.90000	-1.95723e-19	3.73046e-19
17917.60000	-2.99323e-19	4.14479e-19
17919.20000	1.52750e-20	4.65807e-19
17920.80000	4.43208e-19	4.78229e-19
17922.40000	7.46190e-19	4.04339e-19
17924.10000	3.51512e-19	3.74853e-19
17925.70000	-4.46893e-19	3.78807e-19
17927.30000	-3.65405e-19	3.89324e-19
17929.00000	3.36367e-19	4.07618e-19
17930.60000	3.95449e-19	5.36928e-19
17932.20000	-6.50022e-19	1.23752e-18
17933.80000	-3.45175e-20	2.31212e-18
17935.50000	-3.71848e-18	2.24218e-18
17937.10000	-1.61540e-18	1.41969e-18
17938.70000	1.69258e-19	6.05987e-19
17940.40000	-2.31178e-19	4.68257e-19
17942.00000	-4.03972e-19	4.30022e-19
17943.60000	-2.04556e-20	4.22729e-19
17945.20000	-2.11742e-19	4.25672e-19
17946.90000	4.42046e-19	4.21905e-19
17948.50000	-1.21168e-19	4.06713e-19
17950.10000	-2.68899e-19	4.07192e-19
17951.80000	-5.92949e-20	4.19620e-19
17953.40000	5.49234e-19	4.26890e-19
17955.00000	1.42716e-19	4.36039e-19
17956.70000	-2.12319e-20	4.30000e-19
17958.30000	-5.97358e-19	4.20877e-19
17959.90000	4.43738e-20	4.01084e-19
17961.50000	-2.36551e-19	3.96627e-19
17963.20000	1.46171e-19	3.95525e-19
17964.80000	4.86790e-21	4.03657e-19
17966.40000	2.86656e-19	4.18533e-19
17968.10000	-4.61623e-19	4.44452e-19
17969.70000	-5.98456e-19	4.45994e-19
17971.30000	-1.94250e-19	4.61097e-19
17972.90000	4.92166e-19	4.86647e-19
17974.60000	-4.15394e-19	4.93080e-19
17976.20000	-1.52557e-19	4.72034e-19
17977.80000	6.37192e-19	4.63614e-19
17979.50000	2.19502e-19	4.49944e-19
17981.10000	-2.91887e-19	4.44102e-19
17982.70000	-3.96098e-19	4.56610e-19
17984.30000	-2.60826e-19	5.04062e-19
17986.00000	-1.06519e-18	5.71251e-19
17987.60000	5.62497e-19	6.47791e-19
17989.20000	-1.47574e-18	9.89688e-19
17990.90000	-9.53466e-20	2.69428e-18
17992.50000	-1.14245e-17	6.41694e-18
17994.10000	1.49870e-18	7.61623e-18
17995.70000	1.49323e-17	6.07688e-18
17997.40000	3.17687e-18	2.29277e-18
17999.00000	-5.28490e-19	1.00645e-18
18000.60000	-2.10995e-19	7.51836e-19
18002.30000	2.08288e-19	6.51072e-19
18003.90000	-7.07464e-19	5.95129e-19
18005.50000	5.92711e-19	5.68596e-19
18007.20000	-2.95066e-19	5.87022e-19
18008.80000	4.24185e-19	6.57978e-19
18010.40000	-8.20548e-19	7.37272e-19
18012.00000	-6.19711e-19	7.83838e-19
18013.70000	-5.13436e-19	8.52713e-19
18015.30000	2.51511e-19	8.93109e-19
18016.90000	-4.41485e-19	8.76710e-19
18018.60000	-4.68005e-20	8.63410e-19
18020.20000	2.45117e-19	8.22337e-19
18021.80000	-8.52555e-19	7.19443e-19
18023.40000	-1.87010e-18	8.04400e-19
18025.10000	-2.18479e-18	1.07070e-18
18026.70000	1.80766e-19	1.23783e-18
18028.30000	7.14770e-19	1.19678e-18
18030.00000	-6.78998e-19	1.16979e-18
18031.60000	-1.78712e-19	1.09983e-18
18033.20000	-4.25830e-19	1.06340e-18
18034.80000	-6.99316e-20	8.81179e-19
18036.50000	4.86150e-19	7.96500e-19
18038.10000	-3.71225e-20	7.38007e-19
18039.70000	-1.44363e-18	8.46098e-20
18041.40000	5.22358e-19	9.05170e-20
18043.00000	2.33572e-19	1.23204e-19
