#macsj0717_zall_1_bright.J.1127.fc.1d.esc.txt
#Wavelength in (A) | Flux (erg/sec/cm2/A)| Flux Error
11530.00000	3.48607e-19	1.28033e-18
11531.30000	-5.68553e-19	1.22581e-18
11532.60000	5.53729e-20	1.29075e-18
11533.90000	-5.37823e-19	1.40396e-18
11535.20000	-4.15475e-18	2.11127e-18
11536.50000	-2.71930e-18	4.66117e-18
11537.80000	-3.44415e-18	8.63323e-18
11539.10000	-7.14331e-19	9.24142e-18
11540.40000	5.10712e-18	6.98741e-18
11541.70000	2.87974e-18	3.75067e-18
11543.00000	-3.30937e-19	1.77498e-18
11544.30000	-5.46290e-20	1.41986e-18
11545.60000	-6.48964e-19	1.33990e-18
11546.90000	-1.25096e-18	1.28771e-18
11548.20000	8.50677e-19	1.16090e-18
11549.50000	1.59470e-18	1.07224e-18
11550.90000	1.02778e-18	1.02886e-18
11552.20000	6.45188e-19	1.02962e-18
11553.50000	-1.67534e-18	1.06366e-18
11554.80000	-7.94531e-19	1.10495e-18
11556.10000	1.16182e-18	1.13737e-18
11557.40000	4.68522e-19	1.12457e-18
11558.70000	-3.90798e-19	1.09312e-18
11560.00000	-1.55474e-20	1.10544e-18
11561.30000	8.27753e-19	1.28520e-18
11562.60000	2.37343e-18	2.10564e-18
11563.90000	2.35831e-18	4.51236e-18
11565.20000	-2.85830e-18	5.31136e-18
11566.50000	-3.70843e-18	4.67851e-18
11567.80000	1.15600e-18	2.93446e-18
11569.10000	2.81989e-18	1.64711e-18
11570.40000	1.68388e-18	1.21770e-18
11571.70000	6.72770e-19	1.08560e-18
11573.00000	1.01790e-18	1.11308e-18
11574.30000	4.68823e-19	1.26827e-18
11575.60000	-1.49700e-18	1.43675e-18
11576.90000	-1.62207e-18	1.50332e-18
11578.20000	-6.02441e-19	1.39509e-18
11579.50000	-1.02236e-19	1.24601e-18
11580.80000	1.24216e-20	1.09831e-18
11582.10000	5.02074e-19	9.95007e-19
11583.40000	-3.58124e-19	1.01972e-18
11584.70000	-1.65137e-18	1.09789e-18
11586.00000	-2.61824e-18	1.25780e-18
11587.30000	-2.20496e-18	1.56162e-18
11588.60000	1.13709e-18	2.66556e-18
11589.90000	7.59743e-18	7.09045e-18
11591.20000	1.13820e-17	9.09437e-18
11592.60000	2.98689e-18	8.46678e-18
11593.90000	-3.38585e-18	5.54023e-18
11595.20000	-5.33301e-19	2.23146e-18
11596.50000	-3.97577e-20	1.22182e-18
11597.80000	1.10083e-18	9.69842e-19
11599.10000	-4.58210e-19	8.81660e-19
11600.40000	4.97855e-19	8.62064e-19
11601.70000	2.81386e-19	8.69034e-19
11603.00000	-7.70240e-19	8.48644e-19
11604.30000	-4.40613e-19	8.57696e-19
11605.60000	1.06406e-18	8.67170e-19
11606.90000	7.88301e-19	9.48164e-19
11608.20000	-3.13191e-19	1.16175e-18
11609.50000	9.90392e-19	1.32610e-18
11610.80000	1.19327e-18	1.31507e-18
11612.10000	-5.39291e-19	1.12202e-18
11613.40000	1.17779e-19	8.72014e-19
11614.70000	-2.43704e-18	7.66419e-19
11616.00000	-1.17595e-18	7.96765e-19
11617.30000	-3.82328e-20	8.81385e-19
11618.60000	9.27625e-20	8.89232e-19
11619.90000	-2.07355e-19	8.94947e-19
11621.20000	6.96631e-20	8.95381e-19
11622.50000	-1.02172e-18	9.62623e-19
11623.80000	2.80495e-18	1.18340e-18
11625.10000	-1.03712e-18	2.33234e-18
11626.40000	1.61768e-18	4.20403e-18
11627.70000	5.25094e-18	4.72672e-18
11629.00000	5.42848e-18	4.15178e-18
11630.30000	-1.41755e-18	2.45972e-18
11631.60000	1.56012e-18	1.30910e-18
11633.00000	-1.18881e-18	9.00857e-19
11634.30000	2.26906e-19	9.27885e-19
11635.60000	-1.13327e-18	9.40306e-19
11636.90000	-1.53702e-18	9.63517e-19
11638.20000	-2.18671e-18	1.00540e-18
11639.50000	1.07196e-18	1.02280e-18
11640.80000	-1.54185e-19	1.01596e-18
11642.10000	1.33550e-19	1.00275e-18
11643.40000	-7.59211e-20	9.60821e-19
11644.70000	-7.85281e-19	8.61069e-19
11646.00000	1.13050e-18	9.40471e-19
11647.30000	-1.82862e-18	1.65716e-18
11648.60000	-1.58490e-18	4.66569e-18
11649.90000	-1.12296e-18	6.65905e-18
11651.20000	-2.12819e-18	7.43630e-18
11652.50000	3.45016e-18	5.38637e-18
11653.80000	-3.93875e-18	2.79590e-18
11655.10000	-4.54838e-19	1.13935e-18
11656.40000	4.36576e-19	8.75224e-19
11657.70000	-1.74269e-18	8.90391e-19
11659.00000	2.69318e-19	9.59208e-19
11660.30000	-2.06906e-19	9.91429e-19
11661.60000	-1.58623e-18	9.63886e-19
11662.90000	-4.48010e-19	9.32441e-19
11664.20000	3.57417e-19	8.57796e-19
11665.50000	1.23882e-18	7.85787e-19
11666.80000	-1.53668e-18	7.35048e-19
11668.10000	6.95113e-19	7.26452e-19
11669.40000	-7.74206e-19	8.32050e-19
11670.70000	-1.03954e-18	9.23851e-19
11672.00000	7.78215e-19	1.03773e-18
11673.30000	-1.24082e-18	1.04218e-18
11674.70000	-4.16087e-19	9.76696e-19
11676.00000	2.83920e-19	9.20465e-19
11677.30000	-5.04029e-19	1.00103e-18
11678.60000	-1.47784e-18	1.10345e-18
11679.90000	-1.58984e-18	1.20776e-18
11681.20000	8.71151e-20	1.51824e-18
11682.50000	-8.06919e-19	1.55104e-18
11683.80000	3.91385e-19	1.34432e-18
11685.10000	-9.18016e-19	1.03178e-18
11686.40000	8.45591e-19	7.78645e-19
11687.70000	7.46882e-19	6.99758e-19
11689.00000	-5.39612e-19	6.83023e-19
11690.30000	3.78605e-19	7.00527e-19
11691.60000	-8.37627e-19	7.89803e-19
11692.90000	-7.54075e-19	1.08142e-18
11694.20000	-2.86397e-19	2.13214e-18
11695.50000	1.69907e-19	3.22534e-18
11696.80000	-1.92716e-18	3.42333e-18
11698.10000	-1.35734e-19	2.69059e-18
11699.40000	-8.43384e-19	1.46090e-18
11700.70000	-5.97405e-19	8.37544e-19
11702.00000	-2.32918e-19	7.31941e-19
11703.30000	-4.81279e-19	6.94805e-19
11704.60000	-3.24219e-19	7.03176e-19
11705.90000	-6.93883e-19	6.97648e-19
11707.20000	-4.71475e-19	7.11022e-19
11708.50000	4.56846e-19	7.53303e-19
11709.80000	-3.83667e-19	8.40352e-19
11711.10000	-5.19705e-19	9.49222e-19
11712.40000	5.62547e-20	1.40733e-18
11713.70000	-2.30408e-18	2.75659e-18
11715.00000	-6.25558e-19	4.43989e-18
11716.40000	2.51486e-18	5.02889e-18
11717.70000	1.20087e-18	4.04556e-18
11719.00000	-1.19196e-18	2.25612e-18
11720.30000	-1.80642e-18	1.00384e-18
11721.60000	1.70066e-18	7.83344e-19
11722.90000	1.41527e-18	7.35520e-19
11724.20000	-6.59443e-20	7.37791e-19
11725.50000	-6.58280e-19	7.65232e-19
11726.80000	-2.64493e-19	8.26398e-19
11728.10000	5.16145e-19	8.60559e-19
11729.40000	-1.76875e-19	8.57597e-19
11730.70000	-8.27756e-19	8.35517e-19
11732.00000	4.95252e-19	8.13096e-19
11733.30000	2.38054e-19	7.53332e-19
11734.60000	3.06932e-19	7.44792e-19
11735.90000	4.74397e-19	7.67564e-19
11737.20000	2.60667e-19	7.97937e-19
11738.50000	-1.61496e-18	8.92713e-19
11739.80000	-1.85024e-18	9.43133e-19
11741.10000	-1.63755e-18	1.07584e-18
11742.40000	-2.64752e-19	9.46533e-19
11743.70000	6.58091e-19	8.04868e-19
11745.00000	3.84772e-19	7.42745e-19
11746.30000	1.51401e-19	7.30656e-19
11747.60000	1.03881e-18	7.20403e-19
11748.90000	-1.28777e-19	6.92632e-19
11750.20000	-8.89426e-19	6.86905e-19
11751.50000	-1.65925e-19	7.07223e-19
11752.80000	4.01484e-20	7.15040e-19
11754.10000	-1.56787e-19	7.55787e-19
11755.40000	-5.72958e-19	8.87594e-19
11756.80000	7.65201e-20	1.02932e-18
11758.10000	-2.67163e-19	1.04926e-18
11759.40000	-2.96871e-19	9.23189e-19
11760.70000	-8.95613e-19	7.99729e-19
11762.00000	-6.07967e-19	7.31940e-19
11763.30000	3.12469e-19	7.00324e-19
11764.60000	3.23837e-19	6.95601e-19
11765.90000	-8.04965e-19	7.09059e-19
11767.20000	3.86027e-19	8.77276e-19
11768.50000	6.65419e-19	1.43299e-18
11769.80000	1.29153e-18	2.18870e-18
11771.10000	1.19623e-18	2.44276e-18
11772.40000	7.71842e-19	2.00759e-18
11773.70000	6.67617e-19	1.31512e-18
11775.00000	7.42482e-20	9.15382e-19
11776.30000	2.61810e-19	7.89305e-19
11777.60000	3.11167e-19	7.83958e-19
11778.90000	-1.52709e-19	8.46733e-19
11780.20000	-4.20704e-19	8.92358e-19
11781.50000	-5.80414e-19	9.61011e-19
11782.80000	-1.08940e-18	1.02131e-18
11784.10000	-9.10093e-19	1.22728e-18
11785.40000	2.27689e-18	1.87014e-18
11786.70000	8.44736e-19	2.90420e-18
11788.00000	-1.77382e-18	3.30083e-18
11789.30000	-2.11402e-18	2.86858e-18
11790.60000	-2.49573e-18	1.88996e-18
11791.90000	-1.37274e-18	1.27804e-18
11793.20000	5.62066e-21	1.01438e-18
11794.50000	2.91188e-20	8.81372e-19
11795.80000	-5.19616e-19	7.96827e-19
11797.10000	-7.78151e-20	7.63029e-19
11798.50000	-1.60777e-19	7.26567e-19
11799.80000	-1.58112e-19	7.47370e-19
11801.10000	7.74764e-19	7.81231e-19
11802.40000	5.11093e-19	7.97959e-19
11803.70000	1.28781e-18	8.93912e-19
11805.00000	7.17933e-20	9.46676e-19
11806.30000	3.76509e-19	9.70405e-19
11807.60000	1.22586e-18	9.58477e-19
11808.90000	2.00696e-19	9.45778e-19
11810.20000	-4.15083e-19	9.20867e-19
11811.50000	-6.72289e-19	8.53600e-19
11812.80000	-7.75277e-19	7.75595e-19
11814.10000	1.25454e-18	6.83637e-19
11815.40000	9.82345e-19	6.54804e-19
11816.70000	-4.25201e-19	6.46932e-19
11818.00000	-5.13120e-20	6.56793e-19
11819.30000	6.15578e-19	6.66738e-19
11820.60000	1.19617e-18	6.67826e-19
11821.90000	3.11399e-19	6.54256e-19
11823.20000	-9.60039e-19	6.80790e-19
11824.50000	-4.85898e-19	7.29545e-19
11825.80000	3.81990e-19	7.62169e-19
11827.10000	-2.54636e-20	7.62937e-19
11828.40000	3.80227e-19	7.68550e-19
11829.70000	-3.10132e-20	7.41430e-19
11831.00000	4.25459e-19	7.54639e-19
11832.30000	2.39567e-19	7.80793e-19
11833.60000	-2.07604e-19	7.43541e-19
11834.90000	1.53546e-19	7.33435e-19
11836.20000	1.17584e-18	6.96659e-19
11837.50000	3.09360e-19	7.16182e-19
11838.90000	2.79982e-20	7.15124e-19
11840.20000	-4.08125e-19	6.86681e-19
11841.50000	5.28375e-19	6.60360e-19
11842.80000	-2.50966e-19	6.51869e-19
11844.10000	2.64057e-19	6.44490e-19
11845.40000	5.89203e-19	6.43024e-19
11846.70000	1.54978e-19	6.89815e-19
11848.00000	5.43408e-19	7.95683e-19
11849.30000	1.84751e-18	1.22072e-18
11850.60000	5.05888e-19	1.60097e-18
11851.90000	-2.85097e-19	1.69600e-18
11853.20000	3.98814e-20	1.47107e-18
11854.50000	1.13636e-18	9.22614e-19
11855.80000	1.40351e-18	7.09901e-19
11857.10000	1.06282e-18	6.63807e-19
11858.40000	-6.01563e-19	6.43683e-19
11859.70000	5.25168e-19	6.42492e-19
11861.00000	1.48211e-19	6.50285e-19
11862.30000	-3.31104e-19	7.25619e-19
11863.60000	-8.24385e-19	1.10244e-18
11864.90000	-2.09323e-18	1.67099e-18
11866.20000	-8.92741e-19	1.97394e-18
11867.50000	3.00884e-19	1.84944e-18
11868.80000	7.54281e-19	1.42033e-18
11870.10000	1.26997e-18	1.06905e-18
11871.40000	1.46214e-18	9.64500e-19
11872.70000	3.17441e-19	9.42086e-19
11874.00000	3.49320e-19	8.94712e-19
11875.30000	3.63241e-19	7.69444e-19
11876.60000	1.13963e-18	7.02380e-19
11877.90000	5.10447e-19	6.58730e-19
11879.20000	-3.65360e-19	6.52642e-19
11880.60000	3.39893e-19	6.38670e-19
11881.90000	3.29741e-19	6.45133e-19
11883.20000	-9.54391e-19	6.56086e-19
11884.50000	-3.06226e-19	7.11277e-19
11885.80000	5.71624e-19	8.11659e-19
11887.10000	9.18362e-19	9.02028e-19
11888.40000	2.49960e-19	9.02514e-19
11889.70000	-4.28672e-19	7.63349e-19
11891.00000	-3.22927e-19	6.89843e-19
11892.30000	9.88172e-20	6.58617e-19
11893.60000	7.47674e-19	6.59369e-19
11894.90000	-2.02543e-19	6.50889e-19
11896.20000	-1.63329e-18	6.50238e-19
11897.50000	1.01844e-18	7.29390e-19
11898.80000	-3.30410e-19	9.37490e-19
11900.10000	-2.98879e-19	9.98927e-19
11901.40000	2.63517e-19	9.80393e-19
11902.70000	4.14535e-19	9.10013e-19
11904.00000	-8.41734e-19	8.70029e-19
11905.30000	8.51342e-19	8.51890e-19
11906.60000	-4.97668e-19	8.79610e-19
11907.90000	6.66831e-19	9.11978e-19
11909.20000	5.39807e-19	8.64667e-19
11910.50000	2.64118e-18	8.34345e-19
11911.80000	-1.50001e-19	7.69151e-19
11913.10000	5.30355e-19	7.48520e-19
11914.40000	-2.36760e-19	7.78303e-19
11915.70000	7.15293e-19	8.24139e-19
11917.00000	-5.19201e-19	8.64376e-19
11918.30000	-2.51687e-19	8.26754e-19
11919.60000	-3.13676e-19	8.02972e-19
11921.00000	1.15912e-18	7.75188e-19
11922.30000	-5.19280e-19	7.05168e-19
11923.60000	-6.03618e-19	6.33492e-19
11924.90000	-2.69743e-19	6.07330e-19
11926.20000	1.61425e-18	6.13529e-19
11927.50000	-1.82973e-18	6.56112e-19
11928.80000	1.03995e-18	6.55383e-19
11930.10000	-8.25222e-19	5.88896e-19
11931.40000	-3.50181e-19	6.30851e-19
11932.70000	3.26814e-19	7.50860e-19
11934.00000	-1.29360e-18	8.27895e-19
11935.30000	-1.21970e-19	8.96398e-19
11936.60000	1.71406e-18	1.07906e-18
11937.90000	4.23867e-19	1.20551e-18
11939.20000	-1.45982e-18	1.26971e-18
11940.50000	4.28360e-19	9.31109e-19
11941.80000	1.25756e-18	6.87111e-19
11943.10000	-3.83862e-19	6.26210e-19
11944.40000	-2.90611e-19	6.11212e-19
11945.70000	-1.73938e-18	5.97577e-19
11947.00000	8.17912e-19	6.22873e-19
11948.30000	-4.54142e-19	7.80525e-19
11949.60000	-2.14443e-19	1.09043e-18
11950.90000	-9.97081e-19	1.34940e-18
11952.20000	9.82596e-19	1.38872e-18
11953.50000	2.31572e-19	1.16077e-18
11954.80000	1.59228e-18	8.60442e-19
11956.10000	-4.50709e-19	7.14819e-19
11957.40000	1.27091e-18	6.99370e-19
11958.70000	-2.22249e-19	7.31405e-19
11960.00000	-2.87868e-20	7.29379e-19
11961.30000	-9.15027e-19	6.91130e-19
11962.70000	-2.52174e-20	6.42347e-19
11964.00000	-1.96947e-18	6.46075e-19
11965.30000	-4.68726e-19	9.28053e-19
11966.60000	3.05998e-18	1.58645e-18
11967.90000	2.13152e-18	2.08394e-18
11969.20000	2.77891e-19	2.33798e-18
11970.50000	-5.68934e-19	2.06301e-18
11971.80000	-1.12538e-18	2.05877e-18
11973.10000	3.27867e-18	2.44696e-18
11974.40000	4.01316e-18	2.96214e-18
11975.70000	4.49697e-19	2.93286e-18
11977.00000	9.79282e-19	2.41248e-18
11978.30000	6.87853e-19	1.53909e-18
11979.60000	2.68060e-19	9.52358e-19
11980.90000	1.00858e-18	1.35392e-18
11982.20000	-1.85049e-18	1.88665e-18
11983.50000	-1.22341e-18	2.18984e-18
11984.80000	-2.61917e-19	2.10652e-18
11986.10000	1.11840e-18	2.67562e-18
11987.40000	-2.93567e-18	3.62613e-18
11988.70000	-4.62048e-19	3.87819e-18
11990.00000	-3.02076e-18	3.29314e-18
11991.30000	7.80304e-19	1.89931e-18
11992.60000	-5.03642e-20	8.06469e-19
11993.90000	-9.06505e-19	6.57991e-19
11995.20000	-1.94432e-18	6.44424e-19
11996.50000	1.04155e-18	8.24516e-19
11997.80000	-3.25810e-19	1.68509e-18
11999.10000	-7.98218e-19	2.58110e-18
12000.40000	-2.28299e-18	2.87234e-18
12001.70000	-7.15254e-19	2.43934e-18
12003.10000	-1.07203e-18	1.84780e-18
12004.40000	-3.15810e-18	2.69758e-18
12005.70000	-3.70735e-18	4.20694e-18
12007.00000	-5.41209e-18	4.89425e-18
12008.30000	-3.34923e-18	4.37385e-18
12009.60000	-1.88543e-19	2.65024e-18
12010.90000	9.81891e-20	9.61248e-19
12012.20000	1.83153e-19	7.40873e-19
12013.50000	-9.66943e-19	7.47743e-19
12014.80000	-3.87444e-19	7.56528e-19
12016.10000	-1.02931e-18	6.92997e-19
12017.40000	1.17630e-19	6.36256e-19
12018.70000	-5.40445e-19	6.39707e-19
12020.00000	-4.28112e-19	7.30242e-19
12021.30000	-1.29831e-20	1.31803e-18
12022.60000	-1.23397e-18	2.48170e-18
12023.90000	-2.30158e-18	3.23995e-18
12025.20000	-1.25138e-20	3.23513e-18
12026.50000	-6.53288e-20	2.40085e-18
12027.80000	2.32010e-18	2.57408e-18
12029.10000	-3.54728e-18	3.95964e-18
12030.40000	-4.98165e-18	5.08941e-18
12031.70000	8.73843e-18	4.96621e-18
12033.00000	3.42379e-18	3.36715e-18
12034.30000	7.66151e-19	1.45802e-18
12035.60000	4.73911e-20	8.48404e-19
12036.90000	7.85870e-19	6.99567e-19
12038.20000	1.35815e-18	6.49341e-19
12039.50000	-1.19305e-19	6.72120e-19
12040.80000	1.04969e-18	8.17135e-19
12042.10000	-1.27393e-18	1.00908e-18
12043.40000	4.35790e-19	1.11964e-18
12044.80000	-9.17753e-19	1.07896e-18
12046.10000	-8.04582e-19	8.55114e-19
12047.40000	-1.41421e-18	6.45533e-19
12048.70000	-2.22704e-19	5.67966e-19
12050.00000	-9.68496e-19	5.69813e-19
12051.30000	-7.61344e-19	6.26283e-19
12052.60000	1.26720e-19	1.00858e-18
12053.90000	3.37966e-20	2.10162e-18
12055.20000	-2.06748e-18	3.01392e-18
12056.50000	-2.12186e-18	3.19700e-18
12057.80000	-1.16350e-18	2.49914e-18
12059.10000	-3.39314e-18	1.53879e-18
12060.40000	4.50585e-19	1.10755e-18
12061.70000	-1.90294e-19	9.11207e-19
12063.00000	-2.32527e-19	8.18559e-19
12064.30000	8.26700e-19	7.83555e-19
12065.60000	-1.15978e-19	7.60341e-19
12066.90000	-4.60839e-20	7.48160e-19
12068.20000	-1.37304e-18	6.90682e-19
12069.50000	1.24264e-20	6.52293e-19
12070.80000	1.92992e-19	6.69434e-19
12072.10000	-4.73515e-19	7.11642e-19
12073.40000	2.27263e-19	7.00159e-19
12074.70000	-3.69651e-19	6.50026e-19
12076.00000	2.97204e-19	5.96702e-19
12077.30000	6.95462e-20	5.64109e-19
12078.60000	3.04186e-19	5.68517e-19
12079.90000	6.60866e-19	5.86671e-19
12081.20000	-2.12252e-19	6.49351e-19
12082.50000	-2.12332e-19	6.54175e-19
12083.80000	3.73169e-19	6.68310e-19
12085.20000	-7.60537e-19	5.96607e-19
12086.50000	-8.85540e-19	5.79357e-19
12087.80000	-1.36290e-19	6.08617e-19
12089.10000	6.40323e-19	6.23068e-19
12090.40000	4.76147e-19	6.13767e-19
12091.70000	-1.00444e-19	6.02782e-19
12093.00000	4.49373e-19	6.26461e-19
12094.30000	-1.65872e-19	7.20961e-19
12095.60000	7.72601e-19	8.60140e-19
12096.90000	1.08126e-18	9.29452e-19
12098.20000	6.14801e-19	8.70679e-19
12099.50000	1.68476e-19	7.26610e-19
12100.80000	-6.52475e-19	6.20666e-19
12102.10000	-4.62504e-19	6.09690e-19
12103.40000	-1.34742e-19	5.61803e-19
12104.70000	-3.01640e-19	5.92329e-19
12106.00000	-1.07053e-19	5.71742e-19
12107.30000	2.89730e-19	5.59302e-19
12108.60000	-4.40094e-19	5.71627e-19
12109.90000	-1.08514e-18	5.82128e-19
12111.20000	-1.44781e-19	5.91509e-19
12112.50000	3.87325e-19	5.98162e-19
12113.80000	-2.20782e-19	6.17638e-19
12115.10000	2.85245e-19	6.72669e-19
12116.40000	-1.84285e-19	8.21036e-19
12117.70000	1.54427e-19	1.33056e-18
12119.00000	1.37412e-18	2.73570e-18
12120.30000	4.11713e-18	4.98586e-18
12121.60000	4.05174e-18	7.46950e-18
12122.90000	1.18463e-17	7.76206e-18
12124.20000	9.35701e-18	6.07153e-18
12125.50000	1.63056e-18	2.71126e-18
12126.90000	-7.59325e-19	9.90774e-19
12128.20000	1.53466e-18	9.76414e-19
12129.50000	1.36909e-18	1.37482e-18
12130.80000	2.18714e-18	1.65247e-18
12132.10000	1.38221e-18	1.84852e-18
12133.40000	9.51782e-19	2.80359e-18
12134.70000	-6.47913e-19	4.56227e-18
12136.00000	3.67721e-18	4.74470e-18
12137.30000	4.59518e-19	3.89200e-18
12138.60000	1.07492e-18	2.14924e-18
12139.90000	1.62027e-18	1.15086e-18
12141.20000	2.68197e-19	1.07509e-18
12142.50000	7.96525e-19	1.17867e-18
12143.80000	5.59636e-20	1.15612e-18
12145.10000	-4.44160e-19	1.04610e-18
12146.40000	2.82826e-19	9.94829e-19
12147.70000	6.89428e-19	1.07021e-18
12149.00000	-1.78128e-19	1.10835e-18
12150.30000	-1.06321e-19	9.66389e-19
12151.60000	5.97319e-19	1.15085e-18
12152.90000	-1.49653e-18	1.87585e-18
12154.20000	-3.94564e-18	2.61804e-18
12155.50000	-2.76506e-18	2.65907e-18
12156.80000	-1.43790e-18	1.97247e-18
12158.10000	4.72713e-19	1.11195e-18
12159.40000	6.11485e-19	8.05561e-19
12160.70000	-3.41579e-19	7.57351e-19
12162.00000	8.25843e-19	7.70115e-19
12163.30000	4.04780e-19	7.53449e-19
12164.60000	-1.91695e-19	7.38473e-19
12165.90000	-1.72329e-19	7.19035e-19
12167.20000	-2.55599e-19	6.95017e-19
12168.60000	3.36888e-19	6.54139e-19
12169.90000	-5.23843e-19	7.05122e-19
12171.20000	9.33689e-20	8.22651e-19
12172.50000	-1.89812e-19	8.36524e-19
12173.80000	-7.73683e-19	8.06159e-19
12175.10000	-3.64145e-19	7.50611e-19
12176.40000	-6.24636e-19	8.25544e-19
12177.70000	-1.68065e-19	1.15758e-18
12179.00000	8.73638e-20	1.54089e-18
12180.30000	-1.28869e-18	1.77864e-18
12181.60000	-2.09478e-18	1.59706e-18
12182.90000	-8.37689e-19	9.54346e-19
12184.20000	2.12018e-20	6.46221e-19
12185.50000	-2.10454e-19	5.83396e-19
12186.80000	6.41020e-20	6.33293e-19
12188.10000	1.57920e-21	6.38930e-19
12189.40000	3.40418e-19	5.52734e-19
12190.70000	9.43000e-19	5.55595e-19
12192.00000	8.13399e-19	6.75719e-19
12193.30000	-8.28670e-19	1.16696e-18
12194.60000	-4.33288e-19	2.79260e-18
12195.90000	1.06388e-18	3.76355e-18
12197.20000	-1.65667e-18	3.42339e-18
12198.50000	3.48184e-19	2.23022e-18
12199.80000	1.48225e-18	8.70202e-19
12201.10000	1.26974e-18	6.19065e-19
12202.40000	7.78708e-19	6.00080e-19
12203.70000	1.99728e-19	6.13566e-19
12205.00000	2.94223e-19	5.92390e-19
12206.30000	-9.79570e-20	5.85514e-19
12207.60000	1.62119e-19	6.52934e-19
12209.00000	7.36076e-19	7.83352e-19
12210.30000	6.20589e-19	8.55818e-19
12211.60000	3.09748e-19	8.93004e-19
12212.90000	-3.21618e-19	8.48473e-19
12214.20000	-4.61131e-19	6.90016e-19
12215.50000	-4.34607e-19	5.79591e-19
12216.80000	-2.70438e-19	5.87824e-19
12218.10000	4.97184e-19	6.27013e-19
12219.40000	-1.18658e-20	6.53220e-19
12220.70000	-3.15898e-19	6.88309e-19
12222.00000	-4.89658e-19	7.06655e-19
12223.30000	7.52455e-19	7.06789e-19
12224.60000	-1.70068e-19	8.52575e-19
12225.90000	-3.46849e-20	1.45745e-18
12227.20000	3.04631e-18	4.14418e-18
12228.50000	1.51692e-18	6.51709e-18
12229.80000	1.80595e-18	6.90350e-18
12231.10000	1.94596e-18	4.77270e-18
12232.40000	1.46069e-19	1.63887e-18
12233.70000	-7.06938e-19	7.96554e-19
12235.00000	-6.38511e-19	6.47451e-19
12236.30000	-6.90401e-19	6.93148e-19
12237.60000	4.23462e-19	8.27514e-19
12238.90000	4.67818e-19	9.35570e-19
12240.20000	-4.02638e-19	9.29159e-19
12241.50000	-8.11053e-19	8.08450e-19
12242.80000	-6.29774e-19	7.02864e-19
12244.10000	-9.68894e-19	6.35185e-19
12245.40000	-1.20318e-18	6.60247e-19
12246.70000	-4.71117e-19	8.25904e-19
12248.00000	-3.67850e-20	9.70119e-19
12249.30000	1.81553e-19	1.00270e-18
12250.70000	-2.08263e-19	9.81242e-19
12252.00000	-2.92165e-20	8.32838e-19
12253.30000	1.64062e-19	8.29852e-19
12254.60000	-3.35736e-19	1.23326e-18
12255.90000	1.30740e-18	2.85186e-18
12257.20000	-1.89467e-18	4.14965e-18
12258.50000	-2.29998e-18	4.26691e-18
12259.80000	-7.88025e-19	2.71783e-18
12261.10000	-2.18379e-19	9.38383e-19
12262.40000	-8.27397e-19	6.02240e-19
12263.70000	-1.01547e-19	5.29702e-19
12265.00000	5.25921e-19	5.20671e-19
12266.30000	-5.58772e-19	5.15631e-19
12267.60000	-9.05602e-19	5.23004e-19
12268.90000	-1.36940e-19	5.31658e-19
12270.20000	-1.05428e-19	5.67806e-19
12271.50000	8.02328e-20	5.67447e-19
12272.80000	1.73279e-19	5.45255e-19
12274.10000	-6.47687e-20	5.16300e-19
12275.40000	5.68443e-19	5.00540e-19
12276.70000	1.00204e-18	5.04653e-19
12278.00000	7.31214e-19	5.18935e-19
12279.30000	3.45237e-19	5.44422e-19
12280.60000	1.35378e-18	6.08745e-19
12281.90000	1.15845e-18	7.41748e-19
12283.20000	1.82471e-18	1.14346e-18
12284.50000	1.79193e-18	3.14238e-18
12285.80000	-8.49856e-19	6.04249e-18
12287.10000	-2.13399e-18	6.71403e-18
12288.40000	1.50665e-20	5.35393e-18
12289.70000	-5.97396e-19	2.50888e-18
12291.10000	1.07252e-18	1.07129e-18
12292.40000	1.01982e-18	7.85123e-19
12293.70000	1.34229e-19	7.53373e-19
12295.00000	-3.78606e-19	7.81070e-19
12296.30000	-4.09794e-19	8.65078e-19
12297.60000	-6.85911e-19	9.47505e-19
12298.90000	-1.24344e-18	9.27353e-19
12300.20000	-6.70659e-19	8.40460e-19
12301.50000	4.35567e-19	7.86660e-19
12302.80000	1.02078e-18	7.70016e-19
12304.10000	1.09301e-19	7.24727e-19
12305.40000	-5.34432e-19	7.34222e-19
12306.70000	-1.02905e-18	7.31824e-19
12308.00000	-6.62752e-19	6.25654e-19
12309.30000	-7.13375e-19	6.00407e-19
12310.60000	-2.00346e-19	5.83728e-19
12311.90000	-2.35065e-19	6.96538e-19
12313.20000	6.96201e-19	8.25662e-19
12314.50000	1.12894e-18	9.17114e-19
12315.80000	8.99603e-19	8.77635e-19
12317.10000	1.14211e-19	6.68614e-19
12318.40000	-3.69624e-19	5.55449e-19
12319.70000	-1.05490e-19	5.05509e-19
12321.00000	-3.08117e-19	5.87230e-19
12322.30000	-1.26463e-18	8.59966e-19
12323.60000	-5.49981e-19	1.96947e-18
12324.90000	2.49573e-18	3.42003e-18
12326.20000	5.70183e-18	3.66939e-18
12327.50000	4.73158e-18	2.74563e-18
12328.80000	-1.33704e-19	1.19924e-18
12330.10000	1.66658e-19	6.97052e-19
12331.40000	-2.20699e-20	5.50505e-19
12332.80000	-3.08662e-20	5.38630e-19
12334.10000	6.80445e-19	5.51857e-19
12335.40000	3.31079e-19	5.48435e-19
12336.70000	-1.39290e-19	5.39802e-19
12338.00000	6.30814e-19	5.35817e-19
12339.30000	5.49743e-19	5.35750e-19
12340.60000	-9.03015e-20	5.31626e-19
12341.90000	-4.64759e-19	5.29519e-19
12343.20000	-3.81226e-19	5.28083e-19
12344.50000	2.73300e-20	5.42432e-19
12345.80000	6.42187e-19	5.83375e-19
12347.10000	-3.09578e-20	7.64111e-19
12348.40000	-2.36139e-18	1.45751e-18
12349.70000	-4.00075e-18	3.93316e-18
12351.00000	-3.05027e-18	5.58380e-18
12352.30000	-1.83629e-18	5.54535e-18
12353.60000	-8.09494e-19	3.69825e-18
12354.90000	-1.20276e-18	1.59646e-18
12356.20000	-6.77529e-19	1.01315e-18
12357.50000	5.08132e-19	7.12297e-19
12358.80000	3.42275e-20	6.08991e-19
12360.10000	1.06731e-19	7.22376e-19
12361.40000	9.36958e-19	9.40773e-19
12362.70000	8.80540e-19	9.15555e-19
12364.00000	1.32577e-18	8.84360e-19
12365.30000	6.35510e-19	8.40969e-19
12366.60000	-5.43873e-19	7.15695e-19
12367.90000	-1.08014e-18	6.04989e-19
12369.20000	-7.92885e-19	5.55247e-19
12370.50000	3.63409e-20	5.17814e-19
12371.80000	4.46226e-19	5.23974e-19
12373.20000	5.37781e-19	5.19441e-19
12374.50000	3.20853e-19	5.39211e-19
12375.80000	4.27110e-19	5.78881e-19
12377.10000	1.59755e-19	5.88364e-19
12378.40000	7.52814e-21	5.71317e-19
12379.70000	1.99217e-19	5.77145e-19
12381.00000	1.89921e-19	6.07942e-19
12382.30000	-7.01231e-19	6.15047e-19
12383.60000	-3.20289e-19	6.07537e-19
12384.90000	-3.78704e-19	6.04003e-19
12386.20000	-1.17199e-19	5.62121e-19
12387.50000	2.54493e-19	5.26543e-19
12388.80000	1.85783e-19	5.35894e-19
12390.10000	9.86888e-20	6.46358e-19
12391.40000	2.32156e-19	8.81862e-19
12392.70000	3.81102e-20	1.07309e-18
12394.00000	-5.93715e-19	1.05137e-18
12395.30000	-7.98387e-19	8.48514e-19
12396.60000	8.35530e-20	7.70189e-19
12397.90000	1.05966e-18	1.06270e-18
12399.20000	1.41159e-18	2.35239e-18
12400.50000	-1.55025e-18	3.04912e-18
12401.80000	-1.81843e-18	2.93311e-18
12403.10000	-2.12992e-20	1.67342e-18
12404.40000	4.61772e-19	7.56082e-19
12405.70000	6.01444e-19	5.80471e-19
12407.00000	-3.04510e-19	5.44973e-19
12408.30000	-1.59105e-19	5.52146e-19
12409.60000	2.16353e-19	5.33837e-19
12410.90000	7.30849e-19	5.42512e-19
12412.20000	9.18540e-20	5.29338e-19
12413.50000	1.98033e-19	5.26467e-19
12414.90000	9.54745e-19	5.63083e-19
12416.20000	4.29935e-19	5.36822e-19
12417.50000	7.50173e-20	5.79368e-19
12418.80000	-1.42654e-19	7.03163e-19
12420.10000	-1.46773e-18	1.12686e-18
12421.40000	-3.94558e-19	2.88338e-18
12422.70000	1.18183e-18	4.50987e-18
12424.00000	2.96931e-20	4.50169e-18
12425.30000	-1.80418e-19	2.92248e-18
12426.60000	-4.82095e-19	1.53450e-18
12427.90000	-3.77120e-19	1.04437e-18
12429.20000	-5.21358e-19	8.45353e-19
12430.50000	7.08938e-19	6.28560e-19
12431.80000	4.27064e-19	5.29208e-19
12433.10000	4.36666e-19	5.15730e-19
12434.40000	3.11595e-19	5.22891e-19
12435.70000	-2.56888e-20	5.29365e-19
12437.00000	-1.79186e-20	5.29830e-19
12438.30000	-9.18680e-20	5.24021e-19
12439.60000	-2.98075e-19	5.17885e-19
12440.90000	-4.36364e-19	5.11142e-19
12442.20000	-3.36158e-19	5.11173e-19
12443.50000	-9.37023e-20	5.03175e-19
12444.80000	4.45561e-19	5.27896e-19
12446.10000	7.93907e-19	6.27829e-19
12447.40000	7.12924e-19	7.37537e-19
12448.70000	-6.11704e-19	7.57444e-19
12450.00000	-2.30496e-19	7.73246e-19
12451.30000	-3.05741e-19	7.86435e-19
12452.60000	3.41224e-19	7.72999e-19
12453.90000	2.04686e-19	7.26919e-19
12455.30000	-6.89682e-19	6.81955e-19
12456.60000	-5.46131e-19	6.70533e-19
12457.90000	1.15665e-19	6.77195e-19
12459.20000	-1.84809e-19	6.28561e-19
12460.50000	4.95265e-19	5.73353e-19
12461.80000	2.47192e-19	5.57646e-19
12463.10000	-7.21873e-19	5.35646e-19
12464.40000	-9.78478e-19	5.41335e-19
12465.70000	-7.31597e-19	5.75530e-19
12467.00000	8.52009e-20	6.01083e-19
12468.30000	9.64342e-19	5.88346e-19
12469.60000	8.20972e-19	5.69695e-19
12470.90000	-5.26984e-19	5.95588e-19
12472.20000	-6.51461e-19	7.09621e-19
12473.50000	-2.23869e-19	8.67921e-19
12474.80000	-1.56300e-19	9.77992e-19
12476.10000	-1.77088e-19	9.94373e-19
12477.40000	-5.33025e-19	9.74679e-19
12478.70000	-5.23222e-19	9.41549e-19
12480.00000	-8.05435e-19	1.16832e-18
12481.30000	-8.76096e-19	1.86472e-18
12482.60000	-7.13700e-21	2.21849e-18
12483.90000	-3.26120e-18	2.00045e-18
12485.20000	-1.70965e-18	1.32735e-18
12486.50000	1.81424e-19	9.21050e-19
12487.80000	3.69444e-19	8.15341e-19
12489.10000	9.58602e-19	7.12767e-19
12490.40000	1.67284e-18	5.85946e-19
12491.70000	7.13224e-19	5.63667e-19
12493.00000	-1.12800e-19	6.32936e-19
12494.30000	2.06742e-19	6.63767e-19
12495.60000	7.87305e-20	7.54410e-19
12497.00000	-5.80666e-19	7.66322e-19
12498.30000	-1.01652e-18	8.42515e-19
12499.60000	1.00984e-18	1.22888e-18
12500.90000	2.48636e-18	2.28393e-18
12502.20000	8.78467e-19	2.82930e-18
12503.50000	7.56728e-19	2.58761e-18
12504.80000	1.54074e-18	1.61210e-18
12506.10000	-8.54388e-19	8.20719e-19
12507.40000	-8.79209e-19	6.67198e-19
12508.70000	-1.82756e-19	7.39917e-19
12510.00000	-1.11354e-19	9.04375e-19
12511.30000	-4.62381e-19	9.26465e-19
12512.60000	-6.19484e-19	8.36703e-19
12513.90000	-1.64077e-19	6.78857e-19
12515.20000	-7.60894e-19	6.17092e-19
12516.50000	-8.44815e-19	6.24950e-19
12517.80000	-4.23081e-19	6.00880e-19
12519.10000	7.49052e-19	5.67100e-19
12520.40000	3.39291e-19	5.51975e-19
12521.70000	4.05103e-19	5.61893e-19
12523.00000	6.58467e-19	6.47531e-19
12524.30000	-3.03056e-20	9.07766e-19
12525.60000	3.21281e-19	1.21135e-18
12526.90000	5.33961e-19	1.19346e-18
12528.20000	7.77790e-19	9.39850e-19
12529.50000	1.09837e-18	7.36732e-19
12530.80000	6.42959e-19	6.67582e-19
12532.10000	5.11896e-19	6.52729e-19
12533.40000	5.35079e-19	5.95578e-19
12534.70000	-1.92151e-19	5.55768e-19
12536.00000	5.71847e-20	5.69532e-19
12537.40000	-2.65991e-19	6.01423e-19
12538.70000	1.72067e-19	6.68183e-19
12540.00000	9.10913e-19	8.86987e-19
12541.30000	-1.21201e-19	1.19889e-18
12542.60000	2.74150e-19	1.24295e-18
12543.90000	3.10935e-19	1.00938e-18
12545.20000	8.51087e-20	7.43305e-19
12546.50000	4.50369e-19	6.74700e-19
12547.80000	1.34291e-19	7.15895e-19
12549.10000	-6.41572e-19	7.33933e-19
12550.40000	-9.62777e-19	7.21749e-19
12551.70000	-2.06862e-18	7.27487e-19
12553.00000	-6.82848e-19	7.29962e-19
12554.30000	5.92262e-19	7.38589e-19
12555.60000	3.22010e-20	8.82282e-19
12556.90000	-5.69259e-19	1.21333e-18
12558.20000	1.70154e-19	1.28960e-18
12559.50000	-1.59637e-19	1.10742e-18
12560.80000	-2.31884e-19	7.56347e-19
12562.10000	-3.77263e-19	6.03409e-19
12563.40000	-1.04962e-19	5.82966e-19
12564.70000	6.03734e-19	5.71834e-19
12566.00000	-3.97627e-19	5.89932e-19
12567.30000	-1.02581e-19	6.42394e-19
12568.60000	-6.31223e-20	8.24974e-19
12569.90000	3.19914e-19	1.33700e-18
12571.20000	4.22105e-19	1.72839e-18
12572.50000	3.59291e-19	1.81542e-18
12573.80000	5.89845e-19	1.61499e-18
12575.10000	3.13773e-19	1.36053e-18
12576.40000	9.87577e-19	1.03817e-18
12577.70000	4.71372e-20	7.94937e-19
12579.10000	-5.18689e-19	7.23127e-19
12580.40000	-2.67807e-19	7.15159e-19
12581.70000	1.16408e-19	6.85601e-19
12583.00000	1.02268e-18	6.98968e-19
12584.30000	2.66688e-19	7.43884e-19
12585.60000	-2.49993e-19	9.26911e-19
12586.90000	6.53743e-19	1.43211e-18
12588.20000	-7.58178e-19	2.05761e-18
12589.50000	-1.34346e-18	2.31101e-18
12590.80000	-5.71042e-19	2.02265e-18
12592.10000	-6.22537e-19	1.54708e-18
12593.40000	-6.88034e-19	1.17978e-18
12594.70000	-1.23336e-18	1.05247e-18
12596.00000	2.37304e-19	1.12194e-18
12597.30000	7.93351e-19	1.25126e-18
12598.60000	2.54869e-19	1.25095e-18
12599.90000	8.29783e-19	1.21797e-18
12601.20000	6.00762e-19	1.20529e-18
12602.50000	3.59251e-19	1.28470e-18
12603.80000	-1.53416e-18	1.42011e-18
12605.10000	-1.34367e-18	1.55139e-18
12606.40000	1.02897e-18	1.77957e-18
12607.70000	1.86695e-18	1.88393e-18
12609.00000	9.24598e-19	1.89772e-18
12610.30000	8.76408e-20	1.79049e-18
12611.60000	2.92605e-19	1.70545e-18
12612.90000	1.35004e-18	1.74421e-18
12614.20000	1.13338e-18	1.72201e-18
12615.50000	2.95542e-19	1.71712e-18
12616.80000	1.67530e-18	1.70788e-18
12618.10000	9.98814e-19	1.64147e-18
12619.50000	-1.21816e-18	1.61788e-18
12620.80000	-1.74221e-18	1.52744e-18
12622.10000	1.76359e-19	1.49935e-18
12623.40000	1.37926e-19	1.64393e-18
12624.70000	5.10488e-19	1.81706e-18
12626.00000	-1.15422e-18	1.97846e-18
12627.30000	-7.93528e-19	1.70777e-18
12628.60000	2.48964e-19	1.33678e-18
12629.90000	-6.59642e-20	1.21720e-18
12631.20000	-9.16724e-19	1.19526e-18
12632.50000	-5.93400e-19	1.21303e-18
12633.80000	1.31658e-18	1.25666e-18
12635.10000	9.47524e-20	1.23257e-18
12636.40000	1.22919e-19	1.13081e-18
12637.70000	1.46748e-18	1.07879e-18
12639.00000	-4.37852e-19	1.20422e-18
12640.30000	-3.78499e-19	1.43678e-18
12641.60000	1.34215e-18	1.66935e-18
12642.90000	-1.86863e-19	1.72397e-18
12644.20000	-1.50176e-18	1.47134e-18
12645.50000	-1.00467e-18	1.11657e-18
12646.80000	-1.27328e-19	1.02029e-18
12648.10000	-6.16985e-19	1.08859e-18
12649.40000	-7.32341e-19	1.11921e-18
12650.70000	-5.05873e-20	1.05545e-18
12652.00000	7.04157e-19	9.37451e-19
12653.30000	5.58049e-19	8.75515e-19
12654.60000	3.07048e-19	9.55320e-19
12655.90000	3.48231e-19	1.13971e-18
12657.20000	2.32322e-19	1.34320e-18
12658.50000	-3.83426e-19	1.75332e-18
12659.80000	2.86617e-19	1.95743e-18
12661.20000	1.19881e-18	1.80424e-18
12662.50000	1.45220e-18	1.59653e-18
12663.80000	1.00514e-18	1.51819e-18
12665.10000	3.78007e-19	1.68561e-18
12666.40000	-1.01047e-18	1.86114e-18
12667.70000	-6.24012e-19	1.73722e-18
12669.00000	2.68748e-20	1.44665e-18
12670.30000	3.65729e-19	1.15310e-18
12671.60000	3.28941e-19	1.22072e-18
12672.90000	1.82673e-18	1.75572e-18
12674.20000	2.52892e-18	2.12233e-18
12675.50000	1.83064e-18	2.04878e-18
12676.80000	9.12731e-19	1.46952e-18
12678.10000	-4.38514e-19	1.12314e-18
12679.40000	-6.63717e-19	1.07200e-18
12680.70000	-9.89228e-19	1.46290e-18
12682.00000	5.74646e-19	2.73469e-18
12683.30000	-2.59283e-18	4.18854e-18
12684.60000	4.23055e-18	5.18461e-18
12685.90000	9.58177e-18	5.47012e-18
12687.20000	2.76255e-18	5.38630e-18
12688.50000	-3.82357e-18	4.86451e-18
12689.80000	-1.00037e-18	4.17863e-18
12691.10000	9.38284e-19	3.99143e-18
12692.40000	6.82539e-19	3.67528e-18
12693.70000	2.44599e-18	3.44246e-18
12695.00000	1.21879e-19	3.43547e-18
12696.30000	-1.17267e-18	3.47034e-18
12697.60000	-9.64175e-19	3.44872e-18
12698.90000	-3.01044e-18	3.29906e-18
12700.20000	-4.18768e-18	2.94937e-18
12701.50000	-5.65457e-19	2.62936e-18
12702.90000	-6.09396e-20	2.06836e-18
12704.20000	-1.20055e-18	1.75252e-18
12705.50000	-1.07544e-18	1.87154e-18
12706.80000	-5.52117e-19	2.05802e-18
12708.10000	1.79300e-19	2.27487e-18
12709.40000	5.74767e-19	2.40390e-18
12710.70000	3.78369e-19	2.23710e-18
12712.00000	7.10445e-19	1.84748e-18
12713.30000	6.84643e-19	1.17131e-18
12714.60000	1.03763e-18	1.06326e-18
12715.90000	1.16815e-18	1.34474e-18
12717.20000	5.28301e-19	1.59678e-18
12718.50000	5.44766e-19	1.88104e-18
12719.80000	-5.90600e-19	2.00227e-18
12721.10000	-2.42957e-18	1.85131e-18
12722.40000	-1.78681e-18	1.74362e-18
12723.70000	-5.66774e-19	1.93831e-18
12725.00000	1.72205e-19	2.21095e-18
12726.30000	-4.31887e-19	2.29762e-18
12727.60000	-1.45098e-18	2.04383e-18
12728.90000	-2.48440e-19	1.93556e-18
12730.20000	5.54077e-19	1.85980e-18
12731.50000	-1.89226e-18	1.64954e-18
12732.80000	-5.53923e-19	1.10813e-18
12734.10000	-8.03415e-20	8.73674e-19
12735.40000	-3.95294e-19	1.03402e-18
12736.70000	-1.17540e-18	1.46674e-18
12738.00000	-5.97859e-19	1.73709e-18
12739.30000	-6.14826e-19	2.00218e-18
12740.60000	-2.35777e-19	2.05148e-18
12741.90000	-2.31118e-19	2.13836e-18
12743.30000	9.36844e-19	2.39122e-18
12744.60000	-1.06178e-19	2.53567e-18
12745.90000	-9.08521e-19	2.70934e-18
12747.20000	-1.07953e-18	2.79292e-18
12748.50000	9.86894e-19	2.92346e-18
12749.80000	2.60757e-19	3.19781e-18
12751.10000	-1.33622e-18	3.60949e-18
12752.40000	2.30530e-18	3.82829e-18
12753.70000	-3.55103e-19	3.45010e-18
12755.00000	-5.61436e-19	2.16001e-18
12756.30000	-2.84612e-19	1.41668e-18
12757.60000	1.08152e-18	1.58704e-18
12758.90000	7.04309e-19	2.48502e-18
12760.20000	-9.39812e-19	3.15667e-18
12761.50000	2.14664e-18	3.74089e-18
12762.80000	4.43279e-18	4.45006e-18
12764.10000	1.09305e-18	4.75838e-18
12765.40000	-3.44231e-18	4.17095e-18
12766.70000	-5.38729e-18	2.25739e-18
12768.00000	-1.42921e-18	1.31722e-18
12769.30000	-2.16495e-19	1.49158e-18
12770.60000	1.47398e-18	2.08845e-18
12771.90000	-5.19505e-19	2.32713e-18
12773.20000	-1.74271e-19	2.39329e-18
12774.50000	-7.14175e-19	2.59373e-18
12775.80000	-1.48496e-18	3.01038e-18
12777.10000	-8.72696e-19	3.01088e-18
12778.40000	-1.20359e-18	2.56852e-18
12779.70000	-7.78923e-19	2.74082e-18
12781.00000	-2.17756e-18	4.11183e-18
12782.30000	-5.13738e-18	5.45130e-18
12783.60000	2.35444e-18	5.39101e-18
12785.00000	1.31680e-18	3.98671e-18
12786.30000	6.85490e-19	2.52728e-18
12787.60000	9.87781e-19	1.60605e-18
12788.90000	3.53255e-19	8.59133e-19
12790.20000	-2.29293e-19	6.34385e-19
12791.50000	-4.04508e-19	6.76629e-19
12792.80000	3.79666e-19	9.62666e-19
12794.10000	1.03976e-18	1.35385e-18
12795.40000	-3.38940e-19	1.55375e-18
12796.70000	-8.72637e-19	1.61302e-18
12798.00000	-1.27361e-18	1.70896e-18
12799.30000	-1.15143e-18	2.27340e-18
12800.60000	-7.58701e-19	3.13425e-18
12801.90000	8.05357e-19	3.49299e-18
12803.20000	1.11961e-18	3.42212e-18
12804.50000	9.01381e-19	3.78353e-18
12805.80000	1.64041e-18	4.76372e-18
12807.10000	2.03745e-20	5.06954e-18
12808.40000	-1.15233e-18	4.24586e-18
12809.70000	-2.28909e-18	2.10928e-18
12811.00000	-1.19925e-18	1.16656e-18
12812.30000	-3.17364e-19	7.73005e-19
12813.60000	3.44876e-19	7.01325e-19
12814.90000	-5.56615e-19	7.06416e-19
12816.20000	-9.89152e-19	6.68766e-19
12817.50000	-1.70367e-19	7.56367e-19
12818.80000	-5.87717e-21	8.50006e-19
12820.10000	5.04050e-19	9.17808e-19
12821.40000	1.07114e-18	1.08012e-18
12822.70000	1.55194e-18	1.52433e-18
12824.00000	-5.09468e-19	2.14043e-18
12825.40000	1.40334e-18	2.23829e-18
12826.70000	2.07933e-18	1.62761e-18
12828.00000	2.79730e-19	8.69023e-19
12829.30000	-7.34782e-19	7.99011e-19
12830.60000	-4.25595e-19	1.00420e-18
12831.90000	1.29155e-19	1.67729e-18
12833.20000	-3.02281e-19	2.95938e-18
12834.50000	6.73063e-19	3.10729e-18
12835.80000	1.50535e-18	2.76731e-18
12837.10000	-2.31986e-19	1.43485e-18
12838.40000	-4.64862e-19	7.20596e-19
12839.70000	-5.99965e-19	5.97169e-19
12841.00000	4.87960e-19	5.87422e-19
12842.30000	-1.46361e-19	7.47354e-19
12843.60000	3.91102e-19	1.24533e-18
12844.90000	1.24494e-18	1.79795e-18
12846.20000	4.03656e-19	1.83188e-18
12847.50000	-4.89320e-19	1.35897e-18
12848.80000	3.32307e-19	7.88609e-19
12850.10000	8.58620e-20	6.42571e-19
12851.40000	-4.65915e-19	5.97202e-19
12852.70000	-1.90855e-19	5.80710e-19
12854.00000	2.01914e-21	5.84416e-19
12855.30000	-6.16109e-19	6.18090e-19
12856.60000	1.98638e-19	6.17371e-19
12857.90000	-9.34087e-19	5.85229e-19
12859.20000	-8.89663e-19	5.67427e-19
12860.50000	3.84688e-19	5.61618e-19
12861.80000	4.36156e-19	6.04469e-19
12863.10000	1.22037e-19	6.91410e-19
12864.40000	5.87462e-19	1.00603e-18
12865.70000	-4.67380e-19	1.46812e-18
12867.10000	-8.48840e-19	1.56798e-18
12868.40000	-6.40897e-19	1.31164e-18
12869.70000	-1.95953e-19	9.15673e-19
12871.00000	3.19187e-19	8.37071e-19
12872.30000	-1.07246e-19	8.91918e-19
12873.60000	-1.53528e-18	8.29237e-19
12874.90000	-6.34300e-19	7.06802e-19
12876.20000	3.04873e-20	5.79355e-19
12877.50000	5.17650e-19	5.27812e-19
12878.80000	-2.91899e-19	5.42521e-19
12880.10000	8.75502e-19	6.84489e-19
12881.40000	9.75756e-19	9.19295e-19
12882.70000	5.48751e-19	1.06479e-18
12884.00000	-3.78991e-19	1.08101e-18
12885.30000	3.91927e-19	1.07676e-18
12886.60000	6.33661e-19	1.14669e-18
12887.90000	-5.07056e-19	1.21977e-18
12889.20000	-1.33604e-18	1.12821e-18
12890.50000	-4.56486e-19	8.29716e-19
12891.80000	3.56093e-19	7.99977e-19
12893.10000	-1.10699e-18	9.65083e-19
12894.40000	-8.79651e-20	1.14335e-18
12895.70000	2.45444e-19	1.19664e-18
12897.00000	5.47653e-20	1.11377e-18
12898.30000	-7.20691e-19	1.01601e-18
12899.60000	-5.57741e-19	9.85475e-19
12900.90000	1.92207e-19	1.37863e-18
12902.20000	-1.59780e-18	2.56928e-18
12903.50000	1.76021e-18	4.81820e-18
12904.80000	-2.69169e-18	7.26617e-18
12906.10000	3.25777e-18	7.44970e-18
12907.50000	2.12999e-18	5.61368e-18
12908.80000	-3.55222e-19	2.06307e-18
12910.10000	-8.28315e-19	1.15825e-18
12911.40000	-4.35454e-19	9.13987e-19
12912.70000	-4.64362e-19	8.81886e-19
12914.00000	6.98986e-19	1.16514e-18
12915.30000	1.15483e-18	1.49910e-18
12916.60000	3.05361e-19	1.58878e-18
12917.90000	2.07789e-19	1.88940e-18
12919.20000	2.15104e-18	3.26265e-18
12920.50000	-6.10143e-19	4.70952e-18
12921.80000	1.18866e-18	4.68503e-18
12923.10000	3.21393e-18	3.21909e-18
12924.40000	-7.98140e-20	1.15142e-18
12925.70000	-1.13581e-19	7.00786e-19
12927.00000	-5.47635e-19	6.94931e-19
12928.30000	-8.68935e-19	7.06266e-19
12929.60000	-1.62336e-19	6.98873e-19
12930.90000	2.77791e-19	7.47204e-19
12932.20000	1.69333e-19	7.84017e-19
12933.50000	8.18262e-19	8.47504e-19
12934.80000	-7.29357e-20	9.30648e-19
12936.10000	6.80995e-19	9.94199e-19
12937.40000	9.00917e-19	9.02849e-19
12938.70000	3.74487e-19	7.14619e-19
12940.00000	-2.41802e-19	9.90072e-19
12941.30000	1.52930e-19	1.91827e-18
12942.60000	1.83894e-18	2.70062e-18
12943.90000	1.48202e-19	2.66682e-18
12945.20000	3.08212e-19	1.85561e-18
12946.50000	2.08242e-19	8.08442e-19
12947.80000	1.93034e-19	5.98613e-19
12949.20000	-1.65519e-19	6.05966e-19
12950.50000	6.27549e-19	6.13948e-19
12951.80000	-3.46463e-20	6.63172e-19
12953.10000	3.21064e-19	7.25122e-19
12954.40000	-7.60094e-19	7.64533e-19
12955.70000	-7.44398e-19	7.44560e-19
12957.00000	4.46997e-20	6.71262e-19
12958.30000	4.07567e-19	6.95327e-19
12959.60000	-4.69416e-19	6.89866e-19
12960.90000	-5.88738e-19	7.29599e-19
12962.20000	-3.64466e-19	7.79116e-19
12963.50000	-1.08918e-18	7.91560e-19
12964.80000	-2.56328e-19	7.46072e-19
12966.10000	5.37525e-19	6.59156e-19
12967.40000	1.23464e-18	5.80699e-19
12968.70000	-3.10864e-19	7.54363e-19
12970.00000	1.25181e-18	1.17323e-18
12971.30000	7.02762e-19	1.55356e-18
12972.60000	-4.46423e-19	1.59513e-18
12973.90000	-4.33049e-20	1.30548e-18
12975.20000	5.15846e-19	9.09461e-19
12976.50000	-1.02754e-19	6.91312e-19
12977.80000	4.70609e-19	6.34502e-19
12979.10000	1.38026e-19	6.07374e-19
12980.40000	8.11867e-20	5.72715e-19
12981.70000	-1.39252e-19	6.86874e-19
12983.00000	-2.16307e-18	1.29486e-18
12984.30000	3.25043e-19	2.85016e-18
12985.60000	1.31083e-18	3.40990e-18
12986.90000	2.94164e-18	3.03551e-18
12988.20000	-5.89512e-21	1.49777e-18
12989.60000	-4.33866e-20	6.31851e-19
12990.90000	3.15737e-19	5.19590e-19
12992.20000	3.02971e-19	4.99363e-19
12993.50000	6.35904e-19	5.06531e-19
12994.80000	4.35478e-19	4.99438e-19
12996.10000	4.27608e-19	5.10093e-19
12997.40000	2.34182e-19	5.44466e-19
12998.70000	-3.64022e-19	6.20625e-19
13000.00000	-1.02092e-19	7.73627e-19
13001.30000	9.35712e-19	9.43288e-19
13002.60000	7.74976e-19	1.01808e-18
13003.90000	2.98917e-19	9.69900e-19
13005.20000	4.61943e-19	8.95623e-19
13006.50000	-3.51660e-19	8.56075e-19
13007.80000	-1.22813e-19	9.12314e-19
13009.10000	6.39646e-20	8.85385e-19
13010.40000	3.67082e-19	8.55621e-19
13011.70000	4.70290e-19	9.19492e-19
13013.00000	-5.09514e-19	9.36244e-19
13014.30000	1.47042e-19	1.02507e-18
13015.60000	4.79754e-19	9.49846e-19
13016.90000	7.52646e-19	8.62042e-19
13018.20000	-1.24846e-18	1.36437e-18
13019.50000	-1.03857e-17	3.48959e-18
13020.80000	-5.43933e-18	5.93671e-18
13022.10000	-6.78368e-18	6.28278e-18
13023.40000	1.76606e-18	4.74655e-18
13024.70000	2.73873e-18	1.55556e-18
13026.00000	3.87135e-19	7.13870e-19
13027.30000	-9.68030e-20	5.75364e-19
13028.60000	-4.91773e-19	5.19430e-19
13029.90000	1.06811e-19	5.09234e-19
13031.30000	-1.49291e-20	5.12372e-19
13032.60000	-2.57353e-19	5.14570e-19
13033.90000	-6.02610e-19	5.17396e-19
13035.20000	6.11761e-19	5.02731e-19
13036.50000	1.09337e-19	4.84666e-19
13037.80000	2.85659e-19	4.71915e-19
13039.10000	-7.01869e-19	4.88613e-19
13040.40000	-3.52457e-19	5.19399e-19
13041.70000	-5.85704e-19	5.84882e-19
13043.00000	-5.61903e-20	6.10334e-19
13044.30000	2.05000e-19	6.15747e-19
13045.60000	8.65290e-20	6.18355e-19
13046.90000	7.08749e-20	5.85465e-19
13048.20000	-3.10647e-19	6.92973e-19
13049.50000	-5.56174e-19	1.19786e-18
13050.80000	-8.48356e-19	2.64321e-18
13052.10000	7.36019e-18	3.97333e-18
13053.40000	3.85992e-18	3.96796e-18
13054.70000	-1.91945e-18	2.80301e-18
13056.00000	-3.74965e-19	1.15678e-18
13057.30000	-3.57279e-19	7.79204e-19
13058.60000	-1.09309e-19	7.09587e-19
13059.90000	-9.69425e-20	6.78430e-19
13061.20000	4.70260e-20	6.37255e-19
13062.50000	-1.26899e-19	5.66189e-19
13063.80000	-6.81539e-20	5.29397e-19
13065.10000	-5.43383e-19	5.18105e-19
13066.40000	9.82321e-20	5.03381e-19
13067.70000	-5.09931e-19	4.83586e-19
13069.00000	-4.24772e-19	4.57944e-19
13070.30000	-2.45235e-19	4.44002e-19
13071.70000	-1.30261e-19	4.47046e-19
13073.00000	6.30194e-20	4.77490e-19
13074.30000	6.76970e-19	5.08069e-19
13075.60000	4.54446e-19	5.03014e-19
13076.90000	-6.58032e-20	4.98344e-19
13078.20000	5.18168e-20	5.45533e-19
13079.50000	9.33727e-19	5.48240e-19
13080.80000	-1.25005e-19	6.76848e-19
13082.10000	-6.77227e-19	1.42500e-18
13083.40000	-2.54627e-18	4.21721e-18
13084.70000	-5.18132e-18	6.51374e-18
13086.00000	3.12048e-18	6.42254e-18
13087.30000	8.33270e-18	4.34866e-18
13088.60000	2.42769e-18	1.32658e-18
13089.90000	-4.80985e-19	6.43963e-19
13091.20000	-6.23604e-20	5.53630e-19
13092.50000	2.15076e-19	5.48105e-19
13093.80000	4.37003e-19	5.58844e-19
13095.10000	7.34352e-19	5.76207e-19
13096.40000	-1.27843e-18	5.72992e-19
13097.70000	7.10973e-20	5.17084e-19
13099.00000	-2.60002e-19	5.25733e-19
13100.30000	2.73426e-19	5.67253e-19
13101.60000	4.48271e-19	5.76458e-19
13102.90000	5.19294e-19	5.70218e-19
13104.20000	-2.79280e-19	6.22590e-19
13105.50000	-6.29977e-20	6.99861e-19
13106.80000	2.43545e-19	7.37634e-19
13108.10000	2.70469e-19	6.62122e-19
13109.40000	2.11015e-19	5.54068e-19
13110.70000	8.62823e-19	5.23501e-19
13112.00000	1.63642e-19	4.44339e-19
13113.40000	5.56255e-19	4.35608e-19
13114.70000	4.93726e-19	4.29497e-19
13116.00000	-4.52401e-19	4.22490e-19
13117.30000	1.25982e-19	4.23748e-19
13118.60000	4.30706e-19	4.33401e-19
13119.90000	-1.74588e-19	4.49025e-19
13121.20000	1.41002e-19	4.85657e-19
13122.50000	-2.37868e-19	6.52978e-19
13123.80000	7.11606e-20	9.04317e-19
13125.10000	1.42603e-18	1.62765e-18
13126.40000	-3.73186e-18	3.07518e-18
13127.70000	-5.36314e-18	3.69999e-18
13129.00000	1.91715e-18	3.43281e-18
13130.30000	7.11245e-19	2.20643e-18
13131.60000	1.36272e-19	1.00697e-18
13132.90000	7.02024e-19	7.47371e-19
13134.20000	3.63278e-19	5.91770e-19
13135.50000	-3.83000e-20	5.17065e-19
13136.80000	2.02132e-19	5.48529e-19
13138.10000	-8.46501e-19	6.75570e-19
13139.40000	-8.62912e-19	8.38467e-19
13140.70000	-1.04027e-18	9.17334e-19
13142.00000	8.64053e-19	9.47993e-19
13143.30000	6.61703e-19	8.93353e-19
13144.60000	-1.44074e-19	7.28845e-19
13145.90000	-4.57840e-19	5.47777e-19
13147.20000	-2.74285e-19	5.09887e-19
13148.50000	-7.04196e-19	5.32452e-19
13149.80000	-9.81907e-20	5.41568e-19
13151.10000	-9.06976e-19	5.44500e-19
13152.40000	-1.00776e-19	6.80191e-19
13153.80000	1.82868e-18	1.59494e-18
13155.10000	1.25922e-17	4.33610e-18
13156.40000	2.29581e-20	5.46976e-18
13157.70000	1.87440e-18	5.24661e-18
13159.00000	-2.08493e-18	3.54200e-18
13160.30000	-4.28180e-19	1.07241e-18
13161.60000	-3.15497e-19	6.27856e-19
13162.90000	-7.18035e-19	5.84195e-19
13164.20000	1.96506e-19	6.20703e-19
13165.50000	-1.70860e-19	6.01359e-19
13166.80000	3.35293e-19	5.57655e-19
13168.10000	4.16718e-19	5.20789e-19
13169.40000	-6.79190e-20	5.03935e-19
13170.70000	2.64426e-19	5.75030e-19
13172.00000	-3.71957e-19	5.38502e-19
13173.30000	-2.85720e-19	5.13337e-19
13174.60000	-3.45329e-19	5.00548e-19
13175.90000	-2.31880e-19	4.63393e-19
13177.20000	-6.15465e-19	4.64909e-19
13178.50000	-1.55617e-19	5.07397e-19
13179.80000	-1.89241e-19	5.14731e-19
13181.10000	1.76909e-19	4.78626e-19
13182.40000	3.17918e-19	4.40443e-19
13183.70000	8.07526e-19	4.34619e-19
13185.00000	-4.47555e-21	4.42281e-19
13186.30000	5.14175e-19	4.31675e-19
13187.60000	8.77757e-19	4.24553e-19
13188.90000	5.24003e-19	4.30710e-19
13190.20000	-1.94707e-19	4.51150e-19
13191.50000	-2.85098e-19	4.49611e-19
13192.80000	5.95250e-19	4.61844e-19
13194.10000	-8.89249e-20	4.76010e-19
13195.50000	4.95420e-19	4.75177e-19
13196.80000	1.73619e-19	4.67712e-19
13198.10000	-2.96352e-19	4.44319e-19
13199.40000	-3.79092e-19	4.39728e-19
13200.70000	1.10795e-19	4.65789e-19
13202.00000	-5.13283e-19	4.87051e-19
13203.30000	2.37172e-20	4.97178e-19
13204.60000	4.60152e-19	4.91746e-19
13205.90000	-5.47084e-19	5.22500e-19
13207.20000	5.88580e-19	7.98156e-19
13208.50000	1.30022e-18	1.68129e-18
13209.80000	1.12231e-18	2.85048e-18
13211.10000	-2.59870e-18	3.08627e-18
13212.40000	-4.66864e-18	2.53354e-18
13213.70000	-7.75159e-19	1.05586e-18
13215.00000	6.94023e-20	6.71452e-19
13216.30000	8.76626e-19	6.93373e-19
13217.60000	-5.37444e-19	6.74500e-19
13218.90000	-5.31961e-20	6.53095e-19
13220.20000	-1.26698e-19	6.68447e-19
13221.50000	-2.31949e-19	7.43525e-19
13222.80000	-2.19185e-19	7.50922e-19
13224.10000	-6.92395e-19	6.65958e-19
13225.40000	-3.30112e-19	5.75765e-19
13226.70000	2.55088e-19	5.98666e-19
13228.00000	4.26800e-19	6.11938e-19
13229.30000	-1.02277e-18	5.65902e-19
13230.60000	6.12285e-19	5.15057e-19
13231.90000	-4.30694e-19	5.95393e-19
13233.20000	7.17683e-19	1.20122e-18
13234.50000	-3.97752e-18	2.89144e-18
13235.80000	5.83958e-19	4.20698e-18
13237.20000	-7.04726e-19	4.23265e-18
13238.50000	-1.69209e-18	3.05228e-18
13239.80000	3.28265e-19	1.12699e-18
13241.10000	6.47800e-19	5.53562e-19
13242.40000	-2.72184e-19	4.80636e-19
13243.70000	1.29457e-19	4.92465e-19
13245.00000	-1.34872e-19	6.42171e-19
13246.30000	3.59528e-19	8.45588e-19
13247.60000	-6.26065e-19	9.00334e-19
13248.90000	-1.76211e-19	7.85461e-19
13250.20000	-2.04276e-19	5.31072e-19
13251.50000	5.03572e-19	4.51024e-19
13252.80000	8.14733e-19	4.77516e-19
13254.10000	8.16200e-19	4.32406e-19
13255.40000	-4.93581e-19	4.41664e-19
13256.70000	2.99409e-20	4.53066e-19
13258.00000	-2.39661e-19	4.86712e-19
13259.30000	2.94921e-19	4.95797e-19
13260.60000	9.06664e-20	5.02369e-19
13261.90000	-1.40471e-19	4.77675e-19
13263.20000	8.56735e-19	4.49422e-19
13264.50000	4.28796e-19	4.82606e-19
13265.80000	-1.67225e-19	6.14223e-19
13267.10000	-4.39474e-19	7.34730e-19
13268.40000	-4.22356e-19	7.97039e-19
13269.70000	-6.79539e-19	7.12299e-19
13271.00000	-2.86113e-19	6.23572e-19
13272.30000	-3.21184e-19	4.80107e-19
13273.60000	-5.68268e-19	4.82849e-19
13274.90000	-6.16539e-19	6.46032e-19
13276.20000	1.00896e-19	7.75631e-19
13277.60000	6.08418e-19	9.19088e-19
13278.90000	-3.44299e-19	8.94613e-19
13280.20000	-2.28933e-19	7.36758e-19
13281.50000	3.23161e-19	6.73305e-19
13282.80000	3.70011e-19	5.24877e-19
13284.10000	-1.03558e-18	4.51555e-19
13285.40000	-6.00753e-20	4.36871e-19
13286.70000	9.51887e-21	4.18625e-19
13288.00000	2.17551e-19	4.29250e-19
13289.30000	3.96990e-19	4.52827e-19
13290.60000	1.12049e-18	4.16908e-19
13291.90000	-1.24792e-20	4.17233e-19
13293.20000	1.03330e-19	4.06161e-19
13294.50000	6.94569e-19	4.20386e-19
13295.80000	-4.87362e-19	5.39326e-19
13297.10000	2.77510e-19	7.11792e-19
13298.40000	5.05924e-19	8.88376e-19
13299.70000	-1.84656e-18	1.38384e-18
13301.00000	9.04424e-19	1.96642e-18
13302.30000	4.27878e-19	2.03696e-18
13303.60000	8.81615e-20	1.64166e-18
13304.90000	-7.55730e-19	7.43142e-19
13306.20000	-2.33223e-20	5.41351e-19
13307.50000	-3.99164e-21	4.55355e-19
13308.80000	2.65351e-20	4.05318e-19
13310.10000	4.91858e-19	3.90550e-19
13311.40000	4.08331e-20	3.97737e-19
13312.70000	3.99718e-19	4.00898e-19
13314.00000	1.34770e-19	4.14019e-19
13315.30000	4.11357e-19	4.31460e-19
13316.60000	2.20889e-19	4.36482e-19
13317.90000	-1.30459e-19	4.66708e-19
13319.30000	7.30708e-20	4.67131e-19
13320.60000	8.12778e-19	6.48599e-19
13321.90000	-4.79907e-19	1.33175e-18
13323.20000	-8.11955e-19	2.54830e-18
13324.50000	-2.79592e-18	3.07388e-18
13325.80000	-1.39134e-18	2.80160e-18
13327.10000	-8.94686e-19	1.73390e-18
13328.40000	-5.28705e-19	6.63826e-19
13329.70000	3.30452e-19	4.93743e-19
13331.00000	-7.77946e-20	4.36198e-19
13332.30000	9.84542e-20	4.27693e-19
13333.60000	-8.06801e-19	4.37572e-19
13334.90000	4.93789e-19	4.61946e-19
13336.20000	8.71086e-19	5.13130e-19
13337.50000	1.12080e-18	5.51825e-19
13338.80000	-5.41447e-19	5.69617e-19
13340.10000	-1.31829e-19	5.51741e-19
13341.40000	-1.09618e-18	5.29968e-19
13342.70000	-2.02615e-19	4.88993e-19
13344.00000	-4.42690e-19	4.64476e-19
13345.30000	-1.45014e-20	4.66000e-19
13346.60000	1.30210e-19	4.80389e-19
13347.90000	2.13472e-20	4.77768e-19
13349.20000	-4.85118e-19	4.76292e-19
13350.50000	1.97117e-19	5.09989e-19
13351.80000	3.71023e-19	5.82238e-19
13353.10000	-3.37383e-19	6.21997e-19
13354.40000	1.95974e-19	6.35647e-19
13355.70000	1.00580e-19	5.26728e-19
13357.00000	-4.02337e-19	4.80764e-19
13358.30000	8.27481e-19	4.90946e-19
13359.70000	-3.29517e-19	5.00950e-19
13361.00000	6.99634e-19	5.98434e-19
13362.30000	-3.62477e-19	6.45992e-19
13363.60000	-4.52334e-20	5.89841e-19
13364.90000	4.73251e-19	4.82126e-19
13366.20000	-3.42312e-19	4.36641e-19
13367.50000	-3.70143e-19	4.06844e-19
13368.80000	2.49232e-21	4.04051e-19
13370.10000	1.27326e-19	3.93836e-19
13371.40000	4.05596e-19	3.87443e-19
13372.70000	1.96380e-19	4.05775e-19
13374.00000	7.90563e-19	3.94087e-19
13375.30000	7.59578e-20	3.89891e-19
13376.60000	5.28069e-19	4.16143e-19
13377.90000	-5.29555e-19	4.15826e-19
13379.20000	5.13986e-19	4.00255e-19
13380.50000	-2.04822e-19	4.14984e-19
13381.80000	3.58410e-19	4.17969e-19
13383.10000	-5.55725e-20	4.29086e-19
13384.40000	7.22296e-19	4.32939e-19
13385.70000	4.60185e-19	4.34410e-19
13387.00000	-3.74958e-19	4.31144e-19
13388.30000	-8.00804e-19	4.44840e-19
13389.60000	-3.10001e-20	4.32317e-19
13390.90000	-4.65398e-19	4.35052e-19
13392.20000	1.73070e-19	4.94244e-19
13393.50000	7.22953e-19	5.61914e-19
13394.80000	1.47001e-18	5.92783e-19
13396.10000	-2.42860e-19	6.05194e-19
13397.40000	-8.42628e-20	7.47376e-19
13398.70000	-9.92351e-19	1.16839e-18
13400.00000	-2.53448e-19	1.68505e-18
13401.40000	9.35472e-19	1.76661e-18
13402.70000	5.02895e-19	1.48521e-18
13404.00000	1.32742e-20	7.90238e-19
13405.30000	-2.55661e-19	5.75785e-19
13406.60000	6.56517e-19	5.47658e-19
13407.90000	-3.39061e-19	5.13973e-19
13409.20000	-9.57706e-19	4.52138e-19
13410.50000	3.70947e-19	4.50077e-19
13411.80000	-2.30740e-19	5.52301e-19
13413.10000	-7.74001e-19	6.84976e-19
13414.40000	2.70178e-19	7.61875e-19
13415.70000	-4.05791e-19	7.81674e-19
13417.00000	-7.17933e-20	7.78380e-19
13418.30000	1.02340e-18	1.08261e-18
13419.60000	-7.00824e-19	1.87885e-18
13420.90000	-2.29912e-20	2.62362e-18
13422.20000	-9.80534e-19	2.60417e-18
13423.50000	-1.38889e-18	1.93576e-18
13424.80000	-4.35576e-19	1.10116e-18
13426.10000	5.34038e-19	8.18779e-19
13427.40000	-3.32851e-19	7.02062e-19
13428.70000	-8.68657e-19	5.35367e-19
13430.00000	-2.27209e-19	4.52769e-19
13431.30000	4.24777e-19	4.30195e-19
13432.60000	3.38721e-19	4.25997e-19
13433.90000	-2.65994e-19	4.40778e-19
13435.20000	-4.24255e-19	4.71249e-19
13436.50000	4.99372e-19	5.10432e-19
13437.80000	2.54979e-19	5.18564e-19
13439.10000	4.12567e-19	4.65795e-19
13440.40000	-2.78095e-20	4.23835e-19
13441.80000	-5.38642e-19	4.50729e-19
13443.10000	-8.56305e-19	5.04405e-19
13444.40000	-7.07697e-20	4.96992e-19
13445.70000	4.79559e-19	5.41229e-19
13447.00000	4.65250e-19	6.74193e-19
13448.30000	-4.90922e-20	7.58366e-19
13449.60000	-1.73064e-19	7.27636e-19
13450.90000	3.63954e-20	5.68672e-19
13452.20000	1.00470e-19	5.15683e-19
13453.50000	2.49892e-19	4.77097e-19
13454.80000	-1.80289e-19	4.56919e-19
13456.10000	-1.24897e-19	4.49498e-19
13457.40000	-3.58411e-19	4.53229e-19
13458.70000	-2.90146e-19	4.49764e-19
13460.00000	-2.84946e-20	4.66029e-19
13461.30000	-5.45085e-19	4.69206e-19
13462.60000	4.55208e-19	5.05763e-19
13463.90000	-1.99915e-19	5.15085e-19
13465.20000	-3.14701e-19	5.03808e-19
13466.50000	-9.27684e-19	4.89298e-19
13467.80000	3.60488e-19	4.91227e-19
13469.10000	3.71312e-19	4.92242e-19
13470.40000	-5.20246e-19	5.19726e-19
13471.70000	-6.04824e-19	5.08002e-19
13473.00000	-5.00684e-19	5.12291e-19
13474.30000	-1.85806e-19	4.90611e-19
13475.60000	-3.36111e-19	4.86911e-19
13476.90000	-5.42727e-19	4.99411e-19
13478.20000	-2.15631e-19	4.82647e-19
13479.50000	-8.04252e-20	4.84685e-19
13480.80000	3.67120e-19	4.95726e-19
13482.10000	9.51595e-19	5.29026e-19
13483.50000	2.44702e-19	5.63804e-19
13484.80000	1.01605e-18	6.09809e-19
13486.10000	6.71366e-19	6.59715e-19
13487.40000	-4.95329e-19	6.77509e-19
13488.70000	7.99503e-19	6.58390e-19
13490.00000	8.89290e-21	6.20535e-19
13491.30000	4.97325e-19	5.85506e-19
13492.60000	1.38788e-18	6.12932e-19
13493.90000	1.10931e-18	6.51549e-19
13495.20000	1.37878e-18	6.66019e-19
13496.50000	7.02188e-19	6.72155e-19
13497.80000	-8.70707e-19	6.55664e-19
13499.10000	-1.61233e-19	6.28290e-19
13500.40000	2.29862e-19	5.98096e-19
13501.70000	1.72333e-18	5.78085e-19
13503.00000	7.68578e-19	5.53047e-19
13504.30000	6.02904e-19	6.06108e-19
13505.60000	1.62337e-18	7.85054e-19
13506.90000	-1.62485e-18	1.26467e-18
13508.20000	-2.34102e-18	1.86449e-18
13509.50000	1.86891e-19	2.09412e-18
13510.80000	1.04628e-18	1.68160e-18
13512.10000	-6.87300e-19	1.02972e-18
13513.40000	-1.77944e-21	9.13383e-19
13514.70000	2.10246e-18	9.78250e-19
13516.00000	-2.59665e-19	1.03331e-18
13517.30000	-7.90791e-19	1.07790e-18
13518.60000	-4.02461e-20	1.15700e-18
13519.90000	-1.05819e-18	1.09163e-18
