#a1689_z1_1.H.725.fc.1d.esc.txt
#Wavelength in (A) | Flux (erg/sec/cm2/A)| Flux Error
14715.00000	-4.04111e-19	2.16196e-19
14716.70000	1.42045e-19	1.49526e-19
14718.30000	3.42386e-19	4.78821e-20
14719.90000	7.90528e-21	6.05337e-20
14721.50000	4.34546e-19	4.42956e-19
14723.20000	7.93577e-19	6.03509e-19
14724.80000	7.11758e-19	5.81411e-19
14726.40000	8.89668e-19	5.47857e-19
14728.10000	1.31219e-18	5.15815e-19
14729.70000	3.98254e-19	4.93937e-19
14731.30000	-4.98522e-19	4.66883e-19
14732.90000	-9.27794e-19	4.85815e-19
14734.60000	-7.31260e-19	5.57359e-19
14736.20000	-1.07729e-18	8.21054e-19
14737.80000	1.09433e-19	1.67462e-18
14739.50000	5.78462e-20	2.22745e-18
14741.10000	9.18696e-19	2.03611e-18
14742.70000	1.51805e-18	1.37176e-18
14744.30000	3.37175e-19	8.23937e-19
14746.00000	-1.39738e-19	4.74372e-19
14747.60000	2.48854e-19	3.86260e-19
14749.20000	-6.87707e-19	3.77526e-19
14750.90000	-5.15843e-19	4.36203e-19
14752.50000	-9.56219e-19	7.05503e-19
14754.10000	-8.69082e-19	1.31971e-18
14755.70000	2.24971e-19	1.64734e-18
14757.40000	-2.53243e-19	1.45469e-18
14759.00000	5.21996e-20	9.75579e-19
14760.60000	3.12915e-19	6.68368e-19
14762.30000	9.09520e-19	5.13881e-19
14763.90000	3.39727e-19	4.59190e-19
14765.50000	2.44429e-19	4.56253e-19
14767.10000	1.02179e-18	5.60071e-19
14768.80000	5.56768e-19	9.69476e-19
14770.40000	1.76741e-19	2.09128e-18
14772.00000	1.96394e-18	2.43694e-18
14773.70000	6.41264e-19	2.15250e-18
14775.30000	-1.95674e-19	1.46049e-18
14776.90000	-7.83333e-19	9.08697e-19
14778.60000	7.69132e-19	7.78141e-19
14780.20000	3.13010e-19	1.33600e-18
14781.80000	2.19267e-18	2.90983e-18
14783.40000	4.13485e-18	3.07846e-18
14785.10000	-4.35551e-19	2.60912e-18
14786.70000	-3.14023e-19	1.72208e-18
14788.30000	-1.00847e-18	1.00157e-18
14790.00000	2.57396e-19	7.76758e-19
14791.60000	1.25526e-18	8.81061e-19
14793.20000	1.00725e-18	9.67290e-19
14794.80000	2.80213e-19	9.29661e-19
14796.50000	1.70986e-18	1.60163e-18
14798.10000	2.70553e-18	3.04215e-18
14799.70000	4.44333e-18	3.39935e-18
14801.40000	2.49796e-18	3.18377e-18
14803.00000	2.67812e-18	2.81612e-18
14804.60000	3.80036e-18	2.72437e-18
14806.20000	1.40304e-18	2.40796e-18
14807.90000	2.48599e-18	1.64278e-18
14809.50000	5.76318e-19	9.52597e-19
14811.10000	2.49236e-19	5.78393e-19
14812.80000	1.29666e-19	4.86571e-19
14814.40000	4.17275e-19	4.57573e-19
14816.00000	8.88956e-19	4.50631e-19
14817.60000	8.43437e-19	4.49882e-19
14819.30000	-8.59980e-19	4.40740e-19
14820.90000	-1.55428e-19	4.23865e-19
14822.50000	4.35298e-19	4.07665e-19
14824.20000	2.17037e-19	4.09634e-19
14825.80000	4.56575e-20	4.77953e-19
14827.40000	2.80088e-19	6.45654e-19
14829.00000	4.77108e-19	1.10289e-18
14830.70000	1.05114e-19	2.62419e-18
14832.30000	-9.32492e-19	3.58327e-18
14833.90000	2.95080e-19	3.52644e-18
14835.60000	3.90214e-19	2.39919e-18
14837.20000	9.59980e-19	1.34508e-18
14838.80000	6.87965e-20	5.88244e-19
14840.50000	-3.25551e-19	4.21764e-19
14842.10000	5.87108e-19	4.21329e-19
14843.70000	-5.77999e-19	4.25920e-19
14845.30000	-1.67280e-18	4.53581e-19
14847.00000	1.70457e-19	4.64605e-19
14848.60000	1.84168e-19	4.46643e-19
14850.20000	7.71169e-19	4.30111e-19
14851.90000	1.05036e-18	4.06692e-19
14853.50000	3.72510e-19	3.87705e-19
14855.10000	-8.53164e-19	3.96735e-19
14856.70000	-5.17484e-19	4.83155e-19
14858.40000	3.22044e-19	6.08359e-19
14860.00000	-7.21632e-20	8.51519e-19
14861.60000	2.02545e-18	1.65477e-18
14863.30000	4.18581e-18	2.50153e-18
14864.90000	-1.77133e-18	2.75024e-18
14866.50000	-8.65792e-19	2.06888e-18
14868.10000	-6.02995e-19	1.33002e-18
14869.80000	1.78473e-19	6.42492e-19
14871.40000	5.00599e-19	4.56281e-19
14873.00000	1.18396e-18	4.39700e-19
14874.70000	5.00001e-19	4.51779e-19
14876.30000	-8.91517e-20	4.63839e-19
14877.90000	4.30538e-19	4.83256e-19
14879.50000	-1.86653e-19	4.69454e-19
14881.20000	4.14907e-20	6.06220e-19
14882.80000	3.95292e-19	9.90125e-19
14884.40000	8.61522e-19	2.21480e-18
14886.10000	-1.90674e-19	4.08698e-18
14887.70000	5.64974e-18	4.23755e-18
14889.30000	9.33522e-18	3.40554e-18
14891.00000	1.65519e-18	2.11446e-18
14892.60000	-1.39712e-18	9.42929e-19
14894.20000	6.24333e-19	4.70130e-19
14895.80000	-1.89837e-19	4.03797e-19
14897.50000	-2.31162e-19	3.84471e-19
14899.10000	2.33064e-19	3.67256e-19
14900.70000	-1.44813e-19	3.62099e-19
14902.40000	6.65946e-20	3.64047e-19
14904.00000	-8.66333e-20	4.26969e-19
14905.60000	7.24510e-19	7.39878e-19
14907.20000	2.05909e-18	1.24187e-18
14908.90000	8.95233e-20	1.48757e-18
14910.50000	-6.31882e-19	1.37812e-18
14912.10000	-5.10608e-19	9.78372e-19
14913.80000	-1.76578e-19	6.18835e-19
14915.40000	-4.40013e-19	4.40015e-19
14917.00000	-2.61519e-19	4.30216e-19
14918.60000	4.82547e-19	4.33857e-19
14920.30000	-2.39168e-19	3.89530e-19
14921.90000	-4.70601e-19	3.79014e-19
14923.50000	-4.57989e-19	3.78679e-19
14925.20000	-3.71789e-19	4.03045e-19
14926.80000	-9.97415e-20	5.12134e-19
14928.40000	2.93227e-19	9.51700e-19
14930.00000	-1.62897e-18	2.01460e-18
14931.70000	-1.04007e-18	2.30924e-18
14933.30000	1.57133e-18	1.98711e-18
14934.90000	-6.40425e-19	1.28251e-18
14936.60000	6.38832e-19	7.04879e-19
14938.20000	-1.40470e-19	5.03639e-19
14939.80000	-1.70342e-19	4.82365e-19
14941.40000	1.76614e-19	4.78987e-19
14943.10000	1.21025e-19	4.44310e-19
14944.70000	1.03218e-19	4.05873e-19
14946.30000	2.17116e-19	3.83602e-19
14948.00000	5.65600e-20	3.75956e-19
14949.60000	-3.14953e-19	3.74777e-19
14951.20000	-5.10827e-19	3.87772e-19
14952.90000	1.51550e-19	4.09538e-19
14954.50000	4.77262e-19	4.30616e-19
14956.10000	-1.85639e-19	4.21651e-19
14957.70000	-6.64534e-19	4.20596e-19
14959.40000	9.28951e-20	4.34620e-19
14961.00000	1.45012e-19	4.59938e-19
14962.60000	4.89353e-19	5.09878e-19
14964.30000	4.04259e-19	5.23659e-19
14965.90000	-2.18603e-19	4.97213e-19
14967.50000	-3.51813e-21	4.24875e-19
14969.10000	2.57571e-19	3.94492e-19
14970.80000	3.97820e-19	3.80307e-19
14972.40000	3.42544e-19	3.78381e-19
14974.00000	3.47472e-19	3.81791e-19
14975.70000	1.79598e-19	3.91259e-19
14977.30000	8.63746e-20	3.89939e-19
14978.90000	-4.47222e-19	3.86367e-19
14980.50000	-1.78068e-19	3.86338e-19
14982.20000	-4.02394e-19	3.89614e-19
14983.80000	2.93497e-19	3.93989e-19
14985.40000	5.34637e-19	3.96599e-19
14987.10000	-3.48788e-19	4.05986e-19
14988.70000	1.06722e-19	4.27695e-19
14990.30000	2.59019e-19	4.54926e-19
14991.90000	-4.77910e-19	4.84333e-19
14993.60000	-5.52491e-19	4.93424e-19
14995.20000	-7.41358e-20	4.79964e-19
14996.80000	-3.18909e-19	4.46986e-19
14998.50000	-1.13304e-20	4.29949e-19
15000.10000	1.85027e-19	4.19043e-19
15001.70000	4.28840e-20	4.26735e-19
15003.30000	4.32128e-19	4.89847e-19
15005.00000	1.90358e-19	6.38909e-19
15006.60000	1.98460e-19	7.13363e-19
15008.20000	2.76730e-19	6.83251e-19
15009.90000	-4.27344e-19	5.82704e-19
15011.50000	-4.72353e-19	4.70673e-19
15013.10000	-6.72370e-21	4.26987e-19
15014.80000	1.40850e-19	4.21069e-19
15016.40000	-7.11228e-19	4.12552e-19
15018.00000	-1.33958e-18	3.99323e-19
15019.60000	-6.28114e-19	4.05211e-19
15021.30000	-3.14619e-19	4.49131e-19
15022.90000	-1.45750e-19	6.01186e-19
15024.50000	-9.50182e-21	7.70057e-19
15026.20000	6.51348e-19	8.35545e-19
15027.80000	4.00859e-19	7.43191e-19
15029.40000	4.21351e-19	5.75466e-19
15031.00000	-1.69195e-20	4.55497e-19
15032.70000	1.81316e-19	4.09682e-19
15034.30000	-3.52941e-19	4.17364e-19
15035.90000	-3.89428e-19	4.57304e-19
15037.60000	-3.77876e-19	4.49948e-19
15039.20000	-1.56958e-19	4.49837e-19
15040.80000	2.01878e-19	4.44420e-19
15042.40000	3.07674e-19	4.43032e-19
15044.10000	-2.24702e-19	4.58390e-19
15045.70000	-5.02414e-19	4.97842e-19
15047.30000	5.39372e-19	5.72759e-19
15049.00000	-8.70927e-20	8.67434e-19
15050.60000	1.05271e-18	1.81032e-18
15052.20000	-4.87291e-18	3.23573e-18
15053.80000	3.33478e-18	5.08997e-18
15055.50000	1.02568e-17	5.57165e-18
15057.10000	4.58492e-18	4.60714e-18
15058.70000	-1.84756e-19	2.73706e-18
15060.40000	-2.50444e-19	1.46014e-18
15062.00000	-1.29176e-18	1.02554e-18
15063.60000	2.14948e-19	1.17649e-18
15065.20000	2.50881e-18	1.58151e-18
15066.90000	4.08011e-19	2.60234e-18
15068.50000	-4.19728e-20	3.43540e-18
15070.10000	-3.16638e-18	2.97345e-18
15071.80000	-1.71219e-18	1.92511e-18
15073.40000	6.22199e-19	1.01913e-18
15075.00000	3.10545e-19	5.33473e-19
15076.70000	4.81624e-19	4.80465e-19
15078.30000	3.51072e-19	5.56075e-19
15079.90000	-1.50827e-19	6.43474e-19
15081.50000	-6.21753e-19	7.15482e-19
15083.20000	1.82377e-19	8.20254e-19
15084.80000	-4.10462e-19	1.13875e-18
15086.40000	-3.17076e-18	1.75887e-18
15088.10000	-7.13168e-19	1.97154e-18
15089.70000	-6.79285e-19	1.69684e-18
15091.30000	1.95654e-19	1.16346e-18
15092.90000	2.76974e-19	7.15490e-19
15094.60000	3.94404e-19	4.99357e-19
15096.20000	-1.49821e-19	4.74785e-19
15097.80000	-4.60134e-19	4.88351e-19
15099.50000	-2.35107e-19	4.91173e-19
15101.10000	-1.06239e-19	4.77547e-19
15102.70000	-3.75508e-19	4.80430e-19
15104.30000	-6.62580e-20	5.39470e-19
15106.00000	-8.64193e-19	6.02924e-19
15107.60000	-8.66749e-19	6.20794e-19
15109.20000	-5.48374e-19	6.66202e-19
15110.90000	-1.53140e-19	7.96274e-19
15112.50000	-1.33297e-18	9.39707e-19
15114.10000	8.06329e-19	9.37640e-19
15115.70000	5.22492e-19	8.37227e-19
15117.40000	-5.36494e-19	6.44262e-19
15119.00000	-5.31526e-20	4.94011e-19
15120.60000	-2.43132e-19	4.08495e-19
15122.30000	-4.70663e-20	3.87930e-19
15123.90000	1.52106e-19	3.88587e-19
15125.50000	-4.60666e-21	4.01988e-19
15127.10000	9.27623e-20	4.13063e-19
15128.80000	-4.39558e-19	4.30465e-19
15130.40000	-1.38407e-19	4.47417e-19
15132.00000	-7.77304e-19	4.86252e-19
15133.70000	-8.63241e-19	5.18768e-19
15135.30000	-8.90137e-19	5.20776e-19
15136.90000	5.19495e-19	4.97099e-19
15138.60000	1.00866e-18	4.85640e-19
15140.20000	-1.38288e-19	5.07618e-19
15141.80000	-1.97994e-19	5.49534e-19
15143.40000	2.21078e-19	5.21906e-19
15145.10000	1.45635e-19	5.39652e-19
15146.70000	4.12837e-19	5.67679e-19
15148.30000	7.84510e-19	5.64300e-19
15150.00000	4.26018e-19	5.85026e-19
15151.60000	9.39699e-19	5.80391e-19
15153.20000	-2.21050e-19	5.10079e-19
15154.80000	-7.70216e-20	4.35821e-19
15156.50000	1.49586e-19	4.01440e-19
15158.10000	1.55733e-19	3.83707e-19
15159.70000	-5.29431e-19	3.51159e-19
15161.40000	-6.03323e-19	3.52569e-19
15163.00000	2.75525e-20	3.56048e-19
15164.60000	3.00972e-19	3.68104e-19
15166.20000	-3.79184e-19	3.86151e-19
15167.90000	-6.77896e-19	3.90643e-19
15169.50000	-3.92723e-19	4.08351e-19
15171.10000	-6.67774e-20	3.77902e-19
15172.80000	8.33127e-20	3.79015e-19
15174.40000	6.90823e-20	4.10974e-19
15176.00000	3.99991e-19	4.16218e-19
15177.60000	4.43722e-19	4.07902e-19
15179.30000	-1.66457e-20	4.28591e-19
15180.90000	5.23911e-19	5.15544e-19
15182.50000	4.31261e-20	7.06662e-19
15184.20000	1.16766e-18	1.30942e-18
15185.80000	-1.31014e-18	2.27127e-18
15187.40000	-3.77198e-18	2.60339e-18
15189.00000	1.22925e-18	1.95715e-18
15190.70000	7.48005e-19	1.21429e-18
15192.30000	2.12202e-19	5.40654e-19
15193.90000	7.03673e-19	3.91314e-19
15195.60000	2.32825e-19	3.60975e-19
15197.20000	3.72359e-20	3.52371e-19
15198.80000	3.61226e-19	3.28201e-19
15200.50000	4.57160e-19	3.25595e-19
15202.10000	1.54920e-19	3.25059e-19
15203.70000	2.65717e-19	3.29409e-19
15205.30000	-1.82783e-19	3.36612e-19
15207.00000	-4.56833e-19	3.41178e-19
15208.60000	-4.39150e-19	3.41545e-19
15210.20000	4.88858e-19	3.41269e-19
15211.90000	1.67199e-19	3.37540e-19
15213.50000	-4.94326e-19	3.38787e-19
15215.10000	-3.35583e-19	3.53096e-19
15216.70000	-1.31372e-19	3.59207e-19
15218.40000	-2.29059e-19	3.58610e-19
15220.00000	-5.80748e-19	3.49579e-19
15221.60000	-4.78021e-19	3.44183e-19
15223.30000	1.99321e-19	3.49361e-19
15224.90000	5.00463e-19	3.42088e-19
15226.50000	-3.05496e-19	3.51560e-19
15228.10000	1.65496e-20	3.60306e-19
15229.80000	-1.27448e-19	4.03619e-19
15231.40000	3.31795e-19	4.39872e-19
15233.00000	9.81067e-20	4.72168e-19
15234.70000	-6.13191e-20	5.29218e-19
15236.30000	-1.00355e-18	8.39985e-19
15237.90000	-4.65004e-19	1.99526e-18
15239.50000	1.58555e-18	3.95162e-18
15241.20000	-4.01717e-18	4.61365e-18
15242.80000	2.64610e-18	3.55680e-18
15244.40000	4.36429e-21	1.88037e-18
15246.10000	-8.19352e-19	6.97308e-19
15247.70000	4.64866e-19	4.26793e-19
15249.30000	2.72205e-19	3.61224e-19
15251.00000	1.19919e-19	3.39440e-19
15252.60000	3.77223e-19	3.40216e-19
15254.20000	-2.93428e-19	3.40632e-19
15255.80000	1.55035e-19	3.12482e-19
15257.50000	-1.88501e-21	3.10604e-19
15259.10000	-2.22155e-19	3.10533e-19
15260.70000	3.50276e-19	3.12813e-19
15262.40000	-4.16652e-19	3.34671e-19
15264.00000	-4.57267e-19	3.60453e-19
15265.60000	3.13507e-19	4.02336e-19
15267.20000	2.69845e-19	4.44918e-19
15268.90000	1.61569e-19	4.59063e-19
15270.50000	7.09724e-19	4.45400e-19
15272.10000	2.35838e-19	4.02462e-19
15273.80000	1.13633e-19	3.50631e-19
15275.40000	4.83310e-19	3.20011e-19
15277.00000	6.50638e-21	3.20867e-19
15278.60000	-3.60312e-19	3.26325e-19
15280.30000	3.14283e-19	3.79105e-19
15281.90000	4.12460e-22	4.88211e-19
15283.50000	-9.71948e-19	7.71332e-19
15285.20000	-1.43809e-19	1.63022e-18
15286.80000	-1.84802e-18	2.57683e-18
15288.40000	4.21083e-19	2.65880e-18
15290.00000	3.72201e-19	1.86240e-18
15291.70000	4.88771e-19	9.46799e-19
15293.30000	-2.77212e-19	4.66574e-19
15294.90000	6.18391e-19	3.55609e-19
15296.60000	2.25808e-19	3.33146e-19
15298.20000	5.35576e-20	3.37584e-19
15299.80000	3.77713e-19	3.04650e-19
15301.40000	4.93060e-19	3.03560e-19
15303.10000	2.96299e-19	3.00227e-19
15304.70000	-3.72268e-19	3.02334e-19
15306.30000	5.06739e-20	3.15311e-19
15308.00000	-3.87154e-20	3.89686e-19
15309.60000	1.58048e-19	5.11944e-19
15311.20000	5.13874e-20	5.54274e-19
15312.90000	-2.24543e-19	4.73409e-19
15314.50000	-5.05156e-20	3.70597e-19
15316.10000	1.35175e-19	3.28302e-19
15317.70000	3.83577e-19	3.17079e-19
15319.40000	-2.21675e-19	3.16148e-19
15321.00000	2.31686e-19	3.20708e-19
15322.60000	5.50745e-19	3.44913e-19
15324.30000	5.16805e-19	3.68014e-19
15325.90000	-5.09564e-20	4.54161e-19
15327.50000	-7.72686e-19	7.74521e-19
15329.10000	2.30742e-18	1.88383e-18
15330.80000	6.96390e-18	4.03111e-18
15332.40000	-5.58609e-19	4.74371e-18
15334.00000	-5.28225e-19	3.86175e-18
15335.70000	1.09271e-18	2.09634e-18
15337.30000	-3.66962e-19	7.62828e-19
15338.90000	-1.34791e-19	4.25561e-19
15340.50000	-2.19871e-19	3.60266e-19
15342.20000	-1.06990e-19	3.36930e-19
15343.80000	2.87589e-19	3.40121e-19
15345.40000	-1.55868e-19	4.17448e-19
15347.10000	-2.80123e-19	6.29939e-19
15348.70000	-5.49709e-19	7.22801e-19
15350.30000	-4.81522e-19	6.51244e-19
15351.90000	-2.89573e-19	4.61927e-19
15353.60000	2.10326e-19	3.57110e-19
15355.20000	-2.81927e-19	3.36270e-19
15356.80000	-4.43236e-19	3.45061e-19
15358.50000	-3.69440e-19	3.31297e-19
15360.10000	3.04136e-19	2.98583e-19
15361.70000	4.21517e-19	2.89883e-19
15363.30000	5.43191e-19	2.88628e-19
15365.00000	-8.06300e-20	2.88431e-19
15366.60000	-6.29087e-20	2.87857e-19
15368.20000	4.42017e-19	2.92373e-19
15369.90000	-2.16913e-19	3.32124e-19
15371.50000	-3.86382e-19	4.20212e-19
15373.10000	-3.45335e-19	5.25816e-19
15374.80000	-9.48687e-20	6.40600e-19
15376.40000	5.19654e-19	6.86748e-19
15378.00000	4.51859e-19	6.43614e-19
15379.60000	-1.00129e-19	5.42897e-19
15381.30000	2.60741e-19	4.12500e-19
15382.90000	5.85192e-19	3.48569e-19
15384.50000	2.22843e-19	3.82329e-19
15386.20000	2.37809e-19	4.94196e-19
15387.80000	5.51043e-19	5.57215e-19
15389.40000	7.54950e-20	5.98309e-19
15391.00000	4.05799e-19	7.54004e-19
15392.70000	8.75080e-19	1.52173e-18
15394.30000	-5.18652e-19	2.39147e-18
15395.90000	6.32768e-19	2.51849e-18
15397.60000	4.07756e-18	1.73914e-18
15399.20000	4.50388e-19	8.16415e-19
15400.80000	2.98731e-19	4.14123e-19
15402.40000	7.66558e-19	3.75558e-19
15404.10000	4.76487e-19	4.57670e-19
15405.70000	-1.01217e-18	5.45121e-19
15407.30000	4.92342e-19	5.44838e-19
15409.00000	2.78522e-19	4.95977e-19
15410.60000	-2.30657e-19	4.69029e-19
15412.20000	-3.18717e-20	4.64441e-19
15413.80000	5.37064e-19	4.19234e-19
15415.50000	-1.39062e-19	3.47851e-19
15417.10000	-1.64790e-19	3.51387e-19
15418.70000	-7.99032e-20	3.22927e-19
15420.40000	9.81280e-20	3.41271e-19
15422.00000	2.88784e-19	3.74533e-19
15423.60000	4.13798e-19	4.10022e-19
15425.20000	2.23990e-19	4.70630e-19
15426.90000	-8.61188e-20	6.55887e-19
15428.50000	3.21800e-19	1.39057e-18
15430.10000	1.92759e-19	2.92857e-18
15431.80000	-2.55128e-19	3.70164e-18
15433.40000	2.59079e-18	3.35485e-18
15435.00000	-2.04051e-18	2.05714e-18
15436.70000	-6.86740e-20	9.74890e-19
15438.30000	-8.18901e-19	5.97933e-19
15439.90000	2.06843e-19	5.19901e-19
15441.50000	6.46766e-19	4.36932e-19
15443.20000	2.33125e-20	3.40528e-19
15444.80000	3.35702e-19	2.97877e-19
15446.40000	-2.11789e-21	2.89475e-19
15448.10000	7.02920e-19	2.82200e-19
15449.70000	6.85272e-19	2.81775e-19
15451.30000	5.07716e-19	3.07025e-19
15452.90000	5.32546e-19	2.87199e-19
15454.60000	3.07858e-19	2.89859e-19
15456.20000	1.97380e-19	2.96885e-19
15457.80000	-4.51921e-20	3.42079e-19
15459.50000	2.41400e-19	5.37709e-19
15461.10000	-1.04841e-19	7.58283e-19
15462.70000	-9.89265e-19	7.81968e-19
15464.30000	-1.83234e-22	6.11663e-19
15466.00000	3.06484e-19	4.70031e-19
15467.60000	7.84454e-19	3.96484e-19
15469.20000	5.99592e-19	3.92234e-19
15470.90000	3.68679e-19	4.19204e-19
15472.50000	5.53380e-19	5.80766e-19
15474.10000	5.43254e-19	6.88301e-19
15475.70000	-5.61628e-19	6.17381e-19
15477.40000	-1.07587e-18	4.32316e-19
15479.00000	-2.75401e-19	3.26534e-19
15480.60000	-5.67258e-19	2.88910e-19
15482.30000	-6.01202e-20	2.95877e-19
15483.90000	1.50602e-19	3.11697e-19
15485.50000	3.15843e-19	4.21395e-19
15487.10000	7.47184e-20	6.17597e-19
15488.80000	-1.39330e-19	6.66248e-19
15490.40000	-4.17721e-19	5.51422e-19
15492.00000	-2.03169e-19	4.07904e-19
15493.70000	4.87010e-19	3.42343e-19
15495.30000	1.76296e-19	3.16819e-19
15496.90000	1.82737e-19	4.53667e-19
15498.60000	2.47094e-19	9.44594e-19
15500.20000	9.11113e-19	1.32901e-18
15501.80000	-6.40615e-19	1.26492e-18
15503.40000	4.02615e-19	8.60274e-19
15505.10000	2.86132e-19	6.06952e-19
15506.70000	2.15462e-18	8.99650e-19
15508.30000	1.96406e-18	1.78618e-18
15510.00000	-5.97175e-19	1.96369e-18
15511.60000	3.11644e-19	1.48386e-18
15513.20000	3.17646e-19	8.79621e-19
15514.80000	-3.05413e-19	7.32220e-19
15516.50000	-7.98220e-20	9.67498e-19
15518.10000	6.56514e-19	1.04142e-18
15519.70000	1.80522e-19	8.06093e-19
15521.40000	7.62919e-19	4.66159e-19
15523.00000	3.25664e-19	3.04156e-19
15524.60000	-8.77838e-20	2.72865e-19
15526.20000	-9.57947e-20	2.85399e-19
15527.90000	-3.11708e-20	2.79788e-19
15529.50000	-3.32957e-19	2.78382e-19
15531.10000	-4.01878e-19	3.15879e-19
15532.80000	-7.04455e-20	3.12686e-19
15534.40000	3.32139e-19	3.71168e-19
15536.00000	5.48957e-19	6.60479e-19
15537.60000	7.29624e-19	1.59378e-18
15539.30000	1.46798e-18	2.42814e-18
15540.90000	5.40529e-18	2.55974e-18
15542.50000	-9.71132e-19	2.16877e-18
15544.20000	3.07489e-18	2.02493e-18
15545.80000	-1.91163e-18	2.08227e-18
15547.40000	1.40818e-18	1.82752e-18
15549.10000	-5.36919e-19	1.05164e-18
15550.70000	-2.48630e-19	4.84182e-19
15552.30000	6.90510e-19	3.12838e-19
15553.90000	-3.90685e-20	2.89484e-19
15555.60000	-1.75582e-19	2.75996e-19
15557.20000	-3.13066e-19	2.78727e-19
15558.80000	-5.03533e-19	3.17795e-19
15560.50000	-1.32381e-19	3.72648e-19
15562.10000	-5.25070e-22	3.96251e-19
15563.70000	7.77445e-20	3.80930e-19
15565.30000	6.40150e-19	3.98015e-19
15567.00000	-5.60738e-19	6.68446e-19
15568.60000	-4.96381e-19	1.28937e-18
15570.20000	-2.31326e-18	1.49174e-18
15571.90000	-9.87516e-19	1.18931e-18
15573.50000	2.12009e-19	7.09911e-19
15575.10000	-2.38643e-19	4.14258e-19
15576.70000	-7.51181e-20	3.58444e-19
15578.40000	2.65041e-19	3.81387e-19
15580.00000	7.28190e-19	4.13782e-19
15581.60000	4.22091e-19	4.20286e-19
15583.30000	8.69177e-20	3.65681e-19
15584.90000	-2.42709e-19	3.07571e-19
15586.50000	-4.22776e-20	2.81741e-19
15588.10000	2.89445e-19	2.80274e-19
15589.80000	5.21898e-19	3.07867e-19
15591.40000	-3.87469e-19	3.51043e-19
15593.00000	-5.18694e-19	5.62615e-19
15594.70000	-1.11726e-18	1.47508e-18
15596.30000	4.57371e-18	2.57965e-18
15597.90000	2.82153e-18	2.78015e-18
15599.50000	5.96065e-20	2.09308e-18
15601.20000	2.40535e-18	9.88008e-19
15602.80000	3.79616e-19	4.25019e-19
15604.40000	-8.03131e-20	2.96166e-19
15606.10000	1.87773e-19	2.77154e-19
15607.70000	4.20737e-19	2.75077e-19
15609.30000	-2.77881e-19	3.25991e-19
15611.00000	-2.57751e-19	4.49902e-19
15612.60000	-1.16683e-18	5.51305e-19
15614.20000	2.86732e-19	4.90111e-19
15615.80000	1.01765e-18	3.82612e-19
15617.50000	-5.69139e-19	3.11988e-19
15619.10000	9.29077e-21	3.09978e-19
15620.70000	-6.62192e-20	3.14161e-19
15622.40000	-5.30033e-19	2.99516e-19
15624.00000	-3.41267e-20	2.98764e-19
15625.60000	3.48666e-19	3.23187e-19
15627.20000	-5.23840e-19	5.27996e-19
15628.90000	-3.12161e-19	1.28530e-18
15630.50000	1.11337e-18	2.04314e-18
15632.10000	-3.23791e-18	2.11761e-18
15633.80000	-2.97525e-19	1.49114e-18
15635.40000	-9.19654e-19	6.70472e-19
15637.00000	3.41700e-19	3.49837e-19
15638.60000	1.69147e-19	3.42720e-19
15640.30000	-5.53295e-20	3.75177e-19
15641.90000	-7.97149e-20	3.70917e-19
15643.50000	7.49214e-20	3.08608e-19
15645.20000	-7.99813e-19	2.80514e-19
15646.80000	-2.03588e-19	2.86243e-19
15648.40000	1.83793e-19	3.22657e-19
15650.00000	1.32902e-19	5.07262e-19
15651.70000	2.13628e-19	1.30410e-18
15653.30000	-2.38864e-19	2.80641e-18
15654.90000	6.60763e-18	3.68040e-18
15656.60000	2.40010e-18	3.20912e-18
15658.20000	1.84102e-18	1.88327e-18
15659.80000	-2.44284e-18	9.87981e-19
15661.40000	-9.17909e-19	4.94208e-19
15663.10000	5.20085e-19	3.03608e-19
15664.70000	5.53424e-19	2.85609e-19
15666.30000	4.00379e-19	2.74403e-19
15668.00000	4.72615e-19	3.03352e-19
15669.60000	-7.79955e-20	3.04055e-19
15671.20000	3.79583e-19	3.07027e-19
15672.90000	5.38917e-19	2.72961e-19
15674.50000	-2.00789e-19	2.69682e-19
15676.10000	1.77045e-19	2.69358e-19
15677.70000	-1.08919e-19	2.72798e-19
15679.40000	-2.44748e-19	2.73070e-19
15681.00000	-1.19981e-19	2.85353e-19
15682.60000	-1.97420e-20	3.19519e-19
15684.30000	-4.50867e-19	3.18339e-19
15685.90000	-5.74833e-19	3.14888e-19
15687.50000	7.73941e-20	3.02605e-19
15689.10000	-1.62365e-20	2.96553e-19
15690.80000	1.97045e-19	2.84338e-19
15692.40000	1.06249e-19	2.80213e-19
15694.00000	6.69856e-20	2.83010e-19
15695.70000	-3.26962e-19	3.23762e-19
15697.30000	-6.55488e-19	4.54508e-19
15698.90000	-1.31917e-18	6.95013e-19
15700.50000	-1.68888e-18	1.43630e-18
15702.20000	4.71144e-19	1.80481e-18
15703.80000	2.27492e-18	1.61119e-18
15705.40000	9.85241e-19	9.56736e-19
15707.10000	-5.45703e-19	4.22768e-19
15708.70000	-5.86141e-19	3.06446e-19
15710.30000	-1.05280e-19	3.21080e-19
15711.90000	7.32772e-19	3.22472e-19
15713.60000	-1.23441e-19	2.93036e-19
15715.20000	-6.04388e-21	2.65882e-19
15716.80000	2.04152e-19	2.76831e-19
15718.50000	1.51247e-19	3.41126e-19
15720.10000	2.89171e-19	3.46618e-19
15721.70000	3.26218e-19	4.13369e-19
15723.30000	-4.93550e-19	4.58006e-19
15725.00000	-2.28567e-19	4.63845e-19
15726.60000	-9.95379e-19	4.10146e-19
15728.20000	-3.99542e-20	3.47996e-19
15729.90000	5.02706e-19	3.50035e-19
15731.50000	7.17454e-20	3.86403e-19
15733.10000	-9.46343e-20	3.97989e-19
15734.80000	-1.33183e-19	3.76466e-19
15736.40000	3.60094e-19	3.84719e-19
15738.00000	1.58991e-19	3.91360e-19
15739.60000	1.01412e-19	3.82959e-19
15741.30000	-3.58605e-19	3.26259e-19
15742.90000	2.15947e-19	2.91960e-19
15744.50000	3.73094e-19	3.06861e-19
15746.20000	-1.35200e-19	3.39549e-19
15747.80000	8.99241e-20	3.40566e-19
15749.40000	2.58841e-19	3.41011e-19
15751.00000	4.29946e-19	3.59022e-19
15752.70000	5.91601e-19	3.69721e-19
15754.30000	3.78154e-19	3.40922e-19
15755.90000	-3.06506e-19	3.28503e-19
15757.60000	2.57268e-19	5.55628e-19
15759.20000	4.70502e-19	9.96237e-19
15760.80000	1.97343e-18	7.79222e-19
15762.40000	4.46931e-19	6.61032e-19
15764.10000	6.41566e-20	4.71224e-19
15765.70000	1.00420e-19	4.30554e-19
15767.30000	9.50829e-20	4.17345e-19
15769.00000	6.26287e-20	3.34124e-19
15770.60000	2.14862e-19	2.83839e-19
15772.20000	-1.17209e-19	2.89907e-19
15773.80000	-1.71776e-19	3.24363e-19
15775.50000	2.45874e-20	3.39940e-19
15777.10000	3.57249e-19	4.01138e-19
15778.70000	-9.21834e-20	6.64248e-19
15780.40000	1.23553e-18	9.73163e-19
15782.00000	-1.72211e-19	1.00699e-18
15783.60000	9.15602e-19	8.27462e-19
15785.20000	1.19166e-18	5.47631e-19
15786.90000	-4.37563e-19	3.50977e-19
15788.50000	-5.78264e-21	2.98017e-19
15790.10000	2.15054e-21	3.05695e-19
15791.80000	-1.04676e-20	3.61853e-19
15793.40000	-2.55253e-19	3.69221e-19
15795.00000	-2.03875e-20	3.48935e-19
15796.70000	4.00103e-19	3.02182e-19
15798.30000	-1.35156e-19	3.00715e-19
15799.90000	-1.50803e-19	3.58408e-19
15801.50000	4.28763e-19	5.08317e-19
15803.20000	6.85931e-19	6.13479e-19
15804.80000	7.88916e-19	6.42927e-19
15806.40000	4.10462e-19	7.01318e-19
15808.10000	-3.77627e-19	7.70632e-19
15809.70000	-8.38173e-19	7.37553e-19
15811.30000	4.15679e-19	5.27457e-19
15812.90000	2.05447e-19	3.65005e-19
15814.60000	-4.05694e-19	3.05532e-19
15816.20000	9.90567e-20	2.84362e-19
15817.80000	3.96150e-19	2.77450e-19
15819.50000	-2.96141e-20	2.75149e-19
15821.10000	-1.41920e-19	2.94971e-19
15822.70000	-5.14512e-19	3.24144e-19
15824.30000	-6.34478e-19	3.70743e-19
15826.00000	-5.90125e-19	5.26744e-19
15827.60000	-1.07051e-19	1.06177e-18
15829.20000	1.43651e-18	2.09308e-18
15830.90000	-4.75014e-19	3.76765e-18
15832.50000	6.58144e-19	5.27302e-18
15834.10000	-2.53764e-19	4.91555e-18
15835.70000	-2.33960e-19	2.83709e-18
15837.40000	-5.61066e-19	1.04737e-18
15839.00000	5.62258e-20	6.65075e-19
15840.60000	-4.18828e-19	8.55806e-19
15842.30000	-2.36661e-19	1.02916e-18
15843.90000	-7.59417e-19	1.18299e-18
15845.50000	-1.44575e-18	2.12532e-18
15847.20000	-3.97595e-18	3.19782e-18
15848.80000	-2.59998e-19	2.92083e-18
15850.40000	1.14482e-18	1.86356e-18
15852.00000	-6.22742e-19	7.80671e-19
15853.70000	-4.09651e-19	4.34269e-19
15855.30000	6.97942e-19	3.63567e-19
15856.90000	-5.49172e-20	3.57708e-19
15858.60000	-1.53470e-20	4.20355e-19
15860.20000	-5.46439e-19	5.56796e-19
15861.80000	-5.06844e-19	6.26194e-19
15863.40000	-3.18891e-19	6.59483e-19
15865.10000	-1.36169e-18	7.50938e-19
15866.70000	-8.36872e-19	1.16783e-18
15868.30000	-5.85571e-19	1.61679e-18
15870.00000	-1.01596e-18	1.64873e-18
15871.60000	3.95235e-19	1.23278e-18
15873.20000	9.04372e-19	7.44421e-19
15874.80000	-1.87192e-19	5.43788e-19
15876.50000	-1.47641e-19	4.35231e-19
15878.10000	-5.07665e-19	3.51178e-19
15879.70000	3.63396e-19	3.05007e-19
15881.40000	4.88795e-19	3.08201e-19
15883.00000	8.80794e-20	3.14578e-19
15884.60000	-3.50246e-19	3.09920e-19
15886.20000	-2.44100e-19	3.53921e-19
15887.90000	-5.28557e-19	4.29600e-19
15889.50000	-4.66266e-19	5.04725e-19
15891.10000	-5.09647e-19	5.02063e-19
15892.80000	-5.02413e-19	5.30607e-19
15894.40000	-2.30543e-19	7.41295e-19
15896.00000	-3.96236e-19	9.20059e-19
15897.60000	-1.01843e-18	9.75398e-19
15899.30000	-1.32669e-18	8.41832e-19
15900.90000	-1.00983e-18	6.05339e-19
15902.50000	-1.23618e-19	4.00980e-19
15904.20000	-8.47959e-21	3.03692e-19
15905.80000	-5.62707e-20	2.53151e-19
15907.40000	-4.90952e-19	2.40965e-19
15909.10000	-4.15257e-19	2.57650e-19
15910.70000	4.32472e-20	3.04831e-19
15912.30000	-2.85478e-20	4.06057e-19
15913.90000	1.20855e-19	5.09992e-19
15915.60000	1.61691e-19	5.78772e-19
15917.20000	1.43260e-19	5.30240e-19
15918.80000	1.27919e-19	4.04608e-19
15920.50000	-8.19493e-20	2.91127e-19
15922.10000	3.33299e-19	2.74692e-19
15923.70000	1.62035e-19	3.17433e-19
15925.30000	-3.22642e-19	3.39942e-19
15927.00000	-3.49118e-19	3.67427e-19
15928.60000	3.63892e-19	4.08936e-19
15930.20000	2.68733e-19	4.12052e-19
15931.90000	2.26184e-19	4.27834e-19
15933.50000	-5.72689e-20	4.22632e-19
15935.10000	-9.44048e-19	4.06401e-19
15936.70000	1.40577e-19	3.44543e-19
15938.40000	1.21934e-19	2.72355e-19
15940.00000	2.85879e-20	2.53691e-19
15941.60000	3.11408e-19	2.60194e-19
15943.30000	3.21118e-19	2.62800e-19
15944.90000	1.20756e-20	2.66144e-19
15946.50000	5.45178e-20	2.67474e-19
15948.10000	-3.73140e-19	2.59774e-19
15949.80000	-3.18085e-19	2.43387e-19
15951.40000	-2.35738e-20	2.50758e-19
15953.00000	1.61264e-19	2.74469e-19
15954.70000	-3.03338e-19	2.62577e-19
15956.30000	-3.39170e-19	2.55732e-19
15957.90000	-1.22357e-20	2.43660e-19
15959.50000	6.80502e-20	2.39603e-19
15961.20000	2.08922e-19	2.42148e-19
15962.80000	1.72249e-19	2.45677e-19
15964.40000	1.75358e-19	2.58740e-19
15966.10000	2.88013e-19	2.93503e-19
15967.70000	3.95912e-19	3.86068e-19
15969.30000	1.06035e-18	7.92195e-19
15971.00000	2.20208e-18	1.96003e-18
15972.60000	2.83380e-18	2.46638e-18
15974.20000	-2.83626e-18	1.87012e-18
15975.80000	-1.14575e-18	8.23590e-19
15977.50000	-1.17091e-19	3.99568e-19
15979.10000	7.21751e-20	3.05777e-19
15980.70000	-3.23666e-19	2.78266e-19
15982.40000	-2.25631e-19	2.84305e-19
15984.00000	-2.42856e-20	2.77973e-19
15985.60000	3.34797e-19	2.71792e-19
15987.20000	4.30917e-19	2.59912e-19
15988.90000	1.99817e-20	2.50104e-19
15990.50000	3.82291e-20	2.50593e-19
15992.10000	5.90471e-19	2.45818e-19
15993.80000	-4.39540e-20	2.54263e-19
15995.40000	2.44792e-19	2.59014e-19
15997.00000	3.11131e-19	2.49340e-19
15998.60000	-2.37561e-19	2.51690e-19
16000.30000	1.22056e-19	2.57319e-19
16001.90000	6.68527e-19	2.61382e-19
16003.50000	4.17273e-19	2.62122e-19
16005.20000	1.31518e-19	2.62424e-19
16006.80000	-1.00691e-19	2.63903e-19
16008.40000	9.48560e-20	2.65511e-19
16010.00000	1.58823e-19	2.71275e-19
16011.70000	5.78051e-20	2.99672e-19
16013.30000	-1.18986e-19	3.25480e-19
16014.90000	-1.03686e-19	3.91996e-19
16016.60000	7.69938e-21	3.46319e-19
16018.20000	1.45391e-19	2.87348e-19
16019.80000	1.41785e-19	2.85589e-19
16021.40000	1.77167e-19	2.95221e-19
16023.10000	5.24340e-19	3.21065e-19
16024.70000	5.76779e-19	3.85463e-19
16026.30000	-4.30543e-19	6.35824e-19
16028.00000	-1.27548e-18	1.85593e-18
16029.60000	-9.67044e-18	4.25126e-18
16031.20000	-9.44302e-18	4.58617e-18
16032.90000	-3.23673e-18	3.00841e-18
16034.50000	-4.74919e-19	1.09440e-18
16036.10000	-9.05916e-19	5.15386e-19
16037.70000	-3.50096e-20	3.72643e-19
16039.40000	-1.47912e-19	3.94665e-19
16041.00000	-2.95282e-19	4.65486e-19
16042.60000	-5.48030e-19	4.83813e-19
16044.30000	-4.90824e-19	4.22331e-19
16045.90000	-2.54764e-19	3.25087e-19
16047.50000	-3.24108e-19	2.73127e-19
16049.10000	-2.08626e-19	2.63446e-19
16050.80000	1.78184e-19	2.68593e-19
16052.40000	-3.98723e-19	2.84595e-19
16054.00000	-2.94332e-19	3.23776e-19
16055.70000	1.19186e-19	3.91867e-19
16057.30000	-3.49087e-19	4.46212e-19
16058.90000	2.59002e-19	4.75519e-19
16060.50000	-2.14501e-20	4.07102e-19
16062.20000	-4.09285e-19	3.37794e-19
16063.80000	-2.30212e-19	3.12003e-19
16065.40000	1.53677e-19	3.30136e-19
16067.10000	1.38169e-20	3.44042e-19
16068.70000	-1.26508e-19	3.45757e-19
16070.30000	1.46643e-19	3.48883e-19
16071.90000	4.50109e-19	3.86172e-19
16073.60000	4.04673e-19	4.31390e-19
16075.20000	-4.51290e-19	5.51605e-19
16076.80000	-2.94506e-18	1.14024e-18
16078.50000	-3.28150e-18	2.57373e-18
16080.10000	-4.34559e-18	2.82023e-18
16081.70000	-1.80163e-18	1.93375e-18
16083.30000	1.11966e-19	7.34327e-19
16085.00000	-4.08480e-19	3.67782e-19
16086.60000	1.64611e-19	3.26798e-19
16088.20000	-6.50551e-20	3.02616e-19
16089.90000	1.93624e-19	2.93737e-19
16091.50000	2.34109e-19	3.20155e-19
16093.10000	-2.16175e-20	3.22331e-19
16094.80000	-4.42356e-19	3.42315e-19
16096.40000	-5.72477e-21	3.82463e-19
16098.00000	-5.58847e-20	3.81376e-19
16099.60000	-9.35320e-20	3.25080e-19
16101.30000	-1.24742e-19	3.00204e-19
16102.90000	-9.79906e-20	2.97233e-19
16104.50000	-3.02327e-19	2.83393e-19
16106.20000	-2.25771e-19	2.60461e-19
16107.80000	-9.09538e-20	2.84774e-19
16109.40000	3.78291e-19	2.96124e-19
16111.00000	2.92589e-19	2.53774e-19
16112.70000	2.51238e-19	2.57046e-19
16114.30000	-2.20412e-19	2.73691e-19
16115.90000	-1.45694e-19	3.68860e-19
16117.60000	3.27794e-19	4.78892e-19
16119.20000	6.64494e-19	5.12630e-19
16120.80000	1.81407e-19	4.58086e-19
16122.40000	-6.96121e-19	4.21326e-19
16124.10000	-6.40646e-19	6.35383e-19
16125.70000	-4.47756e-19	1.77618e-18
16127.30000	-2.43611e-18	4.42187e-18
16129.00000	-1.05805e-18	4.58150e-18
16130.60000	-1.68145e-18	3.11479e-18
16132.20000	-3.25258e-18	1.19597e-18
16133.80000	-6.07409e-19	4.65835e-19
16135.50000	-5.13366e-19	3.46899e-19
16137.10000	-3.92851e-20	3.01401e-19
16138.70000	-2.38992e-19	2.77587e-19
16140.40000	3.34095e-20	2.71130e-19
16142.00000	2.73920e-19	2.81281e-19
16143.60000	-1.78118e-19	2.77225e-19
16145.20000	3.04636e-19	2.76416e-19
16146.90000	-2.06502e-19	2.76115e-19
16148.50000	-3.32791e-19	2.79416e-19
16150.10000	-3.74132e-19	2.90548e-19
16151.80000	-3.48413e-19	3.11729e-19
16153.40000	-1.03032e-19	3.10571e-19
16155.00000	-2.37431e-19	3.24182e-19
16156.70000	3.16732e-19	4.47805e-19
16158.30000	3.57704e-19	6.58466e-19
16159.90000	-3.33558e-20	7.12813e-19
16161.50000	-6.62228e-19	5.64029e-19
16163.20000	7.22820e-21	3.41870e-19
16164.80000	3.71672e-19	2.93593e-19
16166.40000	-8.07466e-20	2.88742e-19
16168.10000	1.73724e-19	2.90642e-19
16169.70000	-2.79212e-19	3.21549e-19
16171.30000	1.80819e-20	3.34999e-19
16172.90000	-2.97253e-19	3.33658e-19
16174.60000	-3.67928e-20	3.15621e-19
16176.20000	2.00270e-19	2.93697e-19
16177.80000	-1.20823e-19	2.81911e-19
16179.50000	2.74747e-19	2.70680e-19
16181.10000	5.65574e-19	2.57633e-19
16182.70000	3.25892e-19	2.66885e-19
16184.30000	-2.69906e-19	2.82658e-19
16186.00000	-1.31336e-19	2.83843e-19
16187.60000	-2.14092e-19	3.08922e-19
16189.20000	-2.93301e-19	3.83722e-19
16190.90000	6.56790e-19	6.42573e-19
16192.50000	1.83288e-19	1.61983e-18
16194.10000	-3.83513e-19	2.37886e-18
16195.70000	1.32144e-18	2.27850e-18
16197.40000	8.37288e-19	1.12763e-18
16199.00000	-1.93197e-20	4.46608e-19
16200.60000	1.00295e-18	2.99656e-19
16202.30000	3.04763e-19	2.79596e-19
16203.90000	-6.90931e-20	3.00342e-19
16205.50000	1.79465e-19	3.06450e-19
16207.20000	3.74293e-19	3.78487e-19
16208.80000	-1.09580e-18	4.51374e-19
16210.40000	2.91473e-19	4.45398e-19
16212.00000	-2.06813e-19	3.87752e-19
16213.70000	-3.11713e-19	3.19735e-19
16215.30000	5.46597e-20	2.73926e-19
16216.90000	-6.98547e-20	2.78998e-19
16218.60000	2.47234e-19	3.84901e-19
16220.20000	2.96125e-19	4.97642e-19
16221.80000	2.58675e-19	5.68168e-19
16223.40000	-5.09913e-19	5.34986e-19
16225.10000	3.53937e-19	4.58411e-19
16226.70000	5.29546e-20	4.64466e-19
16228.30000	-1.68973e-19	5.61036e-19
16230.00000	7.87596e-19	6.48217e-19
16231.60000	-1.07660e-18	1.05387e-18
16233.20000	3.40471e-19	2.51329e-18
16234.80000	1.55171e-18	3.77313e-18
16236.50000	8.10139e-19	3.39356e-18
16238.10000	-3.51960e-18	1.84392e-18
16239.70000	-4.83723e-20	6.40090e-19
16241.40000	6.12335e-19	3.79253e-19
16243.00000	4.06003e-19	4.15606e-19
16244.60000	8.66106e-19	5.58040e-19
16246.20000	5.99377e-19	5.74872e-19
16247.90000	6.94354e-19	4.74997e-19
16249.50000	3.69890e-19	3.52127e-19
16251.10000	2.86892e-19	4.00224e-19
16252.80000	8.25593e-20	4.26665e-19
16254.40000	2.87897e-19	3.96146e-19
16256.00000	1.03921e-19	3.30226e-19
16257.60000	5.28519e-20	3.31537e-19
16259.30000	-2.55684e-20	3.29607e-19
16260.90000	1.07167e-19	3.20193e-19
16262.50000	3.12289e-21	3.04264e-19
16264.20000	1.11659e-19	2.97756e-19
16265.80000	-3.09823e-21	3.12498e-19
16267.40000	-1.44361e-19	3.80127e-19
16269.10000	2.66685e-19	5.56174e-19
16270.70000	-1.35191e-19	6.12894e-19
16272.30000	2.26241e-19	4.81367e-19
16273.90000	-4.54421e-19	3.04943e-19
16275.60000	4.69219e-19	2.93542e-19
16277.20000	5.47901e-19	3.90247e-19
16278.80000	6.77016e-19	4.65455e-19
16280.50000	4.44560e-20	4.72016e-19
16282.10000	-1.88578e-19	3.60553e-19
16283.70000	-6.13634e-19	2.80915e-19
16285.30000	-1.14267e-19	2.66198e-19
16287.00000	-1.01121e-19	2.64727e-19
16288.60000	6.34209e-20	2.65567e-19
16290.20000	-4.75881e-19	2.58435e-19
16291.90000	1.19150e-19	2.57495e-19
16293.50000	5.73351e-19	2.53131e-19
16295.10000	3.06057e-19	2.47707e-19
16296.70000	2.35348e-19	2.46681e-19
16298.40000	1.18406e-19	2.92776e-19
16300.00000	-2.43518e-19	5.43433e-19
16301.60000	1.09742e-18	7.78402e-19
16303.30000	1.27736e-19	8.44773e-19
16304.90000	-6.56314e-19	7.46214e-19
16306.50000	-1.56010e-20	6.40937e-19
16308.10000	9.30282e-20	6.35517e-19
16309.80000	2.15085e-19	5.15114e-19
16311.40000	-4.00593e-20	3.81460e-19
16313.00000	-3.85771e-19	5.21170e-19
16314.70000	1.56230e-18	1.23264e-18
16316.30000	3.50993e-18	1.89779e-18
16317.90000	1.83785e-18	1.76602e-18
16319.50000	-5.27232e-19	1.04184e-18
16321.20000	2.13359e-19	4.35097e-19
16322.80000	-2.80433e-19	2.74341e-19
16324.40000	-1.48520e-19	2.58088e-19
16326.10000	-6.32834e-20	2.53724e-19
16327.70000	-2.81375e-20	2.44688e-19
16329.30000	2.71067e-19	2.45276e-19
16331.00000	9.86097e-20	2.51052e-19
16332.60000	4.46850e-19	2.42119e-19
16334.20000	1.41578e-19	2.47114e-19
16335.80000	3.77422e-19	2.64332e-19
16337.50000	-1.68498e-19	3.63786e-19
16339.10000	-8.24091e-19	7.48941e-19
16340.70000	-2.88105e-18	1.24228e-18
16342.40000	6.22696e-19	1.28193e-18
16344.00000	-7.58091e-19	9.10183e-19
16345.60000	2.69947e-19	5.40805e-19
16347.20000	4.67404e-19	6.84875e-19
16348.90000	1.57599e-19	1.79644e-18
16350.50000	-3.35965e-19	2.77406e-18
16352.10000	-3.34757e-19	2.43413e-18
16353.80000	3.78828e-18	1.53729e-18
16355.40000	-6.53257e-19	7.36414e-19
16357.00000	3.10733e-19	5.64596e-19
16358.60000	-1.59732e-19	8.42846e-19
16360.30000	1.68467e-19	1.02054e-18
16361.90000	2.75183e-20	9.96321e-19
16363.50000	-1.23974e-18	7.29834e-19
16365.20000	-9.09241e-19	6.12626e-19
16366.80000	-1.70722e-19	5.14651e-19
16368.40000	7.36383e-19	4.14011e-19
16370.00000	1.31872e-18	3.97581e-19
16371.70000	6.96074e-19	3.86699e-19
16373.30000	2.55709e-19	3.63347e-19
16374.90000	2.52235e-19	2.99546e-19
16376.60000	1.96357e-19	2.57748e-19
16378.20000	7.74734e-19	2.50328e-19
16379.80000	5.72886e-19	2.55411e-19
16381.40000	2.64232e-19	2.66519e-19
16383.10000	7.31213e-19	2.92159e-19
16384.70000	1.66466e-19	4.53213e-19
16386.30000	2.28335e-18	1.30970e-18
16388.00000	2.30578e-18	1.92125e-18
16389.60000	-1.43482e-18	1.71391e-18
16391.20000	-5.87092e-19	8.62043e-19
16392.90000	6.02685e-19	4.19946e-19
16394.50000	1.24464e-18	3.42187e-19
16396.10000	1.09138e-18	3.69286e-19
16397.70000	-7.82170e-20	3.81253e-19
16399.40000	7.52218e-19	3.29248e-19
16401.00000	8.84857e-20	2.75285e-19
16402.60000	-2.15865e-20	2.66730e-19
16404.30000	4.54174e-20	2.53038e-19
16405.90000	-3.59319e-19	2.67523e-19
16407.50000	-3.38436e-19	3.47446e-19
16409.10000	-2.08851e-20	3.78442e-19
16410.80000	2.45536e-19	4.48790e-19
16412.40000	-1.29965e-19	8.36034e-19
16414.00000	-4.78840e-19	1.29952e-18
16415.70000	2.58903e-19	1.24402e-18
16417.30000	5.73128e-19	6.69484e-19
16418.90000	7.76612e-19	3.46938e-19
16420.50000	-4.39239e-19	2.65655e-19
16422.20000	-5.93908e-19	2.40655e-19
16423.80000	-5.95411e-19	2.45561e-19
16425.40000	-4.15335e-19	2.58906e-19
16427.10000	-4.63343e-20	2.58095e-19
16428.70000	7.35206e-20	2.59369e-19
16430.30000	1.28039e-19	2.60248e-19
16431.90000	-1.50913e-19	2.62649e-19
16433.60000	8.61815e-20	2.63553e-19
16435.20000	4.14707e-19	2.85692e-19
16436.80000	2.22453e-19	3.81541e-19
16438.50000	1.50791e-18	6.90401e-19
16440.10000	1.25100e-18	1.79952e-18
16441.70000	-7.53950e-19	2.53195e-18
16443.30000	-6.74169e-19	2.31789e-18
16445.00000	-1.40476e-18	1.59419e-18
16446.60000	4.00855e-19	1.31746e-18
16448.20000	-1.71463e-19	1.28811e-18
16449.90000	8.81429e-19	8.33973e-19
16451.50000	1.88923e-19	4.42498e-19
16453.10000	-1.33777e-19	3.54477e-19
16454.80000	2.93574e-19	3.62254e-19
16456.40000	-4.82557e-20	3.69243e-19
16458.00000	-4.20069e-19	3.54002e-19
16459.60000	-4.42112e-19	3.41383e-19
16461.30000	2.32774e-19	3.32946e-19
16462.90000	-3.85961e-20	2.80569e-19
16464.50000	-1.95479e-19	2.40399e-19
16466.20000	1.08358e-20	2.38333e-19
16467.80000	-1.53645e-19	2.42865e-19
16469.40000	-9.03160e-20	2.50663e-19
16471.00000	1.17248e-19	2.92536e-19
16472.70000	3.63107e-19	5.22445e-19
16474.30000	1.12728e-18	1.19900e-18
16475.90000	1.72936e-18	1.79554e-18
16477.60000	3.13656e-18	2.30278e-18
16479.20000	3.21163e-19	2.30037e-18
16480.80000	1.14838e-18	1.53478e-18
16482.40000	-6.61353e-20	6.11874e-19
16484.10000	2.02832e-20	3.54356e-19
16485.70000	2.06513e-19	2.81005e-19
16487.30000	1.38596e-19	2.61789e-19
16489.00000	-5.30140e-20	2.64714e-19
16490.60000	-1.36685e-19	2.58388e-19
16492.20000	-8.51879e-21	2.56200e-19
16493.80000	9.76634e-20	2.61216e-19
16495.50000	1.54215e-19	2.68897e-19
16497.10000	2.14344e-19	3.11703e-19
16498.70000	-1.37219e-19	5.78045e-19
16500.40000	-2.49212e-18	1.86730e-18
16502.00000	-1.72611e-18	2.67479e-18
16503.60000	7.33564e-21	2.54451e-18
16505.20000	1.64398e-18	1.15829e-18
16506.90000	5.27867e-19	4.33562e-19
16508.50000	-1.47491e-19	2.96293e-19
16510.10000	-2.67813e-19	2.63211e-19
16511.80000	1.44583e-19	2.51901e-19
16513.40000	1.84683e-19	2.43751e-19
16515.00000	-1.11668e-19	2.41127e-19
16516.70000	7.54164e-20	2.57682e-19
16518.30000	-4.38664e-19	2.67454e-19
16519.90000	-2.53136e-19	2.56910e-19
16521.50000	2.41712e-20	2.42543e-19
16523.20000	-6.63562e-20	2.39816e-19
16524.80000	1.97180e-19	2.61180e-19
16526.40000	2.94864e-19	3.33647e-19
16528.10000	-1.09087e-19	4.05990e-19
16529.70000	-1.22534e-19	4.48967e-19
16531.30000	-2.44134e-19	4.19574e-19
16532.90000	-3.54595e-19	3.63971e-19
16534.60000	1.35481e-19	2.78092e-19
16536.20000	-1.58668e-19	2.89015e-19
16537.80000	-3.06228e-19	3.65780e-19
16539.50000	-1.07674e-19	4.10566e-19
16541.10000	-5.72165e-20	3.90919e-19
16542.70000	1.47706e-19	3.64323e-19
16544.30000	-1.81709e-19	3.41579e-19
16546.00000	-4.50787e-20	2.85490e-19
16547.60000	-7.93511e-20	2.56638e-19
16549.20000	-6.55548e-19	2.99943e-19
16550.90000	-1.64223e-18	6.55150e-19
16552.50000	-2.14056e-18	1.48241e-18
16554.10000	1.24278e-18	1.65622e-18
16555.70000	1.88186e-18	1.21884e-18
16557.40000	9.80871e-19	5.99598e-19
16559.00000	-4.53903e-19	4.02281e-19
16560.60000	-2.52114e-19	3.48424e-19
16562.30000	-1.58962e-19	2.67296e-19
16563.90000	-2.26055e-19	2.34219e-19
16565.50000	-1.38371e-19	2.27911e-19
16567.20000	7.92067e-20	2.29723e-19
16568.80000	-1.11792e-19	2.59554e-19
16570.40000	-1.64943e-19	2.36334e-19
16572.00000	3.05123e-19	2.20862e-19
16573.70000	6.85712e-20	2.20529e-19
16575.30000	4.09147e-19	2.30436e-19
16576.90000	4.86158e-20	2.24551e-19
16578.60000	-3.04686e-19	2.22591e-19
16580.20000	-2.41789e-19	2.24860e-19
16581.80000	-2.53019e-19	2.52734e-19
16583.40000	3.67917e-19	4.39056e-19
16585.10000	1.86301e-19	7.37400e-19
16586.70000	-3.89679e-20	7.97089e-19
16588.30000	-9.70550e-19	6.08330e-19
16590.00000	-9.92254e-19	3.36761e-19
16591.60000	2.84517e-19	2.37700e-19
16593.20000	-2.16075e-19	2.28989e-19
16594.80000	-2.21670e-20	2.33942e-19
16596.50000	1.16917e-19	2.39453e-19
16598.10000	-4.53947e-20	2.35461e-19
16599.70000	-3.40375e-20	2.29782e-19
16601.40000	-4.70369e-19	2.59415e-19
16603.00000	-2.54997e-19	2.45573e-19
16604.60000	-4.34099e-19	2.48740e-19
16606.20000	8.42038e-21	3.02599e-19
16607.90000	-9.34978e-19	5.66422e-19
16609.50000	-9.20479e-19	8.60340e-19
16611.10000	5.63581e-19	9.74811e-19
16612.80000	4.06446e-19	7.94422e-19
16614.40000	-9.62113e-20	4.82127e-19
16616.00000	-2.42202e-19	2.75020e-19
16617.60000	2.83984e-19	2.33752e-19
16619.30000	4.18305e-20	2.28664e-19
16620.90000	4.13361e-20	2.24503e-19
16622.50000	-2.06134e-20	2.22280e-19
16624.20000	-1.85477e-19	2.23635e-19
16625.80000	-3.52043e-19	2.24745e-19
16627.40000	-4.20976e-19	2.25733e-19
16629.10000	-5.26520e-19	2.28807e-19
16630.70000	-2.30951e-19	2.31497e-19
16632.30000	1.55305e-19	2.30860e-19
16633.90000	1.82115e-19	2.38723e-19
16635.60000	1.93829e-19	2.57045e-19
16637.20000	2.26143e-19	2.68268e-19
16638.80000	-1.43031e-19	2.59790e-19
16640.50000	1.48112e-19	2.41816e-19
16642.10000	-7.00732e-20	2.26038e-19
16643.70000	-1.42703e-19	2.23514e-19
16645.30000	-3.41565e-19	2.24638e-19
16647.00000	-2.10072e-19	2.25853e-19
16648.60000	-2.43998e-19	2.27576e-19
16650.20000	-1.69880e-19	2.35501e-19
16651.90000	-1.74387e-19	2.68240e-19
16653.50000	6.00856e-20	3.55441e-19
16655.10000	-2.22789e-19	3.15167e-19
16656.70000	-1.51272e-19	3.09131e-19
16658.40000	-4.77941e-21	3.45231e-19
16660.00000	7.61553e-20	3.86428e-19
16661.60000	5.65563e-19	3.55955e-19
16663.30000	3.86762e-19	2.97100e-19
16664.90000	1.87330e-19	2.94722e-19
16666.50000	-1.45378e-19	2.99653e-19
16668.10000	6.95147e-19	3.03841e-19
16669.80000	-2.06681e-19	2.44003e-19
16671.40000	-4.64859e-19	2.26314e-19
16673.00000	-2.00227e-19	2.23597e-19
16674.70000	-1.84718e-19	2.26263e-19
16676.30000	3.33224e-19	2.28578e-19
16677.90000	-3.82798e-19	2.42911e-19
16679.50000	-8.07231e-19	2.45495e-19
16681.20000	-2.72286e-19	2.56298e-19
16682.80000	-1.41343e-19	2.78923e-19
16684.40000	-4.47513e-19	3.41884e-19
16686.10000	3.33913e-20	6.82039e-19
16687.70000	6.45659e-19	1.48781e-18
16689.30000	-1.19494e-18	2.39680e-18
16691.00000	-4.19823e-18	4.28748e-18
16692.60000	-2.98922e-18	4.45388e-18
16694.20000	1.51830e-18	3.19188e-18
16695.80000	1.19581e-18	1.18099e-18
16697.50000	2.45719e-19	5.32446e-19
16699.10000	-3.10395e-19	4.63759e-19
16700.70000	7.14359e-19	7.06871e-19
16702.40000	1.66209e-18	8.58063e-19
16704.00000	1.16842e-18	8.69180e-19
16705.60000	-5.12502e-20	1.11651e-18
16707.20000	5.75476e-19	2.25781e-18
16708.90000	7.42679e-19	2.64251e-18
16710.50000	-5.26390e-19	2.08608e-18
16712.10000	4.93483e-20	9.10837e-19
16713.80000	-5.50576e-19	4.51317e-19
16715.40000	1.28821e-19	3.81457e-19
16717.00000	4.06264e-19	4.66459e-19
16718.60000	1.81697e-19	4.75429e-19
16720.30000	-5.71425e-19	4.39132e-19
16721.90000	5.03306e-19	4.61593e-19
16723.50000	-3.77658e-19	5.94322e-19
16725.20000	-3.14635e-19	5.84732e-19
16726.80000	8.76442e-21	4.73282e-19
16728.40000	8.49681e-20	5.24436e-19
16730.00000	9.19669e-19	1.08649e-18
16731.70000	-7.53333e-20	1.55385e-18
16733.30000	-9.38317e-19	1.52813e-18
16734.90000	-5.64038e-19	1.08148e-18
16736.60000	-4.18556e-19	5.07934e-19
16738.20000	-8.20791e-19	2.88459e-19
16739.80000	1.55740e-19	2.40437e-19
16741.40000	3.42053e-19	2.40245e-19
16743.10000	-1.63848e-19	2.44530e-19
16744.70000	7.38562e-20	2.29248e-19
16746.30000	-2.74381e-19	2.35124e-19
16748.00000	-3.07968e-19	2.47759e-19
16749.60000	3.56566e-19	2.65927e-19
16751.20000	-2.09344e-19	3.63377e-19
16752.90000	7.26029e-20	5.56606e-19
16754.50000	-9.16499e-20	6.89612e-19
16756.10000	1.31234e-18	6.54529e-19
16757.70000	3.29657e-19	5.42980e-19
16759.40000	1.81676e-19	5.48550e-19
16761.00000	4.03456e-19	6.68109e-19
16762.60000	7.73615e-19	7.37386e-19
16764.30000	-5.69982e-19	7.49567e-19
16765.90000	-3.77816e-21	6.57645e-19
16767.50000	-1.70361e-19	4.31441e-19
16769.10000	-4.61659e-20	2.66131e-19
16770.80000	-3.19862e-19	2.29721e-19
16772.40000	-1.74230e-19	2.31679e-19
16774.00000	3.18268e-19	2.38598e-19
16775.70000	1.81926e-19	2.25212e-19
16777.30000	1.60816e-19	2.19166e-19
16778.90000	2.97960e-20	2.17008e-19
16780.50000	-6.02149e-20	2.16826e-19
16782.20000	2.08427e-20	2.17435e-19
16783.80000	-1.58975e-19	2.20537e-19
16785.40000	-9.30590e-20	2.22433e-19
16787.10000	1.91866e-19	2.22643e-19
16788.70000	2.93191e-19	2.32411e-19
16790.30000	1.01516e-19	2.27993e-19
16791.90000	-1.15335e-19	2.58844e-19
16793.60000	-2.27653e-19	2.81788e-19
16795.20000	8.92071e-20	2.79857e-19
16796.80000	-1.47436e-19	3.07236e-19
16798.50000	-1.00060e-19	3.74500e-19
16800.10000	-2.11601e-19	4.00086e-19
16801.70000	-2.36330e-19	3.69742e-19
16803.30000	-7.80686e-19	3.77695e-19
16805.00000	-7.11097e-19	3.94946e-19
16806.60000	-4.07297e-19	3.45241e-19
16808.20000	1.07498e-19	2.60987e-19
16809.90000	5.41008e-19	2.31983e-19
16811.50000	3.50932e-19	2.26146e-19
16813.10000	6.57486e-22	2.30566e-19
16814.80000	8.50687e-21	2.33161e-19
16816.40000	3.00672e-19	2.27604e-19
16818.00000	-1.48627e-19	2.39369e-19
16819.60000	-1.93625e-19	2.35335e-19
16821.30000	8.89443e-20	2.30932e-19
16822.90000	5.16063e-20	2.29928e-19
16824.50000	-2.59027e-19	2.31149e-19
16826.20000	-3.62969e-19	2.31698e-19
16827.80000	-1.57976e-19	2.39825e-19
16829.40000	1.17942e-19	2.47597e-19
16831.00000	1.11868e-19	2.42839e-19
16832.70000	-7.86543e-20	2.41491e-19
16834.30000	1.31705e-19	2.55860e-19
16835.90000	-1.48724e-19	3.42402e-19
16837.60000	9.55072e-19	7.29110e-19
16839.20000	-9.70277e-19	1.93764e-18
16840.80000	-3.97610e-18	2.22477e-18
16842.40000	-7.07148e-19	1.47969e-18
16844.10000	-2.73352e-19	6.17503e-19
16845.70000	5.12604e-19	3.60755e-19
16847.30000	1.56707e-19	2.96517e-19
16849.00000	2.61881e-19	2.99616e-19
16850.60000	1.72475e-19	2.95545e-19
16852.20000	2.24079e-19	2.87371e-19
16853.80000	-2.32088e-19	2.76788e-19
16855.50000	6.30253e-20	2.47574e-19
16857.10000	-9.25219e-20	2.38472e-19
16858.70000	6.16508e-20	2.37277e-19
16860.40000	-1.43742e-20	2.31785e-19
16862.00000	-1.62823e-19	2.30901e-19
16863.60000	1.63832e-19	2.41354e-19
16865.20000	-1.13983e-19	2.30187e-19
16866.90000	9.91101e-20	2.29337e-19
16868.50000	-5.30202e-19	2.56568e-19
16870.10000	-1.79087e-19	3.03246e-19
16871.80000	4.76950e-20	3.18090e-19
16873.40000	1.90944e-19	3.10200e-19
16875.00000	-3.42746e-19	3.37057e-19
16876.70000	-3.93051e-19	3.61818e-19
16878.30000	-3.64054e-19	3.37507e-19
16879.90000	1.71699e-19	2.83160e-19
16881.50000	-4.08633e-20	2.91026e-19
16883.20000	-6.56454e-20	3.03203e-19
16884.80000	1.23935e-19	3.00576e-19
16886.40000	-1.58173e-19	3.36964e-19
16888.10000	1.62275e-19	4.24299e-19
16889.70000	6.00721e-19	4.79039e-19
16891.30000	-8.18565e-20	4.35718e-19
16892.90000	-7.18086e-19	3.38278e-19
16894.60000	-1.59571e-19	3.20082e-19
16896.20000	-1.06918e-19	3.80912e-19
16897.80000	9.26081e-20	4.69155e-19
16899.50000	-6.29299e-19	7.03890e-19
16901.10000	-2.68370e-18	1.90658e-18
16902.70000	-5.43109e-18	3.94309e-18
16904.30000	-3.01244e-18	3.89674e-18
16906.00000	-5.06503e-18	2.34226e-18
16907.60000	-2.00464e-18	1.04894e-18
16909.20000	3.34361e-20	7.12019e-19
16910.90000	3.33998e-19	5.56475e-19
16912.50000	-1.11149e-20	4.48952e-19
16914.10000	-1.97169e-19	3.77945e-19
16915.70000	-3.82745e-19	3.27759e-19
16917.40000	4.52946e-19	2.69971e-19
16919.00000	-1.48233e-19	2.45737e-19
16920.60000	-5.83264e-19	2.36519e-19
16922.30000	-5.35675e-19	2.34211e-19
16923.90000	5.72895e-21	2.37289e-19
16925.50000	-1.50268e-19	2.53681e-19
16927.20000	2.93056e-19	2.45139e-19
16928.80000	8.31111e-20	2.35799e-19
16930.40000	1.71300e-19	2.31299e-19
16932.00000	2.00481e-19	2.31882e-19
16933.70000	2.29723e-19	2.27414e-19
16935.30000	-1.36398e-20	2.19892e-19
16936.90000	-6.16670e-20	2.20204e-19
16938.60000	2.23480e-19	2.25148e-19
16940.20000	-2.34898e-19	2.27479e-19
16941.80000	-4.79518e-19	2.45295e-19
16943.40000	-3.87353e-20	2.84941e-19
16945.10000	-9.92828e-20	3.15096e-19
16946.70000	1.18545e-19	2.99015e-19
16948.30000	2.07888e-19	2.80790e-19
16950.00000	8.89850e-20	3.05573e-19
16951.60000	-6.45615e-19	6.09257e-19
16953.20000	1.33538e-19	1.84552e-18
16954.80000	9.18460e-19	2.51778e-18
16956.50000	-7.89390e-19	2.32365e-18
16958.10000	-3.87526e-19	9.08659e-19
16959.70000	-3.39506e-19	4.08722e-19
16961.40000	6.13577e-20	2.78320e-19
16963.00000	5.22959e-20	2.43090e-19
16964.60000	-2.55497e-19	2.29884e-19
16966.20000	-1.41566e-19	2.26636e-19
16967.90000	4.84632e-20	2.26901e-19
16969.50000	3.27324e-19	2.25604e-19
16971.10000	-3.03182e-19	2.26366e-19
16972.80000	-2.22572e-19	2.29401e-19
16974.40000	-2.99503e-19	2.32730e-19
16976.00000	-1.89733e-20	2.31992e-19
16977.60000	-2.29837e-19	2.35193e-19
16979.30000	2.36529e-19	2.49127e-19
16980.90000	-2.02313e-19	2.49031e-19
16982.50000	2.04289e-20	2.53586e-19
16984.20000	2.80955e-19	2.82685e-19
16985.80000	1.34723e-19	2.87359e-19
16987.40000	-1.82653e-19	3.07615e-19
16989.10000	-1.00553e-19	3.65609e-19
16990.70000	6.18385e-19	3.45763e-19
16992.30000	1.32098e-19	2.88226e-19
16993.90000	-8.07366e-20	2.61028e-19
16995.60000	1.36141e-19	2.65555e-19
16997.20000	-2.53299e-19	2.70908e-19
16998.80000	-2.51753e-19	2.77466e-19
17000.50000	5.09441e-19	2.78532e-19
17002.10000	4.90580e-19	3.16829e-19
17003.70000	-1.59527e-20	4.04155e-19
17005.30000	1.77849e-18	1.14853e-18
17007.00000	-5.68305e-19	3.28106e-18
17008.60000	-3.93054e-18	4.16199e-18
17010.20000	-2.92248e-18	3.53753e-18
17011.90000	-2.08961e-18	1.65457e-18
17013.50000	-6.82200e-19	7.41636e-19
17015.10000	5.38236e-19	4.53804e-19
17016.70000	-9.99912e-20	2.95783e-19
17018.40000	-2.30980e-19	2.53172e-19
17020.00000	3.21388e-19	2.38891e-19
17021.60000	-2.67403e-19	2.34953e-19
17023.30000	-1.03220e-19	2.40430e-19
17024.90000	-3.25363e-19	2.24511e-19
17026.50000	8.06124e-20	2.18074e-19
17028.10000	-2.18957e-19	2.23362e-19
17029.80000	1.04483e-19	2.44310e-19
17031.40000	1.51417e-20	2.49633e-19
17033.00000	-5.79885e-20	2.46661e-19
17034.70000	-1.54423e-19	2.42751e-19
17036.30000	-3.94018e-20	2.49150e-19
17037.90000	1.22532e-19	2.41772e-19
17039.50000	-4.03518e-19	2.30084e-19
17041.20000	2.00048e-19	2.26680e-19
17042.80000	-9.35636e-20	2.24151e-19
17044.40000	6.08380e-20	2.26267e-19
17046.10000	-2.60348e-19	2.28972e-19
17047.70000	2.82523e-20	2.55478e-19
17049.30000	-1.84959e-19	2.89580e-19
17051.00000	-6.62253e-19	3.02083e-19
17052.60000	-7.87556e-19	3.65917e-19
17054.20000	-3.43348e-20	5.11102e-19
17055.80000	-1.55530e-19	6.84414e-19
17057.50000	7.29303e-19	6.60084e-19
17059.10000	3.16103e-20	4.87490e-19
17060.70000	-4.45294e-19	2.84300e-19
17062.40000	1.08727e-19	2.37056e-19
17064.00000	-4.24866e-19	2.29208e-19
17065.60000	-4.77921e-19	2.31550e-19
17067.20000	5.09849e-19	2.56800e-19
17068.90000	2.82687e-19	3.61920e-19
17070.50000	-4.59222e-19	4.28962e-19
17072.10000	-3.83802e-19	4.69763e-19
17073.80000	1.75184e-19	4.89806e-19
17075.40000	4.23468e-19	1.01120e-18
17077.00000	-2.74474e-18	2.14811e-18
17078.60000	-4.02841e-18	2.33672e-18
17080.30000	1.94866e-19	1.67423e-18
17081.90000	5.75084e-19	6.82129e-19
17083.50000	3.18667e-20	3.58808e-19
17085.20000	-2.35637e-19	2.87846e-19
17086.80000	2.12673e-19	2.64920e-19
17088.40000	-1.41690e-19	2.54440e-19
17090.00000	-2.89487e-19	2.42135e-19
17091.70000	-1.71217e-19	2.43712e-19
17093.30000	2.71067e-19	2.54318e-19
17094.90000	-1.89985e-19	2.66573e-19
17096.60000	-4.46000e-19	2.81947e-19
17098.20000	-6.50853e-19	3.28334e-19
17099.80000	-3.69899e-19	3.79155e-19
17101.40000	3.95945e-19	3.96515e-19
17103.10000	2.29565e-19	4.32193e-19
17104.70000	-4.54629e-20	4.28523e-19
17106.30000	-3.60604e-19	4.08681e-19
17108.00000	9.78453e-20	3.89268e-19
17109.60000	-2.87432e-19	3.92461e-19
17111.20000	-2.76113e-19	3.78057e-19
17112.90000	3.40209e-19	3.68735e-19
17114.50000	6.21559e-20	3.56307e-19
17116.10000	-3.56299e-19	3.52476e-19
17117.70000	-2.59800e-19	3.64970e-19
17119.40000	-1.17523e-18	5.78055e-19
17121.00000	-1.13775e-18	1.90379e-18
17122.60000	1.86316e-18	3.48193e-18
17124.30000	8.26391e-18	3.40689e-18
17125.90000	6.20589e-18	2.21871e-18
17127.50000	-1.29958e-18	8.65501e-19
17129.10000	-7.32764e-19	4.17387e-19
17130.80000	2.59703e-19	2.90745e-19
17132.40000	3.18733e-19	2.54844e-19
17134.00000	-1.01486e-19	2.57129e-19
17135.70000	3.00185e-19	2.32428e-19
17137.30000	-1.42963e-19	2.27625e-19
17138.90000	3.17709e-20	2.28938e-19
17140.50000	-9.43180e-20	2.32396e-19
17142.20000	-1.36922e-19	2.25849e-19
17143.80000	1.99246e-19	2.32541e-19
17145.40000	-7.62737e-20	2.35216e-19
17147.10000	-2.37704e-19	2.27688e-19
17148.70000	7.90617e-20	2.20608e-19
17150.30000	1.34934e-19	2.18107e-19
17151.90000	-1.07053e-19	2.17097e-19
17153.60000	1.31205e-19	2.18121e-19
17155.20000	2.07242e-19	2.22020e-19
17156.80000	-1.86889e-20	2.22822e-19
17158.50000	1.76489e-19	2.23696e-19
17160.10000	1.77413e-20	2.23764e-19
17161.70000	1.14486e-19	2.34912e-19
17163.30000	2.88723e-19	2.63298e-19
17165.00000	-8.63795e-20	2.72645e-19
17166.60000	1.08703e-19	2.82173e-19
17168.20000	5.48176e-20	3.45719e-19
17169.90000	8.78194e-20	4.15528e-19
17171.50000	-5.38688e-19	4.62347e-19
17173.10000	-4.49382e-19	5.65207e-19
17174.80000	-3.58571e-19	6.37623e-19
17176.40000	-3.84268e-19	5.66985e-19
17178.00000	-2.69047e-19	4.61306e-19
17179.60000	-2.86890e-19	3.98597e-19
17181.30000	4.69434e-19	3.49057e-19
17182.90000	2.12101e-19	2.75564e-19
17184.50000	4.84026e-20	2.49661e-19
17186.20000	5.91373e-19	3.46047e-19
17187.80000	5.74589e-19	5.50089e-19
17189.40000	1.65123e-19	5.85804e-19
17191.00000	2.84824e-19	4.50148e-19
17192.70000	6.05847e-19	3.16770e-19
17194.30000	4.59715e-19	3.42611e-19
17195.90000	7.82437e-20	3.87886e-19
17197.60000	-3.33058e-19	3.57808e-19
17199.20000	-2.36420e-19	2.80472e-19
17200.80000	-6.74764e-20	2.41403e-19
17202.40000	-1.84984e-19	2.33573e-19
17204.10000	-8.09549e-20	2.43504e-19
17205.70000	-8.58019e-20	3.24070e-19
17207.30000	-1.27726e-18	7.54192e-19
17209.00000	-1.07254e-18	1.65896e-18
17210.60000	-2.23228e-19	1.90698e-18
17212.20000	1.15998e-19	1.50176e-18
17213.80000	1.48568e-18	8.99417e-19
17215.50000	4.09835e-19	6.48796e-19
17217.10000	2.88124e-19	4.77620e-19
17218.70000	-3.18597e-19	3.74211e-19
17220.40000	-3.48282e-19	4.05545e-19
17222.00000	-4.99340e-19	4.43520e-19
17223.60000	-3.27358e-19	3.79144e-19
17225.20000	-6.16257e-21	2.68714e-19
17226.90000	3.31273e-19	2.55937e-19
17228.50000	3.63201e-19	3.34050e-19
17230.10000	-1.30867e-20	4.01470e-19
17231.80000	1.85503e-19	4.17746e-19
17233.40000	-1.31178e-19	3.60702e-19
17235.00000	-4.37993e-20	2.86653e-19
17236.70000	5.29899e-20	2.43487e-19
17238.30000	2.27037e-19	2.55121e-19
17239.90000	1.03283e-19	3.67629e-19
17241.50000	6.92154e-19	6.95176e-19
17243.20000	-8.42161e-19	8.92408e-19
17244.80000	-9.12765e-19	1.15001e-18
17246.40000	-4.67533e-19	1.91984e-18
17248.10000	1.12282e-18	2.58374e-18
17249.70000	-1.54067e-19	2.36133e-18
17251.30000	9.54887e-19	1.31666e-18
17252.90000	-1.67283e-19	5.80434e-19
17254.60000	4.45972e-19	4.75273e-19
17256.20000	2.46494e-19	6.03826e-19
17257.80000	-5.49379e-19	6.63087e-19
17259.50000	-2.80131e-19	5.18482e-19
17261.10000	4.52231e-20	3.20566e-19
17262.70000	2.88832e-20	2.50098e-19
17264.30000	1.32017e-19	2.49605e-19
17266.00000	-1.48639e-19	2.33856e-19
17267.60000	-2.99293e-19	2.38682e-19
17269.20000	3.22813e-19	2.36753e-19
17270.90000	1.65248e-19	2.62807e-19
17272.50000	-2.03427e-19	3.82481e-19
17274.10000	-7.04806e-19	5.46321e-19
17275.70000	-5.56212e-19	5.73006e-19
17277.40000	2.49699e-19	4.52935e-19
17279.00000	2.51885e-19	4.17306e-19
17280.60000	-5.23159e-19	7.88114e-19
17282.30000	-1.33347e-18	1.21126e-18
17283.90000	-3.30044e-19	1.14169e-18
17285.50000	6.57650e-20	7.14495e-19
17287.20000	-7.12815e-19	4.41051e-19
17288.80000	-5.88460e-19	3.70801e-19
17290.40000	-5.43760e-19	2.96705e-19
17292.00000	-9.57056e-20	2.47114e-19
17293.70000	5.24811e-20	2.30500e-19
17295.30000	-1.50436e-19	2.26296e-19
17296.90000	1.92483e-19	2.35295e-19
17298.60000	3.19593e-19	2.54201e-19
17300.20000	9.49682e-19	3.75360e-19
17301.80000	9.13623e-19	7.59927e-19
17303.40000	3.92852e-19	8.89032e-19
17305.10000	2.51557e-19	7.27620e-19
17306.70000	5.49535e-19	3.63838e-19
17308.30000	5.62528e-21	2.63548e-19
17310.00000	8.80219e-20	2.66229e-19
17311.60000	-2.20661e-19	3.24223e-19
17313.20000	-4.45031e-19	3.51634e-19
17314.80000	-4.21798e-19	3.56231e-19
17316.50000	2.97249e-20	3.41217e-19
17318.10000	-1.90900e-19	3.52418e-19
17319.70000	-2.16582e-20	3.90749e-19
17321.40000	-1.90521e-19	3.77279e-19
17323.00000	-1.79961e-19	3.23960e-19
17324.60000	-1.43190e-19	3.11441e-19
17326.20000	-2.32292e-19	3.94020e-19
17327.90000	-6.37085e-19	7.41006e-19
17329.50000	1.13052e-19	1.68040e-18
17331.10000	5.68383e-19	1.88993e-18
17332.80000	-6.96011e-19	1.32097e-18
17334.40000	2.93510e-20	6.02026e-19
17336.00000	1.50676e-20	3.76994e-19
17337.60000	3.83328e-19	3.37953e-19
17339.30000	-8.40575e-20	3.85650e-19
17340.90000	-3.77903e-19	3.92588e-19
17342.50000	-6.59126e-20	3.83846e-19
17344.20000	1.42848e-19	3.52889e-19
17345.80000	7.11059e-20	3.41999e-19
17347.40000	-7.39446e-20	4.62133e-19
17349.10000	-1.49699e-18	9.66019e-19
17350.70000	-9.38618e-19	1.31269e-18
17352.30000	-9.51100e-19	1.19915e-18
17353.90000	8.82348e-20	7.59066e-19
17355.60000	-9.32206e-20	6.03679e-19
17357.20000	6.99061e-19	8.49182e-19
17358.80000	3.51985e-19	1.25111e-18
17360.50000	1.65360e-19	1.24180e-18
17362.10000	1.18845e-19	7.49928e-19
17363.70000	-5.04610e-20	3.79071e-19
17365.30000	-1.92024e-19	2.72865e-19
17367.00000	-1.43489e-20	2.43952e-19
17368.60000	1.65672e-19	2.45756e-19
17370.20000	4.70545e-20	2.53406e-19
17371.90000	4.84802e-20	2.54846e-19
17373.50000	-6.08897e-21	2.49542e-19
17375.10000	3.29000e-20	2.48157e-19
17376.70000	2.35514e-19	2.59621e-19
17378.40000	2.92229e-19	3.08493e-19
17380.00000	-1.62945e-20	5.72003e-19
17381.60000	2.98466e-19	1.26830e-18
17383.30000	-1.50346e-18	1.97134e-18
17384.90000	-8.28565e-19	2.67482e-18
17386.50000	1.36231e-18	2.71781e-18
17388.10000	2.11611e-20	2.32516e-18
17389.80000	-4.43108e-19	9.72327e-19
17391.40000	-2.11381e-20	4.76199e-19
17393.00000	-1.85738e-19	3.24843e-19
17394.70000	4.20451e-20	2.69845e-19
17396.30000	-1.06466e-19	2.62764e-19
17397.90000	1.84202e-19	2.60315e-19
17399.50000	-3.28212e-20	2.66108e-19
17401.20000	1.65635e-19	2.69986e-19
17402.80000	-2.60945e-19	3.16939e-19
17404.40000	-1.02143e-19	3.74622e-19
17406.10000	9.40471e-20	3.80534e-19
17407.70000	-1.69374e-20	3.26258e-19
17409.30000	9.50192e-22	2.63049e-19
17411.00000	4.94511e-20	2.53558e-19
17412.60000	2.69271e-19	2.80682e-19
17414.20000	-4.59184e-19	3.85210e-19
17415.80000	-4.30532e-20	4.51733e-19
17417.50000	1.95275e-19	4.52864e-19
17419.10000	-4.58248e-20	4.09263e-19
17420.70000	-8.82647e-20	3.29568e-19
17422.40000	-2.84092e-20	3.25444e-19
17424.00000	-1.59737e-19	6.09759e-19
17425.60000	1.27589e-19	1.54222e-18
17427.20000	-1.52582e-18	1.70483e-18
17428.90000	-3.28907e-18	1.29543e-18
17430.50000	-1.88044e-18	6.36706e-19
17432.10000	-3.23696e-20	4.55365e-19
17433.80000	-1.69454e-19	3.99247e-19
17435.40000	3.04617e-19	3.06426e-19
17437.00000	1.61577e-19	2.49844e-19
17438.60000	-2.66425e-19	2.38811e-19
17440.30000	1.44452e-19	2.45661e-19
17441.90000	2.33462e-19	2.61207e-19
17443.50000	6.09697e-20	2.88083e-19
17445.20000	-1.92065e-19	3.71350e-19
17446.80000	1.16178e-19	8.56271e-19
17448.40000	1.88093e-18	2.23570e-18
17450.00000	2.06900e-18	2.62674e-18
17451.70000	4.04506e-18	2.05288e-18
17453.30000	1.06798e-18	8.56188e-19
17454.90000	-8.79235e-19	4.79181e-19
17456.60000	-5.74553e-20	3.27457e-19
17458.20000	1.42019e-19	2.68591e-19
17459.80000	1.85967e-19	2.49798e-19
17461.40000	-3.74785e-19	2.42113e-19
17463.10000	-5.67824e-20	2.42414e-19
17464.70000	1.34306e-19	2.51281e-19
17466.30000	-9.14489e-20	2.72399e-19
17468.00000	-8.18992e-19	2.81551e-19
17469.60000	-6.08841e-19	2.80938e-19
17471.20000	-1.85950e-19	2.77816e-19
17472.90000	-1.47734e-19	2.68152e-19
17474.50000	-5.51518e-21	2.65541e-19
17476.10000	-2.81176e-20	2.88359e-19
17477.70000	1.72634e-19	3.18845e-19
17479.40000	4.55968e-19	3.29389e-19
17481.00000	-4.80517e-19	3.50916e-19
17482.60000	6.90339e-21	3.77249e-19
17484.30000	2.40794e-19	3.67484e-19
17485.90000	-4.43896e-19	2.99428e-19
17487.50000	-9.50619e-20	2.72544e-19
17489.10000	1.89760e-19	2.67834e-19
17490.80000	1.45359e-19	2.64717e-19
17492.40000	-3.89826e-19	2.50800e-19
17494.00000	7.60978e-20	2.40831e-19
17495.70000	-4.97720e-20	2.48349e-19
17497.30000	6.33534e-20	3.43950e-19
17498.90000	5.35249e-19	6.10340e-19
17500.50000	-1.26735e-19	8.69686e-19
17502.20000	-1.21530e-19	9.81400e-19
17503.80000	-1.38605e-18	1.35689e-18
17505.40000	-1.23535e-18	1.65633e-18
17507.10000	1.82278e-18	1.52401e-18
17508.70000	1.56155e-18	7.51330e-19
17510.30000	-2.35915e-19	3.77922e-19
17511.90000	2.37240e-19	3.02740e-19
17513.60000	-3.09534e-19	2.77424e-19
17515.20000	-6.27570e-19	2.64132e-19
17516.80000	-5.23408e-19	2.70080e-19
17518.50000	-4.95313e-19	2.63325e-19
17520.10000	2.36422e-19	2.45488e-19
17521.70000	-1.29307e-19	2.41968e-19
17523.30000	1.37647e-19	2.53987e-19
17525.00000	-3.70446e-19	3.66005e-19
17526.60000	-3.10321e-19	7.08628e-19
17528.20000	5.63613e-19	9.97354e-19
17529.90000	-1.08035e-18	1.05459e-18
17531.50000	-1.18140e-18	8.27483e-19
17533.10000	-5.52038e-20	5.16286e-19
17534.80000	2.97133e-19	4.00840e-19
17536.40000	1.38180e-19	3.75395e-19
17538.00000	1.42352e-19	3.51519e-19
17539.60000	5.63892e-19	3.30911e-19
17541.30000	-7.34935e-20	3.78301e-19
17542.90000	3.22010e-19	4.26894e-19
17544.50000	-6.12059e-19	3.97249e-19
17546.20000	5.59826e-20	3.22572e-19
17547.80000	-2.60198e-19	3.17857e-19
17549.40000	2.23376e-19	3.63226e-19
17551.00000	6.52674e-19	3.71383e-19
17552.70000	-2.32931e-20	3.12793e-19
17554.30000	-3.50639e-19	2.53403e-19
17555.90000	-4.00326e-19	2.35578e-19
17557.60000	-1.34284e-19	2.30539e-19
17559.20000	1.11002e-19	2.24771e-19
17560.80000	-1.30943e-19	2.26620e-19
17562.40000	-6.32452e-20	2.35402e-19
17564.10000	3.25166e-19	2.69584e-19
17565.70000	2.27152e-19	2.96538e-19
17567.30000	7.53774e-19	3.02983e-19
17569.00000	-1.03585e-19	2.85439e-19
17570.60000	-5.12505e-19	2.67550e-19
17572.20000	-2.92211e-19	2.66054e-19
17573.80000	-4.86555e-19	2.57083e-19
17575.50000	-2.97657e-19	2.52201e-19
17577.10000	-4.25285e-19	2.33476e-19
17578.70000	1.40132e-19	2.29930e-19
17580.40000	-1.27993e-19	2.27915e-19
17582.00000	2.09139e-19	2.27651e-19
17583.60000	-1.20832e-19	2.31095e-19
17585.20000	-2.66833e-19	2.28979e-19
17586.90000	8.92763e-20	2.40934e-19
17588.50000	-1.41132e-20	2.96041e-19
17590.10000	-1.61692e-19	3.00165e-19
17591.80000	-2.41944e-19	2.99559e-19
17593.40000	-1.43995e-19	3.07785e-19
17595.00000	-4.33543e-19	3.21843e-19
17596.70000	-2.42330e-19	3.14864e-19
17598.30000	-3.28335e-19	2.77494e-19
17599.90000	3.31935e-19	2.48887e-19
17601.50000	1.68548e-19	2.56147e-19
17603.20000	8.07206e-20	2.73014e-19
17604.80000	2.35911e-20	2.72999e-19
17606.40000	3.97099e-20	2.56174e-19
17608.10000	-3.33663e-19	2.61016e-19
17609.70000	2.03398e-19	3.43328e-19
17611.30000	5.68703e-19	4.26150e-19
17612.90000	-2.09401e-20	4.64478e-19
17614.60000	-1.11788e-19	4.29156e-19
17616.20000	6.32084e-19	3.74656e-19
17617.80000	9.82617e-20	3.01278e-19
17619.50000	6.70427e-19	2.61711e-19
17621.10000	4.00534e-19	3.28709e-19
17622.70000	9.05596e-20	4.81939e-19
17624.30000	-5.60948e-19	5.16835e-19
17626.00000	-5.06400e-19	4.56879e-19
17627.60000	-1.25771e-19	4.43217e-19
17629.20000	-5.85544e-20	4.33484e-19
17630.90000	-2.07849e-19	3.54273e-19
17632.50000	-7.59220e-20	2.63207e-19
17634.10000	-2.02952e-19	2.43115e-19
17635.70000	-3.08485e-19	2.38305e-19
17637.40000	-4.97485e-19	2.42764e-19
17639.00000	-5.94682e-20	2.47029e-19
17640.60000	1.72495e-20	2.49415e-19
17642.30000	-3.11219e-19	2.61624e-19
17643.90000	-2.43783e-20	2.80470e-19
17645.50000	1.39190e-20	3.67673e-19
17647.20000	-1.16520e-18	7.59152e-19
17648.80000	-1.99828e-18	1.52845e-18
17650.40000	1.65404e-18	2.87928e-18
17652.00000	-2.93821e-18	4.48548e-18
17653.70000	2.02346e-18	4.88447e-18
17655.30000	-5.69892e-18	3.66381e-18
17656.90000	-2.38498e-18	1.43936e-18
17658.60000	4.64835e-19	9.33968e-19
17660.20000	-1.11677e-18	9.15202e-19
17661.80000	-6.41592e-19	9.03158e-19
17663.40000	1.72590e-19	9.45677e-19
17665.10000	8.03837e-19	8.96159e-19
17666.70000	-3.07896e-21	7.56003e-19
17668.30000	-1.65416e-18	9.84246e-19
17670.00000	-7.09796e-19	2.04279e-18
17671.60000	1.72417e-19	2.68886e-18
17673.20000	-7.15387e-20	2.33339e-18
17674.80000	-5.60517e-21	1.13640e-18
17676.50000	3.10144e-19	4.89577e-19
17678.10000	3.72168e-19	3.24666e-19
17679.70000	5.23553e-20	2.82358e-19
17681.40000	-5.36576e-19	3.70549e-19
17683.00000	-4.26544e-19	5.76743e-19
17684.60000	4.96611e-20	6.95901e-19
17686.20000	5.57892e-19	7.19355e-19
17687.90000	3.99347e-19	7.06562e-19
17689.50000	-1.05597e-18	6.31576e-19
17691.10000	-5.26569e-19	5.39435e-19
17692.80000	3.59836e-20	4.64178e-19
17694.40000	-2.26301e-19	5.85208e-19
17696.00000	-2.32936e-19	9.98872e-19
17697.60000	1.76475e-18	1.43651e-18
17699.30000	-3.87402e-19	1.41891e-18
17700.90000	-1.52431e-18	1.03728e-18
17702.50000	-6.23512e-19	5.20394e-19
17704.20000	1.61024e-19	3.18355e-19
17705.80000	-2.37011e-19	2.74303e-19
17707.40000	1.24210e-19	2.61706e-19
17709.10000	3.00742e-19	2.68200e-19
17710.70000	6.84081e-19	2.78183e-19
17712.30000	1.81308e-19	2.82126e-19
17713.90000	-7.08185e-19	2.81245e-19
17715.60000	-3.74938e-19	2.56380e-19
17717.20000	-4.51593e-19	2.43693e-19
17718.80000	-1.75496e-19	2.40934e-19
17720.50000	-3.15976e-19	2.72645e-19
17722.10000	-2.16674e-19	3.46466e-19
17723.70000	3.54118e-19	4.04396e-19
17725.30000	3.33312e-19	3.68054e-19
17727.00000	1.46869e-19	2.97166e-19
17728.60000	-4.88172e-19	3.56592e-19
17730.20000	-4.51311e-19	5.84896e-19
17731.90000	5.21735e-19	7.52291e-19
17733.50000	3.24384e-19	7.89197e-19
17735.10000	-3.52476e-19	7.28360e-19
17736.70000	-5.47553e-19	6.54618e-19
17738.40000	-6.53971e-19	3.74218e-19
17740.00000	-3.12646e-19	3.02678e-19
17741.60000	-1.02720e-18	2.76720e-19
17743.30000	-2.36580e-19	2.63941e-19
17744.90000	-1.97250e-19	2.52876e-19
17746.50000	-3.79983e-19	2.45032e-19
17748.10000	-3.10010e-19	2.37217e-19
17749.80000	3.78993e-19	2.35279e-19
17751.40000	1.09037e-19	2.38111e-19
17753.00000	-1.34089e-19	2.42037e-19
17754.70000	1.42696e-20	2.61266e-19
17756.30000	1.11054e-19	2.64257e-19
17757.90000	3.72112e-20	2.59596e-19
17759.50000	-1.37568e-19	2.63937e-19
17761.20000	-2.58268e-19	2.68996e-19
17762.80000	-1.84005e-19	2.69377e-19
17764.40000	-2.37943e-19	2.98366e-19
17766.10000	3.98053e-19	3.26947e-19
17767.70000	3.81089e-20	3.16409e-19
17769.30000	2.46308e-19	3.36284e-19
17771.00000	-4.87768e-19	3.88727e-19
17772.60000	-2.30287e-19	5.15864e-19
17774.20000	-2.62672e-19	4.94527e-19
17775.80000	-6.80710e-19	4.87997e-19
17777.50000	-1.42592e-19	5.68211e-19
17779.10000	-2.94024e-19	5.81231e-19
17780.70000	-1.86628e-19	4.88319e-19
17782.40000	9.24589e-20	3.70402e-19
17784.00000	6.53252e-20	3.77542e-19
17785.60000	-1.19413e-19	4.34306e-19
17787.20000	-7.12927e-20	4.26773e-19
17788.90000	9.82064e-20	3.42723e-19
17790.50000	-4.16564e-19	3.00428e-19
17792.10000	1.37935e-19	2.93763e-19
17793.80000	-4.76688e-19	2.68696e-19
17795.40000	-6.16115e-19	2.56645e-19
17797.00000	-3.64532e-19	2.50165e-19
17798.60000	-1.58673e-19	2.59329e-19
17800.30000	7.16779e-20	2.57949e-19
17801.90000	-8.89783e-19	2.54196e-19
17803.50000	-2.77749e-19	2.52256e-19
17805.20000	3.29638e-19	2.69568e-19
17806.80000	1.73178e-19	3.37021e-19
17808.40000	4.90136e-19	7.49092e-19
17810.00000	-2.52473e-19	1.91017e-18
17811.70000	-4.99119e-19	2.22756e-18
17813.30000	2.71780e-19	1.69006e-18
17814.90000	-1.94983e-19	6.97948e-19
17816.60000	-2.43897e-19	4.46169e-19
17818.20000	-3.28423e-19	4.56619e-19
17819.80000	-4.44616e-19	4.69307e-19
17821.40000	1.48607e-19	4.61313e-19
17823.10000	4.24841e-19	4.27914e-19
17824.70000	-1.33098e-19	4.13304e-19
17826.30000	1.83346e-19	3.76259e-19
17828.00000	9.69280e-19	4.98005e-19
17829.60000	-2.28450e-19	6.47439e-19
17831.20000	-1.12146e-19	6.79331e-19
17832.90000	-1.00034e-19	5.68666e-19
17834.50000	5.78100e-19	4.94709e-19
17836.10000	3.51634e-19	4.42762e-19
17837.70000	-3.73496e-19	3.64625e-19
17839.40000	7.61144e-20	2.94144e-19
17841.00000	1.87114e-19	3.20334e-19
17842.60000	6.52656e-19	4.10508e-19
17844.30000	7.97052e-19	4.75930e-19
17845.90000	9.04037e-19	4.75350e-19
17847.50000	1.29823e-19	4.91329e-19
17849.10000	5.52473e-19	6.33455e-19
17850.80000	7.78774e-19	7.14725e-19
17852.40000	-2.23063e-19	7.11710e-19
17854.00000	-2.04165e-19	6.18626e-19
17855.70000	-1.82770e-19	5.40869e-19
17857.30000	-9.84525e-20	4.25321e-19
17858.90000	1.83314e-19	3.86545e-19
17860.50000	3.91400e-19	3.82241e-19
17862.20000	1.83007e-19	3.48551e-19
17863.80000	1.08586e-19	3.08793e-19
17865.40000	2.93197e-19	2.90788e-19
17867.10000	2.74902e-19	3.23901e-19
17868.70000	4.14691e-20	3.65958e-19
17870.30000	-2.91264e-20	3.55083e-19
17871.90000	-2.85585e-19	3.51206e-19
17873.60000	4.40909e-19	3.69647e-19
17875.20000	-2.06699e-19	4.73129e-19
17876.80000	-1.23943e-18	9.93479e-19
17878.50000	-2.81387e-19	3.02444e-18
17880.10000	1.34717e-18	4.17110e-18
17881.70000	1.48238e-18	3.62891e-18
17883.30000	2.29955e-18	1.52081e-18
17885.00000	1.02244e-18	6.73513e-19
17886.60000	-6.95490e-19	4.37392e-19
17888.20000	-4.21485e-19	3.52765e-19
17889.90000	-6.90062e-20	3.08905e-19
17891.50000	1.06647e-19	2.88378e-19
17893.10000	-6.65406e-21	2.75764e-19
17894.80000	-9.54707e-21	2.75043e-19
17896.40000	-1.44280e-19	2.81030e-19
17898.00000	-2.06618e-19	2.89755e-19
17899.60000	-3.48764e-19	2.86190e-19
17901.30000	1.51374e-19	2.86494e-19
17902.90000	5.22486e-19	2.97276e-19
17904.50000	7.87139e-19	3.06770e-19
17906.20000	4.89122e-20	3.20792e-19
17907.80000	-4.25921e-19	3.19856e-19
17909.40000	4.52351e-20	3.27629e-19
17911.00000	2.98171e-19	3.20707e-19
17912.70000	-1.40065e-19	3.06750e-19
17914.30000	8.82329e-20	2.96418e-19
17915.90000	5.80131e-19	2.99423e-19
17917.60000	3.07655e-20	3.30394e-19
17919.20000	2.85803e-19	3.65340e-19
17920.80000	-3.93007e-19	3.70884e-19
17922.40000	1.50632e-19	3.52617e-19
17924.10000	3.13266e-19	3.43503e-19
17925.70000	1.28589e-19	3.41284e-19
17927.30000	7.16428e-19	3.45582e-19
17929.00000	2.39539e-19	3.57240e-19
17930.60000	3.31895e-19	3.36813e-19
17932.20000	-6.50117e-19	3.62068e-19
17933.80000	-3.59422e-19	4.25289e-19
17935.50000	5.73476e-20	4.76897e-19
17937.10000	4.44325e-19	4.65389e-19
17938.70000	-6.52577e-19	4.26456e-19
17940.40000	-1.79357e-19	3.74018e-19
17942.00000	-6.47219e-20	3.58087e-19
17943.60000	-3.31631e-19	3.48102e-19
17945.20000	-2.61779e-19	3.29557e-19
17946.90000	6.24406e-20	3.26147e-19
17948.50000	3.01063e-19	3.35609e-19
17950.10000	2.29131e-19	3.56710e-19
17951.80000	6.96899e-20	3.71399e-19
17953.40000	3.86351e-20	3.69235e-19
17955.00000	-1.61193e-19	3.61289e-19
17956.70000	-2.74711e-19	3.40332e-19
17958.30000	8.82855e-20	3.42543e-19
17959.90000	-7.30971e-20	3.29010e-19
17961.50000	4.10737e-19	3.28435e-19
17963.20000	5.79877e-20	3.30860e-19
17964.80000	-1.34672e-19	3.42189e-19
17966.40000	2.03847e-19	3.64507e-19
17968.10000	4.39083e-19	3.73168e-19
17969.70000	4.66730e-19	3.71606e-19
17971.30000	1.86933e-19	3.74104e-19
17972.90000	-1.45634e-19	3.67158e-19
17974.60000	1.74679e-19	3.46227e-19
17976.20000	2.62560e-20	3.30572e-19
17977.80000	-4.04121e-19	3.32759e-19
17979.50000	6.83412e-20	3.44705e-19
17981.10000	3.96118e-19	3.50724e-19
17982.70000	7.37091e-19	3.67147e-19
17984.30000	1.16516e-18	3.87896e-19
17986.00000	5.64397e-19	3.97879e-19
17987.60000	5.56111e-19	4.23948e-19
17989.20000	-7.69810e-19	5.95323e-19
17990.90000	-5.17407e-18	1.58589e-18
17992.50000	5.51904e-18	4.43360e-18
17994.10000	-5.92045e-20	5.49894e-18
17995.70000	-2.10306e-18	4.83777e-18
17997.40000	2.75294e-20	2.06575e-18
17999.00000	8.23410e-19	1.10274e-18
18000.60000	1.12914e-18	8.63347e-19
18002.30000	2.95360e-18	7.58639e-19
18003.90000	1.34615e-18	6.12686e-19
18005.50000	8.00302e-19	5.90684e-19
18007.20000	-5.38263e-19	6.12458e-19
18008.80000	-1.28021e-18	6.38458e-19
18010.40000	-2.03335e-18	6.66289e-19
18012.00000	-2.14186e-18	7.20061e-19
18013.70000	-2.18128e-18	7.88203e-19
18015.30000	-1.34531e-18	7.69618e-19
18016.90000	4.83942e-19	7.43857e-19
18018.60000	7.55459e-19	7.77869e-19
18020.20000	-5.14905e-20	7.55164e-19
18021.80000	1.21986e-20	7.03054e-19
18023.40000	-4.50245e-19	7.86461e-19
18025.10000	3.99450e-19	9.77893e-19
18026.70000	9.03854e-20	1.03170e-18
18028.30000	5.85434e-19	9.48280e-19
18030.00000	9.17060e-19	9.16694e-19
18031.60000	3.87343e-19	9.66972e-19
18033.20000	2.23400e-19	9.61026e-19
18034.80000	5.48764e-19	8.48466e-19
18036.50000	-8.09537e-20	7.93568e-19
18038.10000	-1.84126e-19	7.78017e-19
18039.70000	6.00941e-20	7.21538e-19
18041.40000	-8.30003e-19	4.91384e-19
18043.00000	-4.66963e-19	8.03587e-20
18044.60000	1.58237e-19	7.80846e-20
18046.20000	1.14443e-19	1.79975e-19
