#a1689_z1_1.H.1730.fc.1d.esc.txt
#Wavelength in (A) | Flux (erg/sec/cm2/A)| Flux Error
14500.00000	2.48224e-18	5.76800e-18
14501.60000	3.22714e-18	6.87479e-18
14503.30000	-6.81275e-18	7.83159e-18
14504.90000	-2.57128e-18	9.02826e-18
14506.50000	4.59115e-19	9.67270e-18
14508.10000	-4.39618e-18	9.67169e-18
14509.80000	-1.13580e-17	8.57406e-18
14511.40000	-7.46553e-19	6.91233e-18
14513.00000	1.05764e-17	6.64471e-18
14514.70000	1.21278e-17	7.24019e-18
14516.30000	1.61209e-18	9.48531e-18
14517.90000	1.02738e-17	1.54240e-17
14519.50000	6.94886e-18	1.67813e-17
14521.20000	1.05979e-18	1.19311e-17
14522.80000	5.05018e-18	6.53458e-18
14524.40000	1.87812e-19	4.49593e-18
14526.10000	-1.48402e-18	3.87222e-18
14527.70000	-1.53823e-18	3.19388e-18
14529.30000	5.60537e-18	2.96699e-18
14531.00000	1.54529e-18	2.94023e-18
14532.60000	-1.66461e-18	2.84400e-18
14534.20000	1.79820e-18	2.61313e-18
14535.80000	-5.88759e-19	2.35031e-18
14537.50000	-1.08943e-18	2.20936e-18
14539.10000	2.38361e-18	2.11253e-18
14540.70000	5.19824e-19	2.04878e-18
14542.40000	2.56109e-19	1.98790e-18
14544.00000	-2.33283e-18	1.96566e-18
14545.60000	1.21199e-18	1.92441e-18
14547.20000	2.97391e-18	1.88219e-18
14548.90000	-1.15110e-18	1.92649e-18
14550.50000	-2.94780e-18	2.08757e-18
14552.10000	-2.16508e-18	2.27722e-18
14553.80000	-5.69988e-18	2.27801e-18
14555.40000	-3.75222e-19	2.17202e-18
14557.00000	-1.30649e-18	2.09406e-18
14558.60000	-1.85728e-18	2.16293e-18
14560.30000	-3.11255e-18	2.61978e-18
14561.90000	7.59063e-19	4.11427e-18
14563.50000	-7.05545e-18	5.35470e-18
14565.20000	-2.32389e-18	5.01803e-18
14566.80000	2.67755e-18	3.25465e-18
14568.40000	-7.10959e-19	1.84446e-18
14570.00000	6.32465e-19	1.36618e-18
14571.70000	7.33493e-19	1.38234e-18
14573.30000	2.19225e-18	1.48437e-18
14574.90000	3.70607e-18	1.45172e-18
14576.60000	-2.55467e-18	1.26564e-18
14578.20000	5.40898e-19	1.09226e-18
14579.80000	-1.10996e-19	1.00498e-18
14581.40000	-1.33901e-18	9.26492e-19
14583.10000	-2.58405e-19	8.85338e-19
14584.70000	9.57865e-19	8.72847e-19
14586.30000	-1.81783e-18	8.70605e-19
14588.00000	-1.07522e-18	8.60337e-19
14589.60000	1.50297e-18	8.46191e-19
14591.20000	1.34101e-18	8.26443e-19
14592.90000	1.54384e-18	8.47039e-19
14594.50000	1.70604e-19	8.92010e-19
14596.10000	1.05683e-20	9.64268e-19
14597.70000	6.62994e-19	1.17984e-18
14599.40000	-1.40063e-18	1.71397e-18
14601.00000	-3.66905e-18	2.76577e-18
14602.60000	-9.42976e-19	5.38414e-18
14604.30000	1.05391e-17	7.89158e-18
14605.90000	-1.06070e-17	6.14277e-18
14607.50000	5.52534e-18	3.80921e-18
14609.10000	2.08336e-18	2.14003e-18
14610.80000	-7.87219e-19	1.47844e-18
14612.40000	-9.54477e-19	1.19240e-18
14614.00000	-1.18497e-18	1.07569e-18
14615.70000	6.66341e-19	1.09518e-18
14617.30000	-6.73953e-19	9.50362e-19
14618.90000	-5.48171e-19	8.31876e-19
14620.50000	-1.21106e-19	6.86545e-19
14622.20000	5.45819e-19	6.12201e-19
14623.80000	-1.16434e-18	6.35828e-19
14625.40000	1.57295e-18	7.76449e-19
14627.10000	3.28542e-19	7.92437e-19
14628.70000	7.10296e-19	9.67885e-19
14630.30000	9.33341e-19	9.56286e-19
14631.90000	1.11072e-19	9.72718e-19
14633.60000	-4.26881e-19	9.28827e-19
14635.20000	4.79974e-19	8.73545e-19
14636.80000	-5.59571e-19	7.99893e-19
14638.50000	5.18709e-19	6.83114e-19
14640.10000	-9.38228e-21	5.62394e-19
14641.70000	6.79668e-20	5.05297e-19
14643.30000	8.25705e-19	5.44399e-19
14645.00000	5.59461e-20	5.86506e-19
14646.60000	5.48381e-19	6.12334e-19
14648.20000	2.69872e-19	6.52980e-19
14649.90000	-7.63018e-19	7.11526e-19
14651.50000	-1.22418e-18	7.81569e-19
14653.10000	8.12693e-19	8.62889e-19
14654.80000	-1.38423e-19	8.88380e-19
14656.40000	-1.36247e-18	8.78478e-19
14658.00000	7.25275e-19	8.52913e-19
14659.60000	7.68596e-19	9.12402e-19
14661.30000	9.40089e-19	1.29887e-18
14662.90000	1.47371e-18	2.61286e-18
14664.50000	-8.24339e-19	3.89533e-18
14666.20000	3.64789e-18	3.16657e-18
14667.80000	1.27361e-18	1.98959e-18
14669.40000	3.02149e-18	9.89396e-19
14671.00000	9.92000e-19	6.31828e-19
14672.70000	1.40486e-19	5.64321e-19
14674.30000	-7.09279e-19	5.14274e-19
14675.90000	4.37746e-19	5.01898e-19
14677.60000	-1.35667e-18	5.20903e-19
14679.20000	6.71841e-19	5.47932e-19
14680.80000	4.02042e-19	5.74419e-19
14682.40000	-1.00312e-19	5.24912e-19
14684.10000	7.41599e-19	4.53603e-19
14685.70000	-9.13411e-20	3.91593e-19
14687.30000	-1.77822e-19	3.96953e-19
14689.00000	-9.06533e-20	4.36853e-19
14690.60000	6.72109e-19	5.36384e-19
14692.20000	-8.51741e-19	7.94061e-19
14693.80000	-5.89388e-19	1.33986e-18
14695.50000	8.21371e-19	2.72353e-18
14697.10000	-4.04304e-19	4.33412e-18
14698.70000	-1.52437e-19	4.34804e-18
14700.40000	2.06697e-18	3.36735e-18
14702.00000	2.81254e-18	1.96271e-18
14703.60000	-5.47516e-19	1.24964e-18
14705.20000	1.21307e-18	9.27998e-19
14706.90000	1.53366e-18	8.18475e-19
14708.50000	1.02709e-20	7.03763e-19
14710.10000	4.95116e-19	7.14693e-19
14711.80000	7.18647e-19	7.96588e-19
14713.40000	-9.95968e-20	7.42958e-19
14715.00000	9.73886e-19	6.42066e-19
14716.70000	1.00948e-18	5.02584e-19
14718.30000	6.89545e-19	4.54476e-19
14719.90000	-6.13088e-19	4.51597e-19
14721.50000	1.89320e-19	4.66210e-19
14723.20000	2.27906e-19	4.89636e-19
14724.80000	6.07667e-19	4.80257e-19
14726.40000	-2.48996e-19	4.40655e-19
14728.10000	-3.38777e-19	4.03733e-19
14729.70000	1.02648e-19	3.77000e-19
14731.30000	-6.37170e-19	3.76642e-19
14732.90000	-2.61902e-19	4.15617e-19
14734.60000	3.97882e-19	5.05723e-19
14736.20000	-2.44996e-19	7.07834e-19
14737.80000	-1.21930e-18	1.27256e-18
14739.50000	-1.12271e-18	1.59475e-18
14741.10000	7.90573e-19	1.46936e-18
14742.70000	-2.57177e-19	9.73325e-19
14744.30000	3.81825e-19	5.11095e-19
14746.00000	1.52329e-19	3.29808e-19
14747.60000	-1.03150e-19	3.05581e-19
14749.20000	6.06342e-19	3.17705e-19
14750.90000	-4.68589e-20	3.76153e-19
14752.50000	9.23464e-20	5.79543e-19
14754.10000	-5.24155e-19	9.97921e-19
14755.70000	-6.91122e-19	1.19077e-18
14757.40000	3.04138e-19	1.08285e-18
14759.00000	1.05999e-18	6.50582e-19
14760.60000	1.63981e-18	4.54297e-19
14762.30000	7.06362e-19	3.89980e-19
14763.90000	4.99685e-19	3.63149e-19
14765.50000	-3.50927e-19	3.97297e-19
14767.10000	-4.48985e-20	5.26360e-19
14768.80000	8.52896e-19	8.51506e-19
14770.40000	-1.15510e-18	1.59113e-18
14772.00000	1.77373e-18	1.80237e-18
14773.70000	1.11297e-18	1.64458e-18
14775.30000	-3.73412e-19	1.02095e-18
14776.90000	-6.25041e-19	6.27374e-19
14778.60000	1.58207e-19	7.25884e-19
14780.20000	1.67635e-18	1.18845e-18
14781.80000	-6.78228e-19	2.09196e-18
14783.40000	-3.31300e-18	2.29834e-18
14785.10000	1.21374e-18	1.95886e-18
14786.70000	-7.83772e-19	1.10276e-18
14788.30000	2.67270e-19	5.64441e-19
14790.00000	1.93959e-19	5.74717e-19
14791.60000	-2.23877e-21	6.79883e-19
14793.20000	1.37948e-18	8.82135e-19
14794.80000	1.37252e-19	8.99725e-19
14796.50000	1.10650e-18	1.26452e-18
14798.10000	1.25108e-18	2.13561e-18
14799.70000	-1.08001e-18	2.61755e-18
14801.40000	-8.44961e-19	2.39702e-18
14803.00000	-1.94270e-19	1.93219e-18
14804.60000	1.75868e-18	1.93414e-18
14806.20000	-1.10153e-18	1.77142e-18
14807.90000	-1.09604e-18	1.23520e-18
14809.50000	-2.79879e-19	5.79093e-19
14811.10000	8.52494e-20	3.73921e-19
14812.80000	-1.13269e-19	3.51712e-19
14814.40000	1.88941e-19	3.37488e-19
14816.00000	2.80779e-19	3.31232e-19
14817.60000	2.77022e-19	3.40958e-19
14819.30000	5.27482e-19	3.37569e-19
14820.90000	-2.80349e-19	3.26975e-19
14822.50000	-2.90650e-19	3.12772e-19
14824.20000	6.32298e-19	3.29172e-19
14825.80000	-3.25703e-19	4.12421e-19
14827.40000	1.71602e-18	6.08399e-19
14829.00000	-4.23389e-19	9.67537e-19
14830.70000	7.36694e-19	1.90614e-18
14832.30000	1.10032e-18	2.67773e-18
14833.90000	2.73829e-18	2.99932e-18
14835.60000	2.94272e-18	1.68083e-18
14837.20000	1.54626e-18	7.88583e-19
14838.80000	8.32152e-19	3.29212e-19
14840.50000	4.64570e-19	3.00980e-19
14842.10000	7.44937e-19	3.11756e-19
14843.70000	9.78100e-20	3.30393e-19
14845.30000	2.95561e-19	3.21960e-19
14847.00000	-3.51709e-19	4.27178e-19
14848.60000	4.11521e-19	3.33379e-19
14850.20000	9.07178e-19	3.23374e-19
14851.90000	4.45902e-19	3.43837e-19
14853.50000	5.08589e-20	3.28334e-19
14855.10000	1.72481e-19	3.03188e-19
14856.70000	2.15533e-19	3.75780e-19
14858.40000	-5.42127e-20	5.04789e-19
14860.00000	8.64816e-19	6.73876e-19
14861.60000	-1.65394e-19	1.17881e-18
14863.30000	2.52694e-18	1.85535e-18
14864.90000	3.50036e-18	2.01391e-18
14866.50000	3.04219e-19	1.52847e-18
14868.10000	1.33083e-19	7.03500e-19
14869.80000	2.99102e-19	3.88629e-19
14871.40000	-5.05397e-19	3.30819e-19
14873.00000	1.79689e-19	3.10512e-19
14874.70000	2.60351e-19	3.23330e-19
14876.30000	3.00269e-19	3.39062e-19
14877.90000	-1.38650e-19	3.56873e-19
14879.50000	2.12868e-19	4.05349e-19
14881.20000	1.55650e-19	5.67032e-19
14882.80000	2.30599e-18	9.62906e-19
14884.40000	1.76358e-18	1.72966e-18
14886.10000	-2.02678e-18	2.94050e-18
14887.70000	-1.45893e-18	3.19543e-18
14889.30000	1.01430e-18	2.63948e-18
14891.00000	3.04559e-19	1.23751e-18
14892.60000	-4.99057e-20	4.77235e-19
14894.20000	-2.50537e-21	3.34233e-19
14895.80000	4.69339e-20	3.15375e-19
14897.50000	3.13294e-19	2.98630e-19
14899.10000	1.22433e-19	2.87582e-19
14900.70000	6.91485e-19	2.88482e-19
14902.40000	-1.31957e-19	2.93598e-19
14904.00000	-5.00378e-19	3.61436e-19
14905.60000	-7.78951e-19	5.97750e-19
14907.20000	8.72997e-19	9.56208e-19
14908.90000	2.26409e-18	1.32846e-18
14910.50000	6.21305e-20	1.07175e-18
14912.10000	-1.94778e-19	6.98655e-19
14913.80000	5.57832e-19	3.88200e-19
14915.40000	5.66810e-20	3.22576e-19
14917.00000	-9.10585e-20	3.20481e-19
14918.60000	5.07241e-20	3.11642e-19
14920.30000	-3.36260e-19	2.97942e-19
14921.90000	1.04546e-19	2.95520e-19
14923.50000	-3.34033e-19	3.01484e-19
14925.20000	-9.61680e-19	3.50434e-19
14926.80000	-2.92165e-19	4.72509e-19
14928.40000	-1.03391e-18	8.02231e-19
14930.00000	-1.71689e-18	1.49694e-18
14931.70000	-3.09601e-19	1.79013e-18
14933.30000	-1.36843e-18	1.59023e-18
14934.90000	7.78904e-19	8.43315e-19
14936.60000	2.71851e-19	4.50816e-19
14938.20000	6.98542e-20	3.70286e-19
14939.80000	6.50009e-19	3.74611e-19
14941.40000	2.39739e-19	3.67621e-19
14943.10000	1.08152e-19	3.36594e-19
14944.70000	-2.88549e-19	3.06398e-19
14946.30000	1.86314e-19	3.42550e-19
14948.00000	-3.73651e-20	2.96376e-19
14949.60000	-5.35916e-19	2.88242e-19
14951.20000	-5.64126e-20	2.99660e-19
14952.90000	1.19234e-19	3.18735e-19
14954.50000	1.47750e-19	3.41196e-19
14956.10000	6.73262e-19	3.34774e-19
14957.70000	4.97991e-19	3.31292e-19
14959.40000	3.74881e-19	3.42482e-19
14961.00000	9.89480e-19	3.59136e-19
14962.60000	4.56426e-19	3.84176e-19
14964.30000	-3.14022e-20	3.90845e-19
14965.90000	1.64372e-19	3.68998e-19
14967.50000	3.56330e-19	3.23149e-19
14969.10000	9.74584e-21	3.00686e-19
14970.80000	-1.63073e-19	2.94823e-19
14972.40000	3.61681e-19	2.97090e-19
14974.00000	1.14606e-19	3.23157e-19
14975.70000	-1.31105e-20	3.43596e-19
14977.30000	-2.44440e-19	3.07701e-19
14978.90000	-2.97324e-19	2.99293e-19
14980.50000	5.41820e-19	2.98597e-19
14982.20000	5.98022e-19	2.99501e-19
14983.80000	6.14025e-19	3.04386e-19
14985.40000	-2.82142e-19	3.07644e-19
14987.10000	-3.81615e-19	3.14929e-19
14988.70000	-9.57306e-20	3.41560e-19
14990.30000	-4.23962e-19	4.15189e-19
14991.90000	-3.85220e-20	3.79996e-19
14993.60000	4.54584e-19	3.79926e-19
14995.20000	-2.16237e-19	3.70755e-19
14996.80000	-7.55112e-20	3.42795e-19
14998.50000	5.53566e-20	3.34877e-19
15000.10000	3.30474e-19	3.45584e-19
15001.70000	6.63183e-19	3.36445e-19
15003.30000	4.28863e-19	3.86886e-19
15005.00000	-9.25440e-19	5.04709e-19
15006.60000	-1.06403e-19	5.61466e-19
15008.20000	-1.13692e-18	5.30154e-19
15009.90000	-5.50369e-19	4.32859e-19
15011.50000	5.14133e-20	3.51386e-19
15013.10000	3.51114e-19	3.36830e-19
15014.80000	-2.74613e-20	3.29763e-19
15016.40000	8.19283e-20	3.17529e-19
15018.00000	1.31773e-19	3.13491e-19
15019.60000	4.56268e-19	3.74432e-19
15021.30000	-3.69290e-20	3.67824e-19
15022.90000	-6.21576e-20	4.66582e-19
15024.50000	-6.12319e-19	6.05647e-19
15026.20000	1.60469e-19	6.59701e-19
15027.80000	-5.82828e-19	5.74173e-19
15029.40000	5.70506e-19	4.24253e-19
15031.00000	4.86843e-19	3.28801e-19
15032.70000	1.17439e-19	3.14776e-19
15034.30000	3.19645e-19	3.34808e-19
15035.90000	2.41345e-19	3.44663e-19
15037.60000	1.40935e-18	3.39632e-19
15039.20000	3.30737e-19	3.36797e-19
15040.80000	-4.80753e-19	3.37990e-19
15042.40000	1.92683e-19	3.38501e-19
15044.10000	-4.73457e-20	3.42802e-19
15045.70000	3.19950e-19	3.81359e-19
15047.30000	1.06519e-18	5.23037e-19
15049.00000	3.03492e-20	7.82077e-19
15050.60000	9.50006e-21	1.38419e-18
15052.20000	1.61821e-18	2.37425e-18
15053.80000	1.35131e-18	3.91627e-18
15055.50000	4.04630e-18	4.34435e-18
15057.10000	8.18777e-20	3.67696e-18
15058.70000	-1.32970e-18	1.62419e-18
15060.40000	-3.87616e-19	6.70511e-19
15062.00000	-1.56863e-18	8.40400e-19
15063.60000	8.12307e-19	9.56449e-19
15065.20000	2.07555e-18	1.20704e-18
15066.90000	-2.70887e-19	1.95001e-18
15068.50000	3.83612e-18	2.44313e-18
15070.10000	1.87935e-18	2.29588e-18
15071.80000	1.26537e-19	1.32099e-18
15073.40000	-6.59226e-19	5.23259e-19
15075.00000	3.47815e-20	3.63251e-19
15076.70000	2.66883e-19	3.82715e-19
15078.30000	4.65848e-19	4.01739e-19
15079.90000	1.21075e-19	4.93825e-19
15081.50000	-8.96095e-19	5.55012e-19
15083.20000	-3.88864e-20	6.07635e-19
15084.80000	-2.23191e-19	8.48462e-19
15086.40000	-7.77596e-19	1.24893e-18
15088.10000	-1.51362e-20	1.48961e-18
15089.70000	-3.67165e-18	1.48754e-18
15091.30000	-5.93707e-19	9.74475e-19
15092.90000	6.16022e-19	4.42692e-19
15094.60000	1.36653e-19	4.19424e-19
15096.20000	2.78240e-19	4.78260e-19
15097.80000	-4.77713e-20	3.91303e-19
15099.50000	1.48600e-19	3.77092e-19
15101.10000	-3.45556e-19	3.67385e-19
15102.70000	7.88043e-20	3.55431e-19
15104.30000	1.10370e-19	4.76889e-19
15106.00000	-1.81803e-19	5.56063e-19
15107.60000	2.58882e-19	4.92098e-19
15109.20000	2.91315e-19	5.05741e-19
15110.90000	-1.46384e-19	6.68675e-19
15112.50000	-2.47157e-19	9.18610e-19
15114.10000	-1.05133e-18	7.45274e-19
15115.70000	9.15553e-21	6.26209e-19
15117.40000	1.89959e-19	4.99633e-19
15119.00000	5.87926e-19	3.87858e-19
15120.60000	3.01513e-19	3.09625e-19
15122.30000	-4.04534e-21	3.01589e-19
15123.90000	6.16655e-19	3.01960e-19
15125.50000	-9.74926e-20	3.10717e-19
15127.10000	-8.47590e-20	3.44295e-19
15128.80000	3.08569e-19	3.35079e-19
15130.40000	5.03611e-19	3.34860e-19
15132.00000	1.99125e-19	3.70650e-19
15133.70000	-3.55180e-19	4.02202e-19
15135.30000	-2.26657e-19	4.02754e-19
15136.90000	5.50736e-19	3.73383e-19
15138.60000	1.93335e-19	3.59257e-19
15140.20000	3.19474e-19	3.79869e-19
15141.80000	4.00916e-19	4.04046e-19
15143.40000	-2.67005e-19	4.01831e-19
15145.10000	8.33214e-20	3.93247e-19
15146.70000	1.53162e-19	4.05767e-19
15148.30000	4.42071e-19	4.38993e-19
15150.00000	-2.49396e-20	4.67724e-19
15151.60000	1.92235e-19	4.88016e-19
15153.20000	2.09012e-19	3.92179e-19
15154.80000	-1.80210e-19	3.26494e-19
15156.50000	-1.16171e-19	2.89715e-19
15158.10000	-2.06585e-20	2.82139e-19
15159.70000	2.03214e-19	2.95116e-19
15161.40000	-1.77116e-19	2.73930e-19
15163.00000	1.07043e-19	2.71279e-19
15164.60000	1.41905e-19	2.83656e-19
15166.20000	1.45352e-19	2.96888e-19
15167.90000	-3.04332e-19	3.02918e-19
15169.50000	7.76220e-20	3.00527e-19
15171.10000	1.41405e-19	2.95306e-19
15172.80000	-4.49020e-19	2.89822e-19
15174.40000	2.25504e-19	3.36638e-19
15176.00000	-7.57614e-19	3.15000e-19
15177.60000	-1.02731e-19	3.88938e-19
15179.30000	3.54789e-19	3.35947e-19
15180.90000	5.91360e-20	3.84812e-19
15182.50000	-4.61557e-19	5.38260e-19
15184.20000	-1.34509e-18	1.04182e-18
15185.80000	-4.52412e-19	1.85896e-18
15187.40000	5.95213e-19	2.00919e-18
15189.00000	-3.34586e-19	1.74546e-18
15190.70000	-6.48920e-20	6.36781e-19
15192.30000	1.28989e-19	3.18473e-19
15193.90000	-8.49837e-20	3.19026e-19
15195.60000	9.32889e-20	3.03214e-19
15197.20000	3.61874e-19	2.61928e-19
15198.80000	4.03761e-19	2.53519e-19
15200.50000	-3.93723e-20	2.52630e-19
15202.10000	-1.13666e-20	2.49384e-19
15203.70000	-4.31112e-19	2.53359e-19
15205.30000	2.63205e-19	2.56391e-19
15207.00000	9.07578e-20	2.58768e-19
15208.60000	3.40930e-19	2.55019e-19
15210.20000	5.72574e-20	2.55669e-19
15211.90000	2.47757e-20	2.54687e-19
15213.50000	1.33047e-20	2.53722e-19
15215.10000	4.72255e-20	2.52455e-19
15216.70000	3.11471e-19	2.50198e-19
15218.40000	6.36651e-19	2.52923e-19
15220.00000	3.43514e-19	2.54591e-19
15221.60000	3.04996e-19	2.64257e-19
15223.30000	3.52253e-19	2.63471e-19
15224.90000	-2.17425e-19	2.62125e-19
15226.50000	-7.10627e-19	2.97221e-19
15228.10000	1.60427e-19	2.65184e-19
15229.80000	-2.10083e-20	2.85949e-19
15231.40000	1.07325e-19	3.18726e-19
15233.00000	-4.17359e-20	3.11548e-19
15234.70000	4.18027e-19	4.15736e-19
15236.30000	9.96146e-19	7.30924e-19
15237.90000	8.64772e-19	1.65536e-18
15239.50000	3.51317e-18	3.24108e-18
15241.20000	1.13298e-18	3.56216e-18
15242.80000	5.99012e-18	2.75144e-18
15244.40000	3.90891e-19	1.01719e-18
15246.10000	-5.82545e-19	4.00165e-19
15247.70000	3.90421e-19	3.13510e-19
15249.30000	-1.88723e-19	2.72915e-19
15251.00000	-8.58400e-20	2.55370e-19
15252.60000	-6.22383e-20	2.47272e-19
15254.20000	2.23774e-19	2.53156e-19
15255.80000	3.69527e-19	2.38008e-19
15257.50000	-5.87138e-19	2.32147e-19
15259.10000	-1.92846e-19	2.32386e-19
15260.70000	-6.26160e-19	2.32603e-19
15262.40000	-2.43544e-19	2.50442e-19
15264.00000	-2.49280e-19	2.81946e-19
15265.60000	-9.28522e-20	3.13180e-19
15267.20000	2.63065e-19	3.47415e-19
15268.90000	4.79304e-19	3.59660e-19
15270.50000	3.55038e-19	3.48274e-19
15272.10000	-2.17644e-19	3.10330e-19
15273.80000	4.44100e-19	2.65280e-19
15275.40000	8.65468e-20	2.54348e-19
15277.00000	-3.42606e-19	2.56500e-19
15278.60000	1.45893e-19	2.47698e-19
15280.30000	-5.95076e-19	2.89025e-19
15281.90000	-1.69963e-19	3.84595e-19
15283.50000	-4.92011e-19	6.18489e-19
15285.20000	-2.69403e-19	1.33538e-18
15286.80000	2.83539e-18	2.13145e-18
15288.40000	6.58623e-19	2.17122e-18
15290.00000	-5.36950e-20	1.36712e-18
15291.70000	-3.84851e-21	5.47091e-19
15293.30000	4.69523e-19	3.19824e-19
15294.90000	2.37857e-19	2.65671e-19
15296.60000	-1.48951e-19	2.47559e-19
15298.20000	5.29073e-19	2.42410e-19
15299.80000	1.06064e-19	2.35593e-19
15301.40000	-5.22019e-19	2.35551e-19
15303.10000	-5.00812e-19	2.31519e-19
15304.70000	1.33189e-19	2.31555e-19
15306.30000	-2.89391e-20	2.41880e-19
15308.00000	4.86716e-19	2.90816e-19
15309.60000	-1.10768e-19	4.01577e-19
15311.20000	-6.56605e-20	4.18335e-19
15312.90000	3.79073e-19	3.64240e-19
15314.50000	2.08379e-19	2.68108e-19
15316.10000	3.29749e-19	2.45990e-19
15317.70000	-2.07792e-19	2.44687e-19
15319.40000	-8.76953e-20	2.44875e-19
15321.00000	-1.60692e-19	2.46520e-19
15322.60000	2.89456e-19	2.53429e-19
15324.30000	-2.26739e-19	2.77289e-19
15325.90000	-4.17075e-19	3.49738e-19
15327.50000	5.63579e-19	6.28654e-19
15329.10000	2.27309e-18	1.47889e-18
15330.80000	-1.53917e-18	3.21373e-18
15332.40000	2.20744e-18	3.65980e-18
15334.00000	-2.82715e-18	2.90692e-18
15335.70000	2.12468e-18	1.07372e-18
15337.30000	6.76641e-19	4.37944e-19
15338.90000	1.88574e-19	3.08075e-19
15340.50000	-1.57192e-19	2.75902e-19
15342.20000	-1.66632e-19	2.59490e-19
15343.80000	1.09854e-19	2.59208e-19
15345.40000	-2.87824e-19	3.07927e-19
15347.10000	2.13421e-19	5.01905e-19
15348.70000	7.07887e-19	5.90428e-19
15350.30000	3.62178e-19	5.87716e-19
15351.90000	-2.79814e-19	3.35946e-19
15353.60000	-2.66642e-19	2.49557e-19
15355.20000	-6.67376e-19	2.56564e-19
15356.80000	-1.51306e-19	2.55651e-19
15358.50000	3.05197e-20	2.40735e-19
15360.10000	3.07093e-19	2.22654e-19
15361.70000	5.56286e-20	2.15366e-19
15363.30000	1.63875e-19	2.12726e-19
15365.00000	1.81669e-19	2.12615e-19
15366.60000	4.35350e-19	2.14319e-19
15368.20000	8.55155e-20	2.23530e-19
15369.90000	-2.56721e-20	2.66334e-19
15371.50000	3.08191e-19	3.26309e-19
15373.10000	3.12787e-19	4.16999e-19
15374.80000	5.42088e-19	5.03578e-19
15376.40000	3.93921e-19	5.41064e-19
15378.00000	1.12432e-19	5.03925e-19
15379.60000	8.30719e-19	4.08236e-19
15381.30000	-1.80748e-19	3.01245e-19
15382.90000	1.14824e-19	2.52561e-19
15384.50000	-1.33336e-20	2.78693e-19
15386.20000	-1.30896e-19	3.90489e-19
15387.80000	3.29552e-19	5.13468e-19
15389.40000	4.70609e-19	4.77740e-19
15391.00000	1.60450e-18	6.34232e-19
15392.70000	1.94213e-18	1.11499e-18
15394.30000	-5.60808e-19	1.93276e-18
15395.90000	8.91437e-19	1.90255e-18
15397.60000	1.89425e-18	1.09625e-18
15399.20000	1.27684e-19	4.24095e-19
15400.80000	-1.66242e-19	2.57443e-19
15402.40000	4.36715e-20	2.76916e-19
15404.10000	4.57907e-19	3.55495e-19
15405.70000	4.88709e-19	4.02095e-19
15407.30000	5.79325e-19	3.96442e-19
15409.00000	-1.21187e-19	3.71161e-19
15410.60000	-2.97989e-20	3.81498e-19
15412.20000	1.75973e-19	3.48590e-19
15413.80000	2.92636e-21	3.02494e-19
15415.50000	3.82242e-19	2.45709e-19
15417.10000	3.43031e-19	2.30451e-19
15418.70000	4.42505e-19	2.38738e-19
15420.40000	1.94069e-19	2.53141e-19
15422.00000	5.55997e-20	2.80685e-19
15423.60000	-1.06957e-19	3.11022e-19
15425.20000	8.52476e-20	3.54853e-19
15426.90000	9.97827e-20	4.75134e-19
15428.50000	-1.71484e-18	9.82383e-19
15430.10000	-3.83779e-18	2.30263e-18
15431.80000	-5.04779e-19	3.12516e-18
15433.40000	4.37036e-18	2.68650e-18
15435.00000	3.40346e-19	1.27365e-18
15436.70000	-3.46962e-19	6.25569e-19
15438.30000	-2.27694e-19	4.34043e-19
15439.90000	1.31153e-19	3.94806e-19
15441.50000	1.22865e-18	3.04987e-19
15443.20000	2.79147e-19	2.39080e-19
15444.80000	5.47564e-20	2.22662e-19
15446.40000	-4.44594e-20	2.17885e-19
15448.10000	-1.18449e-19	2.12546e-19
15449.70000	2.11485e-19	2.08091e-19
15451.30000	1.95061e-19	2.08638e-19
15452.90000	-6.92069e-20	2.11259e-19
15454.60000	4.48483e-19	2.15582e-19
15456.20000	1.94116e-19	2.22572e-19
15457.80000	2.40304e-19	2.54520e-19
15459.50000	-2.30436e-19	3.86656e-19
15461.10000	-7.80413e-19	6.05599e-19
15462.70000	2.05111e-19	6.38414e-19
15464.30000	3.73193e-19	4.39455e-19
15466.00000	2.30895e-19	3.19167e-19
15467.60000	2.99295e-19	3.00080e-19
15469.20000	4.39860e-19	2.96308e-19
15470.90000	1.40570e-19	3.16958e-19
15472.50000	-3.52457e-19	4.34479e-19
15474.10000	2.98907e-19	5.69419e-19
15475.70000	8.74109e-19	5.23346e-19
15477.40000	5.64926e-19	3.04363e-19
15479.00000	1.24594e-19	2.25766e-19
15480.60000	2.57649e-19	2.06734e-19
15482.30000	7.49470e-20	2.02808e-19
15483.90000	-7.99971e-20	2.20616e-19
15485.50000	-1.44271e-19	3.00042e-19
15487.10000	-8.12032e-19	4.77308e-19
15488.80000	-5.60370e-19	5.21292e-19
15490.40000	2.34187e-19	4.10354e-19
15492.00000	2.11438e-20	2.74620e-19
15493.70000	3.29615e-19	2.25788e-19
15495.30000	1.26782e-19	2.39945e-19
15496.90000	-2.99287e-20	3.33530e-19
15498.60000	-9.20314e-19	6.58364e-19
15500.20000	-9.11980e-19	9.93626e-19
15501.80000	5.38593e-19	9.60636e-19
15503.40000	6.59394e-19	5.42092e-19
15505.10000	-2.85390e-19	4.57632e-19
15506.70000	-5.39610e-19	6.75424e-19
15508.30000	-1.16798e-18	1.30394e-18
15510.00000	-5.45946e-19	1.43792e-18
15511.60000	-5.21461e-20	1.06834e-18
15513.20000	-2.48262e-19	4.89781e-19
15514.80000	3.95896e-19	4.81958e-19
15516.50000	1.47947e-18	8.06437e-19
15518.10000	1.19912e-19	8.68658e-19
15519.70000	-7.63063e-19	6.26154e-19
15521.40000	-6.41653e-19	2.90985e-19
15523.00000	1.74938e-19	2.17250e-19
15524.60000	2.57249e-19	2.07583e-19
15526.20000	1.79591e-19	2.02566e-19
15527.90000	2.23159e-19	2.01596e-19
15529.50000	2.21027e-19	2.06307e-19
15531.10000	1.52915e-19	2.15322e-19
15532.80000	-6.37872e-22	2.29389e-19
15534.40000	2.57310e-19	2.73022e-19
15536.00000	3.41214e-19	4.45594e-19
15537.60000	3.80622e-19	1.08190e-18
15539.30000	1.92248e-18	1.89441e-18
15540.90000	8.28640e-19	2.01964e-18
15542.50000	1.24064e-18	1.65078e-18
15544.20000	1.55171e-18	1.55382e-18
15545.80000	1.70491e-18	1.63499e-18
15547.40000	-2.85179e-19	1.43714e-18
15549.10000	-6.00641e-19	5.92024e-19
15550.70000	3.65928e-20	2.92411e-19
15552.30000	2.21097e-19	2.32269e-19
15553.90000	5.50493e-19	2.18018e-19
15555.60000	2.77729e-19	2.08019e-19
15557.20000	-5.23451e-20	2.09012e-19
15558.80000	-2.63440e-19	2.40372e-19
15560.50000	1.12669e-20	2.86835e-19
15562.10000	2.24730e-19	3.06197e-19
15563.70000	1.02344e-19	2.85970e-19
15565.30000	3.27618e-19	2.94541e-19
15567.00000	4.02681e-19	4.52456e-19
15568.60000	1.77283e-19	9.71800e-19
15570.20000	2.53998e-19	1.24453e-18
15571.90000	-1.20360e-19	1.05963e-18
15573.50000	-2.93772e-19	4.27941e-19
15575.10000	5.80638e-20	2.82684e-19
15576.70000	4.57625e-20	2.52799e-19
15578.40000	9.87277e-22	2.72986e-19
15580.00000	1.59298e-19	3.11586e-19
15581.60000	8.32358e-20	3.19750e-19
15583.30000	-1.65726e-20	2.65996e-19
15584.90000	-1.26677e-19	2.18128e-19
15586.50000	1.27053e-19	2.05790e-19
15588.10000	-1.94883e-20	2.08445e-19
15589.80000	-1.83159e-19	2.18413e-19
15591.40000	1.78848e-19	2.40455e-19
15593.00000	-5.15926e-19	3.64984e-19
15594.70000	-1.47482e-18	8.28907e-19
15596.30000	1.23330e-18	1.93086e-18
15597.90000	-9.66044e-19	2.20298e-18
15599.50000	-1.21155e-18	1.85903e-18
15601.20000	4.93240e-19	5.35670e-19
15602.80000	-9.69035e-20	2.89385e-19
15604.40000	1.60814e-19	2.30813e-19
15606.10000	-8.77078e-20	2.09408e-19
15607.70000	4.68982e-20	2.02891e-19
15609.30000	4.08281e-19	2.23037e-19
15611.00000	6.31787e-19	2.94564e-19
15612.60000	4.66186e-19	3.79315e-19
15614.20000	-3.38321e-19	3.71056e-19
15615.80000	9.66027e-20	2.80370e-19
15617.50000	-6.60204e-21	2.25405e-19
15619.10000	1.23402e-19	2.28139e-19
15620.70000	5.69268e-21	2.33610e-19
15622.40000	-4.04917e-19	2.20547e-19
15624.00000	2.58545e-19	2.09732e-19
15625.60000	1.57326e-19	2.28463e-19
15627.20000	9.41278e-20	3.58470e-19
15628.90000	-4.44206e-19	8.27937e-19
15630.50000	-2.74695e-18	1.59239e-18
15632.10000	-1.94833e-18	1.68929e-18
15633.80000	1.48757e-19	1.09364e-18
15635.40000	3.27656e-19	3.21338e-19
15637.00000	5.45067e-20	2.32935e-19
15638.60000	8.98107e-20	2.60698e-19
15640.30000	-2.56791e-19	2.86841e-19
15641.90000	-1.29368e-20	2.78476e-19
15643.50000	4.85022e-20	2.33770e-19
15645.20000	-2.48333e-19	2.20878e-19
15646.80000	-8.16538e-20	2.23722e-19
15648.40000	-4.96662e-19	2.35428e-19
15650.00000	-4.82085e-19	3.40962e-19
15651.70000	-9.87586e-20	7.88855e-19
15653.30000	2.02544e-18	2.31252e-18
15654.90000	2.46801e-18	2.75748e-18
15656.60000	4.83537e-18	2.96396e-18
15658.20000	1.46846e-18	1.58140e-18
15659.80000	7.65749e-19	8.12462e-19
15661.40000	5.11550e-19	2.94348e-19
15663.10000	2.40321e-19	2.23685e-19
15664.70000	-4.13918e-19	2.07241e-19
15666.30000	6.87115e-20	2.00046e-19
15668.00000	8.44436e-20	1.94224e-19
15669.60000	3.39649e-19	1.91334e-19
15671.20000	7.09940e-21	1.92739e-19
15672.90000	1.94066e-20	2.00221e-19
15674.50000	3.24044e-19	1.99824e-19
15676.10000	2.99982e-19	2.02657e-19
15677.70000	1.17921e-19	2.00342e-19
15679.40000	5.11666e-19	1.98333e-19
15681.00000	5.54720e-20	2.04092e-19
15682.60000	1.83642e-19	2.27422e-19
15684.30000	5.33975e-19	2.35072e-19
15685.90000	1.56765e-19	2.33469e-19
15687.50000	-1.02003e-19	2.20222e-19
15689.10000	-1.26018e-19	2.15096e-19
15690.80000	4.80417e-19	2.07563e-19
15692.40000	-2.63788e-19	2.03125e-19
15694.00000	-6.22279e-19	2.06675e-19
15695.70000	-1.95783e-19	2.41123e-19
15697.30000	-2.16745e-19	3.16641e-19
15698.90000	-1.19591e-18	5.13340e-19
15700.50000	-4.18622e-19	1.10210e-18
15702.20000	-4.44924e-19	1.42329e-18
15703.80000	-3.42618e-20	1.31925e-18
15705.40000	1.23268e-18	6.27798e-19
15707.10000	5.33929e-19	2.58286e-19
15708.70000	2.50849e-19	2.27122e-19
15710.30000	1.35968e-20	2.45724e-19
15711.90000	-2.20005e-20	2.44257e-19
15713.60000	-2.44209e-20	2.16392e-19
15715.20000	1.79361e-19	1.82193e-19
15716.80000	1.12430e-19	1.99518e-19
15718.50000	-7.09958e-20	2.38554e-19
15720.10000	3.77006e-19	2.72196e-19
15721.70000	2.23016e-19	2.88230e-19
15723.30000	-3.86134e-19	3.45700e-19
15725.00000	-4.07734e-19	3.53752e-19
15726.60000	2.31319e-19	3.11549e-19
15728.20000	6.11699e-20	2.27833e-19
15729.90000	5.29837e-19	2.43008e-19
15731.50000	1.19716e-19	2.80127e-19
15733.10000	2.56559e-19	2.88497e-19
15734.80000	-1.42979e-19	2.71232e-19
15736.40000	-1.18381e-19	2.78709e-19
15738.00000	-2.12111e-19	2.91532e-19
15739.60000	1.37518e-19	2.80532e-19
15741.30000	-1.64155e-19	2.30787e-19
15742.90000	1.71419e-19	1.98603e-19
15744.50000	4.74738e-20	2.27796e-19
15746.20000	4.58753e-20	2.52210e-19
15747.80000	1.16831e-19	2.51495e-19
15749.40000	7.38852e-20	2.48440e-19
15751.00000	4.31165e-21	2.68184e-19
15752.70000	1.00949e-19	2.65381e-19
15754.30000	-2.76655e-20	2.45778e-19
15755.90000	-1.49837e-19	2.26115e-19
15757.60000	4.74344e-20	3.67788e-19
15759.20000	-3.75733e-19	5.80114e-19
15760.80000	-2.20580e-19	6.03198e-19
15762.40000	-5.79958e-19	4.82468e-19
15764.10000	5.13108e-19	3.30549e-19
15765.70000	-2.01815e-19	3.20487e-19
15767.30000	6.72250e-20	3.01210e-19
15769.00000	-2.04518e-20	2.36488e-19
15770.60000	2.84496e-19	1.98795e-19
15772.20000	4.59014e-19	2.08563e-19
15773.80000	3.70402e-19	2.40870e-19
15775.50000	5.21807e-20	2.44871e-19
15777.10000	2.93423e-19	2.77991e-19
15778.70000	3.48155e-19	4.56197e-19
15780.40000	3.94799e-19	6.70408e-19
15782.00000	4.01416e-19	7.51610e-19
15783.60000	-8.80359e-19	6.48455e-19
15785.20000	3.68406e-19	4.41418e-19
15786.90000	-6.17112e-20	2.32489e-19
15788.50000	-3.09338e-19	2.10421e-19
15790.10000	-1.89811e-20	2.13207e-19
15791.80000	4.52417e-19	2.53458e-19
15793.40000	-3.05287e-19	2.69103e-19
15795.00000	-7.47303e-19	2.55192e-19
15796.70000	-4.39612e-19	2.15760e-19
15798.30000	-1.97755e-19	2.18574e-19
15799.90000	-9.98703e-20	2.62625e-19
15801.50000	-8.03240e-21	4.15698e-19
15803.20000	4.08983e-19	4.63587e-19
15804.80000	3.55417e-19	4.76920e-19
15806.40000	2.40979e-19	5.26583e-19
15808.10000	4.09361e-19	5.84970e-19
15809.70000	2.33959e-19	5.51300e-19
15811.30000	4.52245e-20	3.71355e-19
15812.90000	1.74885e-19	2.49519e-19
15814.60000	-5.79444e-20	2.09684e-19
15816.20000	-4.59149e-20	2.02523e-19
15817.80000	2.70813e-19	2.00531e-19
15819.50000	1.69404e-19	2.03992e-19
15821.10000	-7.62701e-20	2.16199e-19
15822.70000	-2.27657e-20	2.40941e-19
15824.30000	-2.33795e-19	2.64056e-19
15826.00000	-1.96184e-19	3.32821e-19
15827.60000	-4.89146e-19	7.36389e-19
15829.20000	-2.66605e-19	1.50097e-18
15830.90000	-8.42730e-19	2.87102e-18
15832.50000	9.76070e-19	4.23361e-18
15834.10000	-8.10076e-18	3.85088e-18
15835.70000	-1.36503e-18	1.57920e-18
15837.40000	-3.95830e-19	6.19018e-19
15839.00000	1.33497e-19	4.59024e-19
15840.60000	-6.76558e-19	6.63814e-19
15842.30000	-1.04763e-18	7.86654e-19
15843.90000	-4.49005e-19	8.75878e-19
15845.50000	-2.12342e-18	1.45616e-18
15847.20000	-1.84961e-18	2.32912e-18
15848.80000	2.96590e-18	2.28061e-18
15850.40000	1.62860e-18	1.24055e-18
15852.00000	-6.17289e-20	5.41406e-19
15853.70000	1.05574e-19	3.56738e-19
15855.30000	3.50538e-19	2.83324e-19
15856.90000	-2.31131e-19	2.60191e-19
15858.60000	-4.18468e-19	2.81195e-19
15860.20000	-2.20551e-20	3.80157e-19
15861.80000	-4.28448e-19	4.75756e-19
15863.40000	-1.50416e-20	4.73423e-19
15865.10000	-3.45439e-20	5.12113e-19
15866.70000	3.85392e-19	8.77848e-19
15868.30000	3.35094e-19	1.25000e-18
15870.00000	5.79480e-19	1.27308e-18
15871.60000	6.77144e-19	9.19427e-19
15873.20000	-2.55006e-20	5.21345e-19
15874.80000	-3.25667e-21	3.78168e-19
15876.50000	2.98839e-20	3.26233e-19
15878.10000	5.12803e-19	2.46895e-19
15879.70000	3.17972e-19	2.14115e-19
15881.40000	4.62779e-19	2.29727e-19
15883.00000	4.97817e-19	2.34878e-19
15884.60000	7.94505e-20	2.30903e-19
15886.20000	-1.47610e-19	2.49379e-19
15887.90000	2.15093e-19	3.20457e-19
15889.50000	1.00933e-19	3.76243e-19
15891.10000	3.43490e-20	3.64961e-19
15892.80000	3.61692e-20	3.96005e-19
15894.40000	-2.38168e-19	5.62931e-19
15896.00000	-2.10052e-19	7.24839e-19
15897.60000	-1.63328e-19	7.93543e-19
15899.30000	-6.46046e-19	6.40582e-19
15900.90000	-3.98771e-19	4.36753e-19
15902.50000	4.62954e-20	3.03144e-19
15904.20000	7.00952e-20	2.30261e-19
15905.80000	1.91694e-19	1.80197e-19
15907.40000	3.25330e-19	1.73247e-19
15909.10000	-3.56421e-20	1.84463e-19
15910.70000	-1.53452e-19	2.16277e-19
15912.30000	-7.32259e-21	2.85113e-19
15913.90000	1.34534e-19	3.88746e-19
15915.60000	5.88559e-19	4.41919e-19
15917.20000	5.07488e-19	4.03814e-19
15918.80000	-3.40826e-20	2.99985e-19
15920.50000	-1.93593e-19	2.09016e-19
15922.10000	-7.95850e-20	1.99487e-19
15923.70000	1.78349e-19	2.35810e-19
15925.30000	-2.30327e-20	2.54708e-19
15927.00000	-2.99828e-19	2.80716e-19
15928.60000	6.96851e-20	3.09834e-19
15930.20000	3.64541e-19	3.12839e-19
15931.90000	2.29786e-19	3.01451e-19
15933.50000	-2.31067e-20	3.06389e-19
15935.10000	8.20263e-20	3.08177e-19
15936.70000	2.56714e-19	2.54231e-19
15938.40000	2.08000e-19	1.94908e-19
15940.00000	2.51708e-19	1.78583e-19
15941.60000	1.25803e-19	1.84011e-19
15943.30000	3.91215e-21	1.89359e-19
15944.90000	-5.29469e-20	1.94093e-19
15946.50000	6.66079e-20	1.96514e-19
15948.10000	1.82493e-19	1.89506e-19
15949.80000	-2.10622e-19	1.73670e-19
15951.40000	-9.29596e-21	1.75240e-19
15953.00000	1.85510e-19	1.87339e-19
15954.70000	5.21577e-20	1.93908e-19
15956.30000	1.82269e-19	1.87430e-19
15957.90000	1.55044e-19	1.78688e-19
15959.50000	-9.08146e-20	1.74061e-19
15961.20000	-1.03708e-19	1.74753e-19
15962.80000	9.98276e-20	1.78431e-19
15964.40000	1.02407e-19	1.88718e-19
15966.10000	2.28244e-19	2.04357e-19
15967.70000	3.78629e-19	2.59782e-19
15969.30000	9.18940e-19	4.90545e-19
15971.00000	2.47986e-18	1.47197e-18
15972.60000	7.10247e-21	1.85897e-18
15974.20000	1.05856e-18	1.52808e-18
15975.80000	5.27081e-19	4.69739e-19
15977.50000	-6.74154e-20	2.71860e-19
15979.10000	1.04400e-19	2.30446e-19
15980.70000	1.59326e-19	2.03958e-19
15982.40000	-1.40129e-19	1.98495e-19
15984.00000	1.73959e-19	2.01262e-19
15985.60000	3.68452e-19	1.91384e-19
15987.20000	1.47911e-19	1.80581e-19
15988.90000	2.96792e-19	1.77708e-19
15990.50000	2.05494e-19	1.76785e-19
15992.10000	-1.73123e-19	1.75557e-19
15993.80000	2.63219e-20	2.01397e-19
15995.40000	3.41726e-19	1.87833e-19
15997.00000	-1.96280e-20	1.78171e-19
15998.60000	1.57490e-20	1.79193e-19
16000.30000	1.22424e-19	1.82118e-19
16001.90000	1.45614e-19	1.84625e-19
16003.50000	-1.97272e-19	1.84031e-19
16005.20000	-7.35019e-20	1.84669e-19
16006.80000	2.42339e-19	1.86487e-19
16008.40000	1.60661e-19	1.84078e-19
16010.00000	2.08336e-20	1.88156e-19
16011.70000	-1.24051e-19	2.04776e-19
16013.30000	1.13711e-19	2.21587e-19
16014.90000	2.51670e-19	2.26252e-19
16016.60000	4.99721e-20	2.19392e-19
16018.20000	3.28440e-19	2.09548e-19
16019.80000	2.11053e-19	2.09649e-19
16021.40000	9.56404e-20	2.16453e-19
16023.10000	4.10481e-20	2.38541e-19
16024.70000	8.91427e-20	2.75336e-19
16026.30000	2.22139e-19	4.27360e-19
16028.00000	5.83081e-19	1.15927e-18
16029.60000	-2.97229e-18	3.25196e-18
16031.20000	-4.18076e-18	3.58091e-18
16032.90000	-2.70577e-18	2.59279e-18
16034.50000	-2.87982e-19	6.43165e-19
16036.10000	2.84474e-19	3.23762e-19
16037.70000	9.16059e-20	2.72010e-19
16039.40000	-9.68237e-20	3.01546e-19
16041.00000	7.37342e-19	5.57169e-19
16042.60000	-2.53080e-19	4.79759e-19
16044.30000	1.76262e-19	3.37695e-19
16045.90000	3.88152e-19	2.38572e-19
16047.50000	3.06970e-20	1.96360e-19
16049.10000	3.15347e-19	1.94145e-19
16050.80000	-2.10303e-19	1.95426e-19
16052.40000	2.57491e-19	2.01390e-19
16054.00000	-1.65238e-19	2.24253e-19
16055.70000	9.85145e-20	2.94996e-19
16057.30000	2.71083e-19	3.41458e-19
16058.90000	-2.47390e-21	3.54239e-19
16060.50000	7.41492e-19	3.05873e-19
16062.20000	3.52839e-20	2.50577e-19
16063.80000	-9.01084e-20	2.69946e-19
16065.40000	4.31203e-19	2.47349e-19
16067.10000	1.51831e-19	2.92582e-19
16068.70000	7.17041e-20	2.52308e-19
16070.30000	-1.98709e-19	2.59770e-19
16071.90000	5.22266e-19	3.48913e-19
16073.60000	1.67676e-19	3.30500e-19
16075.20000	-4.68113e-19	3.72435e-19
16076.80000	-3.77056e-19	9.33069e-19
16078.50000	5.13341e-19	2.04884e-18
16080.10000	2.72939e-18	2.19370e-18
16081.70000	-2.04930e-18	1.60128e-18
16083.30000	-9.00277e-20	4.63368e-19
16085.00000	1.22204e-19	2.54433e-19
16086.60000	-3.38468e-19	2.27369e-19
16088.20000	-1.16759e-20	2.15501e-19
16089.90000	3.44092e-19	2.18400e-19
16091.50000	-1.36977e-19	2.33390e-19
16093.10000	4.32925e-19	2.36019e-19
16094.80000	-7.47333e-20	2.56962e-19
16096.40000	6.35888e-19	3.31829e-19
16098.00000	-1.15383e-19	2.90891e-19
16099.60000	-9.27908e-20	2.50496e-19
16101.30000	4.50116e-21	2.07896e-19
16102.90000	-1.40326e-19	2.10390e-19
16104.50000	1.37282e-19	2.05211e-19
16106.20000	8.82952e-20	1.93027e-19
16107.80000	-1.73109e-19	1.92982e-19
16109.40000	1.40670e-19	1.94719e-19
16111.00000	5.65415e-19	1.98271e-19
16112.70000	1.29140e-19	2.05022e-19
16114.30000	4.99451e-21	2.06468e-19
16115.90000	4.07255e-19	2.75191e-19
16117.60000	-6.37819e-20	3.93836e-19
16119.20000	-2.84486e-19	4.08493e-19
16120.80000	-1.90087e-19	3.73009e-19
16122.40000	4.95933e-19	3.08297e-19
16124.10000	5.24744e-19	4.19948e-19
16125.70000	-3.50739e-18	1.59826e-18
16127.30000	-2.23486e-18	3.40146e-18
16129.00000	3.31868e-18	3.53565e-18
16130.60000	5.37993e-19	2.34601e-18
16132.20000	-1.13807e-18	7.38548e-19
16133.80000	1.28067e-19	3.29820e-19
16135.50000	3.79238e-20	2.66175e-19
16137.10000	-1.43003e-19	2.35047e-19
16138.70000	-6.45564e-20	2.18293e-19
16140.40000	-7.02259e-20	2.09584e-19
16142.00000	4.86500e-20	2.07273e-19
16143.60000	-4.10494e-20	2.04985e-19
16145.20000	2.06570e-19	1.99025e-19
16146.90000	-1.78800e-19	1.93432e-19
16148.50000	1.93221e-19	1.95321e-19
16150.10000	5.12254e-20	2.05411e-19
16151.80000	2.79134e-19	2.12626e-19
16153.40000	2.04948e-20	2.15810e-19
16155.00000	-3.56628e-19	2.21506e-19
16156.70000	-1.43491e-19	2.96960e-19
16158.30000	-4.78790e-19	5.05364e-19
16159.90000	2.52653e-19	5.19817e-19
16161.50000	1.73689e-19	3.89416e-19
16163.20000	2.13919e-20	2.30049e-19
16164.80000	-5.47735e-19	2.00533e-19
16166.40000	9.62317e-20	1.98733e-19
16168.10000	3.11997e-19	2.05922e-19
16169.70000	2.90727e-19	2.40333e-19
16171.30000	3.08934e-19	2.62664e-19
16172.90000	2.78016e-19	2.62922e-19
16174.60000	-1.33718e-20	2.32756e-19
16176.20000	2.44176e-19	2.14260e-19
16177.80000	9.30201e-20	2.03512e-19
16179.50000	-3.84480e-19	2.06495e-19
16181.10000	4.67377e-22	2.21078e-19
16182.70000	-7.33131e-20	2.01945e-19
16184.30000	-2.25714e-20	1.99159e-19
16186.00000	-1.52400e-19	2.14306e-19
16187.60000	1.24955e-19	2.38872e-19
16189.20000	1.47001e-19	2.72206e-19
16190.90000	-6.36889e-20	4.30872e-19
16192.50000	1.83402e-18	1.99686e-18
16194.10000	1.24826e-18	2.46510e-18
16195.70000	1.52760e-18	1.72639e-18
16197.40000	-6.86796e-20	6.53602e-19
16199.00000	6.71264e-19	3.06373e-19
16200.60000	3.38686e-20	2.28086e-19
16202.30000	5.17464e-20	2.14738e-19
16203.90000	4.34855e-19	2.13185e-19
16205.50000	3.45185e-19	2.31928e-19
16207.20000	1.41642e-19	2.97441e-19
16208.80000	-1.54947e-19	3.43733e-19
16210.40000	-1.24358e-19	3.59320e-19
16212.00000	-4.56823e-19	3.08096e-19
16213.70000	-5.51630e-19	2.48880e-19
16215.30000	-1.29452e-19	2.10046e-19
16216.90000	-2.08536e-19	2.15108e-19
16218.60000	-2.04930e-19	2.75477e-19
16220.20000	5.02446e-19	4.08396e-19
16221.80000	3.40214e-19	4.53536e-19
16223.40000	3.23156e-19	4.70243e-19
16225.10000	5.86574e-20	3.92411e-19
16226.70000	2.14187e-19	3.65232e-19
16228.30000	8.23719e-19	4.43464e-19
16230.00000	8.54619e-19	5.11611e-19
16231.60000	-5.01189e-19	7.06142e-19
16233.20000	7.68730e-19	1.99446e-18
16234.80000	9.69787e-19	2.94762e-18
16236.50000	-3.04047e-18	2.63640e-18
16238.10000	-1.79711e-18	1.06382e-18
16239.70000	-6.14402e-19	4.08266e-19
16241.40000	4.83076e-20	2.83757e-19
16243.00000	3.85638e-20	3.35349e-19
16244.60000	-9.85202e-20	4.69478e-19
16246.20000	2.63042e-19	4.44070e-19
16247.90000	4.32023e-19	3.46772e-19
16249.50000	1.38397e-19	2.82954e-19
16251.10000	1.51881e-19	3.14974e-19
16252.80000	1.25430e-19	3.42510e-19
16254.40000	-9.00763e-21	3.09969e-19
16256.00000	-2.53468e-20	2.63749e-19
16257.60000	2.31100e-19	2.57931e-19
16259.30000	4.96760e-19	2.57441e-19
16260.90000	5.14258e-19	2.39815e-19
16262.50000	4.21737e-19	2.28261e-19
16264.20000	1.23215e-19	2.53029e-19
16265.80000	-4.26414e-20	2.56977e-19
16267.40000	7.26077e-20	2.89145e-19
16269.10000	7.55613e-19	4.44944e-19
16270.70000	4.62717e-19	4.72487e-19
16272.30000	1.57006e-19	3.46559e-19
16273.90000	-1.65233e-20	2.28960e-19
16275.60000	-7.86357e-20	2.16401e-19
16277.20000	9.35640e-20	3.04523e-19
16278.80000	6.21129e-19	3.85669e-19
16280.50000	3.54666e-19	3.59758e-19
16282.10000	4.65632e-20	2.62372e-19
16283.70000	1.01636e-19	2.02018e-19
16285.30000	-2.62991e-20	1.96558e-19
16287.00000	-9.20261e-21	1.93705e-19
16288.60000	1.71087e-19	1.93136e-19
16290.20000	-3.22539e-20	1.93193e-19
16291.90000	-4.42016e-20	1.94041e-19
16293.50000	3.20802e-20	1.88959e-19
16295.10000	8.56332e-20	1.82902e-19
16296.70000	-1.40892e-19	1.82897e-19
16298.40000	7.44977e-21	2.27218e-19
16300.00000	6.39552e-19	3.95767e-19
16301.60000	6.52123e-19	6.25319e-19
16303.30000	-8.63186e-20	6.24562e-19
16304.90000	-3.75629e-20	5.19935e-19
16306.50000	-1.67012e-20	4.95049e-19
16308.10000	8.40214e-19	5.08409e-19
16309.80000	6.25823e-19	3.89163e-19
16311.40000	2.96319e-21	2.83324e-19
16313.00000	-1.79782e-19	3.67388e-19
16314.70000	4.45832e-19	8.69687e-19
16316.30000	3.22127e-18	1.46266e-18
16317.90000	1.76645e-18	1.43471e-18
16319.50000	2.74039e-20	7.41001e-19
16321.20000	-1.05379e-19	3.01496e-19
16322.80000	1.04868e-19	2.11277e-19
16324.40000	2.29607e-19	1.91705e-19
16326.10000	3.29920e-19	1.85465e-19
16327.70000	1.93791e-19	1.83694e-19
16329.30000	-2.58684e-20	1.82488e-19
16331.00000	-3.28915e-20	1.81556e-19
16332.60000	1.51040e-19	1.82109e-19
16334.20000	1.33782e-19	1.84905e-19
16335.80000	6.32295e-20	1.98938e-19
16337.50000	-3.90279e-19	2.77730e-19
16339.10000	7.30750e-20	5.47397e-19
16340.70000	1.82742e-18	9.61359e-19
16342.40000	5.72941e-19	9.92292e-19
16344.00000	-3.53398e-19	6.66831e-19
16345.60000	-6.53955e-19	3.93992e-19
16347.20000	-3.09053e-21	5.20134e-19
16348.90000	-5.11353e-19	1.22996e-18
16350.50000	-1.19756e-18	1.98924e-18
16352.10000	-2.79450e-18	1.97347e-18
16353.80000	-1.71731e-18	1.25246e-18
16355.40000	-9.61393e-20	4.55270e-19
16357.00000	-1.26141e-19	4.57292e-19
16358.60000	3.23035e-19	6.63166e-19
16360.30000	-3.73448e-19	7.81856e-19
16361.90000	2.76047e-19	7.36610e-19
16363.50000	-1.80569e-19	5.49337e-19
16365.20000	-1.09276e-19	4.74015e-19
16366.80000	1.58848e-19	3.80613e-19
16368.40000	-4.43060e-19	3.07386e-19
16370.00000	-6.50725e-19	3.10338e-19
16371.70000	2.40454e-19	2.91153e-19
16373.30000	1.14226e-19	2.72635e-19
16374.90000	8.58343e-20	2.20868e-19
16376.60000	3.22947e-19	1.88526e-19
16378.20000	3.34826e-19	1.84941e-19
16379.80000	1.75311e-19	1.93352e-19
16381.40000	-1.20820e-19	2.01741e-19
16383.10000	1.38637e-19	2.16628e-19
16384.70000	-2.23749e-19	3.55359e-19
16386.30000	1.84026e-18	9.31377e-19
16388.00000	-3.01120e-19	1.50025e-18
16389.60000	-7.42777e-19	1.44563e-18
16391.20000	-3.21400e-19	6.82026e-19
16392.90000	4.25519e-19	2.81545e-19
16394.50000	3.73923e-19	2.74078e-19
16396.10000	4.89937e-19	2.92233e-19
16397.70000	-1.77469e-19	2.85545e-19
16399.40000	3.70279e-20	2.45701e-19
16401.00000	1.36823e-19	2.02083e-19
16402.60000	2.86921e-19	1.88616e-19
16404.30000	4.87681e-19	1.85072e-19
16405.90000	2.48996e-19	2.02625e-19
16407.50000	2.72331e-19	2.64733e-19
16409.10000	1.38924e-19	2.94940e-19
16410.80000	-6.24018e-19	3.35274e-19
16412.40000	-7.53040e-19	6.53417e-19
16414.00000	2.59042e-19	1.04429e-18
16415.70000	-1.21658e-18	1.03998e-18
16417.30000	-1.09510e-18	5.94738e-19
16418.90000	-2.37232e-19	2.53178e-19
16420.50000	2.25441e-19	1.92226e-19
16422.20000	1.20881e-19	1.80962e-19
16423.80000	-3.18141e-20	1.78426e-19
16425.40000	-2.80947e-20	2.02642e-19
16427.10000	1.42808e-19	1.86144e-19
16428.70000	3.44506e-19	1.91419e-19
16430.30000	1.51342e-19	1.94181e-19
16431.90000	2.23357e-19	1.97459e-19
16433.60000	-2.38428e-19	1.95467e-19
16435.20000	-1.65179e-19	2.13573e-19
16436.80000	1.17386e-20	2.98685e-19
16438.50000	-1.27270e-19	6.91416e-19
16440.10000	1.52216e-18	1.67628e-18
16441.70000	5.34212e-18	2.09212e-18
16443.30000	7.36514e-18	1.94902e-18
16445.00000	2.06083e-18	1.17182e-18
16446.60000	-2.15412e-18	1.03440e-18
16448.20000	1.40286e-18	1.00891e-18
16449.90000	-8.29677e-20	7.02341e-19
16451.50000	-3.51904e-19	2.98469e-19
16453.10000	-6.10373e-20	2.77453e-19
16454.80000	1.86684e-19	2.76806e-19
16456.40000	1.78165e-19	2.86933e-19
16458.00000	-1.25648e-19	2.77004e-19
16459.60000	1.18071e-19	2.71440e-19
16461.30000	2.03507e-19	2.35853e-19
16462.90000	9.80341e-20	1.98979e-19
16464.50000	4.27079e-19	1.81536e-19
16466.20000	-3.35351e-20	1.79949e-19
16467.80000	5.53183e-20	1.81324e-19
16469.40000	3.74938e-19	1.86582e-19
16471.00000	-1.01173e-19	2.10408e-19
16472.70000	-3.22626e-19	4.60919e-19
16474.30000	1.98896e-18	1.11907e-18
16475.90000	9.82450e-19	1.46892e-18
16477.60000	-3.02633e-18	1.88796e-18
16479.20000	7.39729e-19	1.74291e-18
16480.80000	1.21162e-19	1.24980e-18
16482.40000	7.91763e-19	4.48607e-19
16484.10000	1.54503e-19	2.58640e-19
16485.70000	-1.43584e-19	2.15277e-19
16487.30000	2.74369e-19	1.92122e-19
16489.00000	-2.39867e-19	1.90700e-19
16490.60000	1.29973e-19	1.84832e-19
16492.20000	-7.73861e-21	1.84559e-19
16493.80000	3.26791e-19	1.89588e-19
16495.50000	6.78293e-19	2.34813e-19
16497.10000	9.31646e-20	2.26970e-19
16498.70000	6.55533e-19	5.50370e-19
16500.40000	1.71287e-18	1.70176e-18
16502.00000	1.67088e-19	2.17976e-18
16503.60000	1.41344e-18	1.98691e-18
16505.20000	-5.97217e-19	8.39081e-19
16506.90000	-1.88415e-19	3.00277e-19
16508.50000	-1.65309e-19	2.21209e-19
16510.10000	1.04836e-19	1.99363e-19
16511.80000	-6.20753e-20	1.91750e-19
16513.40000	1.75882e-19	1.84613e-19
16515.00000	1.98742e-19	1.80371e-19
16516.70000	3.73588e-20	1.80690e-19
16518.30000	-6.82436e-20	1.83915e-19
16519.90000	-5.71681e-20	1.91630e-19
16521.50000	-4.00456e-19	1.80560e-19
16523.20000	3.14932e-19	1.79205e-19
16524.80000	2.56354e-19	1.88758e-19
16526.40000	-1.87737e-19	2.70265e-19
16528.10000	-6.11781e-19	3.23839e-19
16529.70000	-2.51709e-19	3.65056e-19
16531.30000	4.90042e-20	3.31890e-19
16532.90000	2.32898e-19	2.74886e-19
16534.60000	5.56294e-20	2.06079e-19
16536.20000	1.77442e-19	2.10728e-19
16537.80000	-8.39927e-19	2.94527e-19
16539.50000	3.63615e-19	3.07933e-19
16541.10000	4.05050e-19	3.09242e-19
16542.70000	2.14825e-19	2.79713e-19
16544.30000	3.31862e-19	2.63988e-19
16546.00000	5.41481e-19	2.15755e-19
16547.60000	1.52919e-19	1.85845e-19
16549.20000	5.26705e-19	2.09305e-19
16550.90000	3.98591e-19	5.69207e-19
16552.50000	-7.01319e-19	1.27668e-18
16554.10000	-1.69579e-18	1.34129e-18
16555.70000	7.15431e-19	9.36583e-19
16557.40000	7.12036e-20	4.12114e-19
16559.00000	1.97857e-19	3.04365e-19
16560.60000	2.08841e-19	2.71898e-19
16562.30000	2.18990e-19	2.05361e-19
16563.90000	4.43814e-20	1.74668e-19
16565.50000	-8.03244e-20	1.92116e-19
16567.20000	-6.48084e-20	1.79633e-19
16568.80000	4.15990e-19	2.33719e-19
16570.40000	4.06009e-19	1.67058e-19
16572.00000	1.59839e-18	1.66800e-19
16573.70000	2.36137e-18	1.69108e-19
16575.30000	3.06235e-18	1.72663e-19
16576.90000	3.37779e-18	1.72812e-19
16578.60000	3.19770e-18	1.69267e-19
16580.20000	1.98745e-18	1.66847e-19
16581.80000	5.49813e-19	1.81846e-19
16583.40000	4.79061e-19	3.55885e-19
16585.10000	8.16829e-19	6.78257e-19
16586.70000	-2.19483e-19	6.25209e-19
16588.30000	1.00822e-18	4.50397e-19
16590.00000	4.58881e-20	2.43942e-19
16591.60000	3.94393e-19	1.72815e-19
16593.20000	4.44513e-19	1.68441e-19
16594.80000	2.88789e-19	1.70821e-19
16596.50000	3.05904e-19	1.71512e-19
16598.10000	1.75290e-19	1.68874e-19
16599.70000	7.15874e-21	1.66180e-19
16601.40000	1.02970e-19	1.70018e-19
16603.00000	-3.16122e-19	1.74528e-19
16604.60000	-2.57967e-19	1.80971e-19
16606.20000	1.91550e-19	2.14128e-19
16607.90000	-1.05386e-19	4.60936e-19
16609.50000	-6.44426e-19	6.86108e-19
16611.10000	1.48406e-19	7.77763e-19
16612.80000	8.08393e-19	6.24463e-19
16614.40000	2.17582e-19	3.39241e-19
16616.00000	1.62061e-19	1.99346e-19
16617.60000	2.48891e-19	1.68110e-19
16619.30000	1.89256e-19	1.63609e-19
16620.90000	-1.72292e-19	1.64856e-19
16622.50000	1.61015e-19	1.83371e-19
16624.20000	7.79779e-20	1.89352e-19
16625.80000	2.18149e-19	1.63048e-19
16627.40000	2.90701e-20	1.61212e-19
16629.10000	3.21701e-19	1.63402e-19
16630.70000	-3.21402e-20	1.64765e-19
16632.30000	-6.98474e-20	1.64655e-19
16633.90000	-6.34803e-20	1.71700e-19
16635.60000	-1.88332e-19	1.87452e-19
16637.20000	-1.53827e-19	1.97285e-19
16638.80000	1.32450e-19	1.90612e-19
16640.50000	-1.56249e-19	1.73695e-19
16642.10000	-4.16187e-20	1.60516e-19
16643.70000	-7.79422e-20	1.59004e-19
16645.30000	9.00055e-20	1.60418e-19
16647.00000	-9.36394e-21	1.60766e-19
16648.60000	-8.05442e-20	1.65487e-19
16650.20000	-1.41765e-19	1.75172e-19
16651.90000	-8.46011e-20	1.99338e-19
16653.50000	-4.20843e-19	2.32907e-19
16655.10000	-4.97115e-19	2.37934e-19
16656.70000	-8.35331e-20	2.38202e-19
16658.40000	3.08455e-19	2.63277e-19
16660.00000	6.22403e-19	2.99234e-19
16661.60000	3.26917e-19	2.70200e-19
16663.30000	4.04897e-19	2.28999e-19
16664.90000	4.32811e-19	2.23592e-19
16666.50000	1.88898e-19	2.30883e-19
16668.10000	1.24761e-19	2.08118e-19
16669.80000	-3.75638e-20	1.81729e-19
16671.40000	-7.02210e-20	1.68776e-19
16673.00000	2.72995e-20	1.67773e-19
16674.70000	-1.41474e-19	1.69176e-19
16676.30000	-2.60946e-19	1.72096e-19
16677.90000	-8.67683e-20	1.72201e-19
16679.50000	2.95222e-19	1.80513e-19
16681.20000	6.63130e-20	1.90639e-19
16682.80000	-8.21821e-21	2.19614e-19
16684.40000	2.82640e-19	2.96884e-19
16686.10000	-5.54921e-19	4.82803e-19
16687.70000	-1.94816e-18	1.14540e-18
16689.30000	-1.40853e-18	1.80043e-18
16691.00000	-2.64955e-18	3.44382e-18
16692.60000	1.39283e-18	3.74978e-18
16694.20000	2.69540e-18	2.63400e-18
16695.80000	-1.49543e-18	7.36092e-19
16697.50000	1.04679e-20	3.98067e-19
16699.10000	1.96597e-19	3.72274e-19
16700.70000	1.09413e-19	5.58671e-19
16702.40000	-1.25250e-19	6.84426e-19
16704.00000	-6.10999e-19	6.83425e-19
16705.60000	-7.44442e-19	8.23820e-19
16707.20000	4.89425e-20	1.79721e-18
16708.90000	2.24187e-20	2.12152e-18
16710.50000	-1.28148e-18	1.62653e-18
16712.10000	-1.83333e-19	6.01980e-19
16713.80000	-2.42721e-19	3.29339e-19
16715.40000	2.42724e-19	2.90382e-19
16717.00000	4.27445e-19	3.50899e-19
16718.60000	6.49440e-19	3.73289e-19
16720.30000	-6.98943e-20	3.51242e-19
16721.90000	1.21647e-19	3.66293e-19
16723.50000	7.72274e-20	4.49791e-19
16725.20000	-2.38467e-19	4.54914e-19
16726.80000	-4.07868e-20	3.67657e-19
16728.40000	1.91254e-19	3.96392e-19
16730.00000	-1.40482e-19	8.44921e-19
16731.70000	-5.83457e-19	1.20854e-18
16733.30000	-3.70245e-19	1.22066e-18
16734.90000	-6.45234e-19	8.47486e-19
16736.60000	-6.80288e-19	3.50274e-19
16738.20000	-4.39934e-19	2.13862e-19
16739.80000	-3.49562e-20	1.91084e-19
16741.40000	1.39510e-19	1.81642e-19
16743.10000	9.95935e-20	1.71465e-19
16744.70000	-1.05386e-19	1.71601e-19
16746.30000	-1.57505e-20	1.73778e-19
16748.00000	-6.53174e-20	1.82511e-19
16749.60000	2.68202e-19	2.06027e-19
16751.20000	6.41129e-19	2.77540e-19
16752.90000	3.75475e-19	4.49646e-19
16754.50000	2.24499e-19	5.47848e-19
16756.10000	8.52048e-20	5.20964e-19
16757.70000	2.12684e-19	4.11848e-19
16759.40000	8.14799e-19	4.09844e-19
16761.00000	2.12513e-19	5.15469e-19
16762.60000	1.24178e-19	6.34731e-19
16764.30000	-1.36101e-20	6.58037e-19
16765.90000	-4.54937e-19	5.18372e-19
16767.50000	3.58552e-19	3.18315e-19
16769.10000	1.89524e-19	1.99946e-19
16770.80000	2.50771e-19	1.69799e-19
16772.40000	1.71232e-19	1.71192e-19
16774.00000	-7.84335e-20	1.73113e-19
16775.70000	-1.38396e-19	1.70211e-19
16777.30000	2.26635e-19	1.63097e-19
16778.90000	3.51095e-19	1.66478e-19
16780.50000	4.69496e-20	1.68949e-19
16782.20000	9.27211e-20	1.60077e-19
16783.80000	-1.77478e-19	1.61351e-19
16785.40000	-1.38311e-19	1.62829e-19
16787.10000	-1.77798e-19	1.62851e-19
16788.70000	-1.47324e-19	1.63177e-19
16790.30000	-2.12597e-19	1.70877e-19
16791.90000	-2.73233e-19	1.94985e-19
16793.60000	1.58196e-19	2.15231e-19
16795.20000	2.77979e-19	2.11509e-19
16796.80000	-1.56145e-19	2.28980e-19
16798.50000	-3.42687e-20	2.82451e-19
16800.10000	5.06487e-19	3.03181e-19
16801.70000	2.73249e-19	2.90780e-19
16803.30000	2.31485e-20	2.95573e-19
16805.00000	-7.72249e-21	3.08454e-19
16806.60000	2.27821e-19	2.66365e-19
16808.20000	2.36752e-19	1.94181e-19
16809.90000	2.61708e-19	1.67866e-19
16811.50000	5.81688e-20	1.66485e-19
16813.10000	-1.04904e-19	1.67470e-19
16814.80000	7.23036e-20	1.68304e-19
16816.40000	3.62084e-19	1.84261e-19
16818.00000	1.36203e-19	1.77809e-19
16819.60000	5.30121e-20	1.70195e-19
16821.30000	1.38818e-19	1.71925e-19
16822.90000	-3.20920e-21	1.86380e-19
16824.50000	-1.72501e-19	1.85142e-19
16826.20000	-3.62533e-20	1.69608e-19
16827.80000	6.97016e-20	1.69256e-19
16829.40000	2.40205e-19	1.70017e-19
16831.00000	1.56535e-19	1.71287e-19
16832.70000	8.04266e-20	1.76842e-19
16834.30000	-1.70830e-19	1.88193e-19
16835.90000	4.77997e-20	2.44538e-19
16837.60000	3.89466e-19	5.14028e-19
16839.20000	6.71852e-19	1.44840e-18
16840.80000	1.04163e-18	1.61377e-18
16842.40000	-2.28882e-19	1.10824e-18
16844.10000	-2.97580e-19	4.87177e-19
16845.70000	-9.19656e-20	3.17281e-19
16847.30000	3.39332e-19	2.30574e-19
16849.00000	1.94089e-19	1.85887e-19
16850.60000	1.51777e-19	1.94601e-19
16852.20000	2.42183e-19	2.09833e-19
16853.80000	2.05075e-20	2.05294e-19
16855.50000	1.22727e-19	1.81876e-19
16857.10000	1.83137e-19	1.66433e-19
16858.70000	-3.04250e-21	1.62650e-19
16860.40000	-4.10413e-20	1.63267e-19
16862.00000	-9.72227e-20	1.63981e-19
16863.60000	2.97065e-19	1.63787e-19
16865.20000	2.25099e-19	1.62638e-19
16866.90000	3.80659e-20	1.65129e-19
16868.50000	9.58606e-20	1.94813e-19
16870.10000	2.47354e-19	2.25301e-19
16871.80000	-1.96561e-19	2.26683e-19
16873.40000	-2.18223e-19	2.26266e-19
16875.00000	-1.58358e-19	2.48762e-19
16876.70000	-1.47799e-19	2.70927e-19
16878.30000	-8.64657e-20	2.47952e-19
16879.90000	1.50478e-19	2.12898e-19
16881.50000	1.21155e-19	2.16832e-19
16883.20000	4.77071e-20	2.29723e-19
16884.80000	1.27742e-19	2.20466e-19
16886.40000	7.07324e-20	2.43066e-19
16888.10000	-9.46375e-20	3.13995e-19
16889.70000	1.52393e-21	3.69298e-19
16891.30000	1.77709e-19	3.38852e-19
16892.90000	2.84580e-19	2.58172e-19
16894.60000	2.70137e-19	2.47312e-19
16896.20000	-6.26781e-21	2.98221e-19
16897.80000	-9.31584e-20	3.68318e-19
16899.50000	-5.68503e-19	5.53566e-19
16901.10000	-1.21614e-18	1.45284e-18
16902.70000	2.36500e-18	3.45827e-18
16904.30000	4.50022e-18	3.20854e-18
16906.00000	2.50682e-18	1.82164e-18
16907.60000	-4.12533e-19	7.80982e-19
16909.20000	3.08266e-19	5.55971e-19
16910.90000	4.74074e-19	4.48701e-19
16912.50000	2.89544e-19	3.56194e-19
16914.10000	3.95951e-19	2.99494e-19
16915.70000	1.28916e-19	2.51177e-19
16917.40000	3.36029e-20	2.02754e-19
16919.00000	-2.93882e-20	1.82719e-19
16920.60000	-1.00810e-20	1.77947e-19
16922.30000	1.21328e-19	1.73434e-19
16923.90000	-9.86411e-21	1.74871e-19
16925.50000	1.97751e-19	1.80391e-19
16927.20000	5.24571e-20	1.79876e-19
16928.80000	-1.52766e-19	1.71789e-19
16930.40000	-1.90505e-19	1.69827e-19
16932.00000	-3.17715e-20	1.69097e-19
16933.70000	-7.52174e-20	1.81817e-19
16935.30000	-8.99709e-20	1.68816e-19
16936.90000	-1.13051e-19	1.64442e-19
16938.60000	1.53377e-19	1.65937e-19
16940.20000	2.75710e-19	1.66728e-19
16941.80000	1.23751e-19	1.75560e-19
16943.40000	-5.85308e-21	2.05287e-19
16945.10000	5.18716e-20	2.40075e-19
16946.70000	2.50637e-19	2.29477e-19
16948.30000	4.36140e-19	2.09999e-19
16950.00000	-3.14328e-20	2.65810e-19
16951.60000	-4.17395e-19	4.47786e-19
16953.20000	-3.20062e-18	1.41482e-18
16954.80000	-5.49167e-19	1.99889e-18
16956.50000	1.05227e-18	1.77296e-18
16958.10000	8.89356e-19	6.16592e-19
16959.70000	4.46891e-19	3.04176e-19
16961.40000	5.12502e-19	2.21609e-19
16963.00000	3.58868e-19	1.90478e-19
16964.60000	3.98673e-19	1.77566e-19
16966.20000	4.87143e-19	1.73384e-19
16967.90000	3.25020e-19	1.71607e-19
16969.50000	-9.76009e-20	1.70337e-19
16971.10000	-6.74775e-20	1.70854e-19
16972.80000	3.03076e-19	1.69734e-19
16974.40000	1.90573e-19	1.70695e-19
16976.00000	6.47886e-20	1.69702e-19
16977.60000	-2.61535e-19	1.68083e-19
16979.30000	-2.32426e-19	1.65805e-19
16980.90000	2.73436e-19	1.71261e-19
16982.50000	5.96130e-19	1.86291e-19
16984.20000	1.39693e-19	2.07419e-19
16985.80000	3.27648e-19	2.14142e-19
16987.40000	3.05034e-19	2.37322e-19
16989.10000	-4.69708e-20	2.59735e-19
16990.70000	-3.34695e-19	2.59741e-19
16992.30000	-3.64139e-20	2.20715e-19
16993.90000	1.44504e-19	1.98728e-19
16995.60000	3.07222e-19	2.03100e-19
16997.20000	3.06262e-19	2.09931e-19
16998.80000	3.65097e-19	2.08262e-19
17000.50000	3.08757e-19	2.15271e-19
17002.10000	6.62696e-20	2.37816e-19
17003.70000	2.75689e-20	3.23173e-19
17005.30000	-6.50023e-19	7.32789e-19
17007.00000	1.02305e-18	2.85371e-18
17008.60000	-2.78417e-19	3.57541e-18
17010.20000	1.22364e-18	2.93311e-18
17011.90000	-5.12234e-19	1.12549e-18
17013.50000	4.38605e-20	5.80467e-19
17015.10000	3.86746e-19	3.78747e-19
17016.70000	3.05230e-19	2.46560e-19
17018.40000	2.99483e-19	2.01045e-19
17020.00000	2.59662e-20	1.86009e-19
17021.60000	-1.65577e-19	1.78771e-19
17023.30000	5.55008e-20	1.74334e-19
17024.90000	2.30905e-19	1.85332e-19
17026.50000	3.78684e-19	1.84128e-19
17028.10000	1.72014e-19	1.81232e-19
17029.80000	1.20160e-19	1.93482e-19
17031.40000	1.05059e-19	2.06131e-19
17033.00000	3.87732e-19	1.98721e-19
17034.70000	4.76811e-19	1.80420e-19
17036.30000	4.51238e-19	1.80050e-19
17037.90000	-1.49204e-19	1.73720e-19
17039.50000	-2.72638e-20	1.71010e-19
17041.20000	-1.83417e-19	1.61188e-19
17042.80000	1.36529e-20	1.62902e-19
17044.40000	8.81691e-20	1.65173e-19
17046.10000	1.85647e-19	1.72890e-19
17047.70000	1.15884e-19	1.93848e-19
17049.30000	2.65002e-19	2.20441e-19
17051.00000	-7.04326e-20	2.33834e-19
17052.60000	7.42650e-20	2.74866e-19
17054.20000	3.04741e-19	3.83654e-19
17055.80000	-4.35350e-19	5.29364e-19
17057.50000	-2.41025e-19	5.36145e-19
17059.10000	2.43535e-19	3.85388e-19
17060.70000	3.34592e-19	2.10697e-19
17062.40000	1.36499e-19	1.73996e-19
17064.00000	-1.26824e-19	1.69862e-19
17065.60000	1.83797e-19	1.73787e-19
17067.20000	4.51536e-19	2.01410e-19
17068.90000	2.57910e-19	2.77749e-19
17070.50000	8.19836e-21	3.44004e-19
17072.10000	3.95628e-19	3.77388e-19
17073.80000	-2.39688e-20	4.04432e-19
17075.40000	2.03166e-19	6.88384e-19
17077.00000	2.99102e-20	1.68845e-18
17078.60000	2.50383e-18	1.92940e-18
17080.30000	7.76383e-19	1.40657e-18
17081.90000	5.25465e-19	4.48216e-19
17083.50000	1.02318e-19	2.75587e-19
17085.20000	1.81537e-19	2.26580e-19
17086.80000	1.99759e-19	2.06826e-19
17088.40000	4.71222e-19	1.91773e-19
17090.00000	-7.90485e-20	1.77730e-19
17091.70000	9.20007e-20	1.79287e-19
17093.30000	2.00837e-19	2.14789e-19
17094.90000	3.13718e-19	2.12377e-19
17096.60000	8.92740e-20	2.20195e-19
17098.20000	3.26220e-19	2.60363e-19
17099.80000	7.11594e-19	3.38870e-19
17101.40000	6.32985e-19	3.37821e-19
17103.10000	-1.30474e-19	3.47038e-19
17104.70000	-2.95067e-19	3.47071e-19
17106.30000	4.21257e-19	3.67578e-19
17108.00000	2.10709e-19	3.36368e-19
17109.60000	2.26572e-19	3.16166e-19
17111.20000	1.07662e-19	2.94677e-19
17112.90000	-1.19842e-19	2.85278e-19
17114.50000	4.04609e-20	2.82834e-19
17116.10000	1.11194e-19	2.80669e-19
17117.70000	-1.49684e-19	2.93272e-19
17119.40000	-1.44795e-19	4.60673e-19
17121.00000	2.70880e-19	1.30726e-18
17122.60000	-2.81714e-18	2.64913e-18
17124.30000	-3.58495e-18	2.78677e-18
17125.90000	2.70636e-18	1.82223e-18
17127.50000	5.40565e-19	5.97616e-19
17129.10000	-3.85049e-19	3.36420e-19
17130.80000	9.94645e-20	2.42499e-19
17132.40000	4.03472e-20	2.02450e-19
17134.00000	2.49285e-20	1.82220e-19
17135.70000	1.67531e-19	1.73282e-19
17137.30000	-4.14418e-21	1.71054e-19
17138.90000	-1.19122e-19	1.69417e-19
17140.50000	4.15466e-21	1.66811e-19
17142.20000	-5.70343e-20	1.69156e-19
17143.80000	4.79640e-20	1.71826e-19
17145.40000	2.18800e-19	1.86018e-19
17147.10000	-9.37612e-20	1.76229e-19
17148.70000	-1.08345e-19	1.59316e-19
17150.30000	4.13188e-20	1.57700e-19
17151.90000	-2.60146e-20	1.59221e-19
17153.60000	3.80879e-19	1.62055e-19
17155.20000	1.53344e-19	1.63086e-19
17156.80000	1.41403e-19	1.60685e-19
17158.50000	-1.45579e-20	1.60618e-19
17160.10000	-4.24370e-21	1.60216e-19
17161.70000	-3.26805e-21	1.72966e-19
17163.30000	-3.60552e-20	1.98556e-19
17165.00000	1.56263e-20	2.10052e-19
17166.60000	4.04016e-20	2.12319e-19
17168.20000	-2.39774e-19	2.58408e-19
17169.90000	3.83570e-19	3.17367e-19
17171.50000	4.27546e-19	3.73126e-19
17173.10000	3.20651e-19	4.52765e-19
17174.80000	3.46503e-19	5.02691e-19
17176.40000	-1.75440e-21	4.62593e-19
17178.00000	-4.29319e-19	3.74901e-19
17179.60000	-5.99375e-20	3.18053e-19
17181.30000	2.38419e-19	2.77821e-19
17182.90000	4.16102e-19	2.02282e-19
17184.50000	1.02562e-19	1.84792e-19
17186.20000	-1.67875e-19	2.62764e-19
17187.80000	-2.23259e-19	4.30386e-19
17189.40000	-1.41230e-19	4.68153e-19
17191.00000	2.63769e-19	3.53059e-19
17192.70000	-1.35447e-19	2.47428e-19
17194.30000	2.34011e-19	2.67730e-19
17195.90000	-4.63888e-20	3.11082e-19
17197.60000	-1.61537e-19	3.08199e-19
17199.20000	-1.11757e-20	2.07555e-19
17200.80000	2.90321e-19	1.74118e-19
17202.40000	2.85184e-19	1.74233e-19
17204.10000	2.80430e-20	1.85255e-19
17205.70000	7.31944e-21	2.41394e-19
17207.30000	-3.65620e-19	4.87814e-19
17209.00000	-1.87876e-18	1.34059e-18
17210.60000	-3.95039e-19	1.59325e-18
17212.20000	-1.13537e-19	1.45438e-18
17213.80000	-6.26935e-19	9.69650e-19
17215.50000	-1.09509e-19	6.14753e-19
17217.10000	-3.97036e-19	3.95489e-19
17218.70000	-8.61531e-20	2.96727e-19
17220.40000	7.66117e-20	3.23012e-19
17222.00000	9.86891e-20	3.58705e-19
17223.60000	2.22849e-19	3.06377e-19
17225.20000	1.83582e-19	2.02025e-19
17226.90000	8.65480e-20	2.00335e-19
17228.50000	7.91941e-20	2.62730e-19
17230.10000	8.93132e-19	3.26856e-19
17231.80000	6.21940e-19	3.36604e-19
17233.40000	4.31475e-20	2.87662e-19
17235.00000	1.04654e-19	2.17842e-19
17236.70000	1.44491e-20	1.82237e-19
17238.30000	-4.38158e-20	1.96423e-19
17239.90000	3.69748e-19	2.84533e-19
17241.50000	-1.18661e-19	5.51681e-19
17243.20000	-6.36672e-19	7.23714e-19
17244.80000	5.47553e-20	9.55618e-19
17246.40000	-1.75069e-18	1.55358e-18
17248.10000	1.77997e-18	2.12423e-18
17249.70000	2.13298e-18	1.95093e-18
17251.30000	1.41583e-19	1.09369e-18
17252.90000	5.58777e-19	4.55884e-19
17254.60000	2.82744e-19	3.96310e-19
17256.20000	2.30501e-19	4.88373e-19
17257.80000	5.35648e-19	5.39898e-19
17259.50000	3.84172e-19	4.16984e-19
17261.10000	1.79191e-19	2.29647e-19
17262.70000	4.07338e-19	1.79859e-19
17264.30000	-1.81025e-20	1.67849e-19
17266.00000	-1.36211e-19	1.64336e-19
17267.60000	1.42332e-19	1.63141e-19
17269.20000	-6.05598e-20	1.64978e-19
17270.90000	1.33449e-19	1.95813e-19
17272.50000	1.39932e-19	2.91329e-19
17274.10000	-1.46147e-19	4.35947e-19
17275.70000	-4.94151e-19	4.98737e-19
17277.40000	-1.53732e-19	3.61010e-19
17279.00000	-1.55452e-19	3.47743e-19
17280.60000	-6.48579e-19	6.08934e-19
17282.30000	-8.50495e-19	9.64492e-19
17283.90000	-3.13547e-19	9.30402e-19
17285.50000	6.62270e-19	5.37400e-19
17287.20000	8.17413e-19	3.60698e-19
17288.80000	-3.69307e-20	2.99315e-19
17290.40000	-1.62989e-19	2.33072e-19
17292.00000	-1.89168e-20	1.89991e-19
17293.70000	3.13704e-23	1.71846e-19
17295.30000	1.01719e-19	1.68525e-19
17296.90000	9.35441e-20	1.69325e-19
17298.60000	3.48168e-19	1.83670e-19
17300.20000	4.72249e-19	2.78937e-19
17301.80000	1.30164e-18	6.19044e-19
17303.40000	1.51913e-18	7.28324e-19
17305.10000	1.06237e-19	5.67568e-19
17306.70000	-1.02551e-19	2.74435e-19
17308.30000	1.11170e-19	2.01572e-19
17310.00000	2.91864e-19	2.09404e-19
17311.60000	4.21757e-19	2.57357e-19
17313.20000	-1.91945e-19	2.83700e-19
17314.80000	-2.38089e-19	2.77664e-19
17316.50000	-4.39450e-20	2.77293e-19
17318.10000	3.39449e-20	3.07824e-19
17319.70000	2.34881e-20	3.18773e-19
17321.40000	1.61340e-19	3.05049e-19
17323.00000	3.98387e-19	2.64345e-19
17324.60000	4.12416e-19	2.62176e-19
17326.20000	3.93303e-19	3.26158e-19
17327.90000	-9.95656e-19	5.82356e-19
17329.50000	4.82951e-21	1.33315e-18
17331.10000	1.57735e-18	1.48740e-18
17332.80000	5.23970e-19	1.06868e-18
17334.40000	4.47340e-19	4.70395e-19
17336.00000	6.12031e-19	3.48644e-19
17337.60000	1.40645e-19	3.19726e-19
17339.30000	-3.12233e-19	3.05254e-19
17340.90000	-6.72850e-20	3.17468e-19
17342.50000	4.20918e-19	3.10429e-19
17344.20000	3.34022e-19	2.82945e-19
17345.80000	3.06090e-19	2.54635e-19
17347.40000	-1.79898e-19	3.22011e-19
17349.10000	-7.73703e-19	7.79660e-19
17350.70000	-9.37254e-19	1.13180e-18
17352.30000	8.33760e-20	9.71130e-19
17353.90000	4.77539e-19	6.02421e-19
17355.60000	3.15530e-19	5.05455e-19
17357.20000	-2.58249e-19	6.91290e-19
17358.80000	-2.62653e-19	1.05638e-18
17360.50000	-2.39509e-19	9.95326e-19
17362.10000	-8.41311e-19	5.35147e-19
17363.70000	-7.23621e-20	2.72501e-19
17365.30000	1.14401e-19	2.03128e-19
17367.00000	5.79304e-20	1.85687e-19
17368.60000	9.42495e-20	1.98547e-19
17370.20000	1.40317e-19	2.05128e-19
17371.90000	-9.11938e-20	1.86613e-19
17373.50000	1.57160e-19	1.81147e-19
17375.10000	1.39843e-19	1.80195e-19
17376.70000	-2.44825e-19	1.87835e-19
17378.40000	-9.29022e-21	2.32139e-19
17380.00000	8.15562e-20	4.29917e-19
17381.60000	1.90137e-19	1.01974e-18
17383.30000	2.34657e-18	1.50160e-18
17384.90000	-4.80325e-20	2.05879e-18
17386.50000	-3.19246e-18	2.18185e-18
17388.10000	-4.31595e-19	1.59971e-18
17389.80000	1.29618e-18	6.14890e-19
17391.40000	2.41078e-19	3.40762e-19
17393.00000	3.43417e-19	2.42988e-19
17394.70000	3.61942e-19	1.98646e-19
17396.30000	-1.71266e-19	1.83047e-19
17397.90000	-1.49875e-19	1.80704e-19
17399.50000	1.00287e-19	1.81739e-19
17401.20000	-6.17205e-20	1.99509e-19
17402.80000	-5.78362e-20	2.39732e-19
17404.40000	9.59407e-20	2.88077e-19
17406.10000	1.06818e-19	2.89412e-19
17407.70000	1.14343e-19	2.40364e-19
17409.30000	1.33342e-19	1.93083e-19
17411.00000	1.11764e-20	1.75060e-19
17412.60000	-1.60451e-19	2.02376e-19
17414.20000	3.41054e-19	2.81619e-19
17415.80000	5.26508e-19	3.31924e-19
17417.50000	5.46660e-19	2.41299e-19
