#a1689_z1_1.J.1007.fc.1d.esc.txt
#Wavelength in (A) | Flux (erg/sec/cm2/A)| Flux Error
11530.00000	3.14152e-19	9.75734e-19
11531.30000	-2.77798e-21	8.11948e-19
11532.60000	-1.26784e-18	8.59196e-19
11533.90000	6.49016e-19	9.14975e-19
11535.20000	9.48550e-19	1.29893e-18
11536.50000	2.03546e-18	2.83912e-18
11537.80000	-5.86665e-18	5.16645e-18
11539.10000	-7.96110e-18	5.66871e-18
11540.40000	2.21596e-18	4.21213e-18
11541.70000	-1.16746e-19	2.06645e-18
11543.00000	4.95556e-19	1.08028e-18
11544.30000	7.86228e-19	8.71064e-19
11545.60000	1.30501e-18	9.66257e-19
11546.90000	3.68500e-19	9.82334e-19
11548.20000	-3.27060e-19	7.04031e-19
11549.50000	-5.65852e-19	7.22226e-19
11550.90000	-6.17983e-19	7.33222e-19
11552.20000	-2.98991e-19	7.35732e-19
11553.50000	-6.45630e-19	7.31087e-19
11554.80000	-5.84956e-19	7.55223e-19
11556.10000	5.86854e-19	7.61085e-19
11557.40000	7.68794e-19	7.75541e-19
11558.70000	-2.97224e-19	7.29232e-19
11560.00000	4.72595e-19	7.25856e-19
11561.30000	9.36557e-19	8.24700e-19
11562.60000	4.56912e-19	1.35930e-18
11563.90000	6.91477e-19	2.53094e-18
11565.20000	1.20988e-18	2.73710e-18
11566.50000	-1.36235e-18	2.31062e-18
11567.80000	9.32145e-19	1.45423e-18
11569.10000	8.12168e-19	9.66493e-19
11570.40000	6.23591e-19	7.64499e-19
11571.70000	8.07372e-19	6.89906e-19
11573.00000	1.76768e-18	7.72577e-19
11574.30000	3.79116e-19	9.24438e-19
11575.60000	-6.05249e-19	1.00784e-18
11576.90000	-7.71440e-19	1.09507e-18
11578.20000	-2.07881e-19	1.01848e-18
11579.50000	8.43432e-19	9.99052e-19
11580.80000	1.13319e-18	9.32166e-19
11582.10000	3.79085e-19	7.66023e-19
11583.40000	1.21323e-18	7.58378e-19
11584.70000	1.29165e-19	8.32481e-19
11586.00000	3.98941e-19	7.81425e-19
11587.30000	-3.56608e-19	8.33666e-19
11588.60000	2.12137e-18	1.51354e-18
11589.90000	5.56372e-18	3.76070e-18
11591.20000	5.22900e-18	6.43035e-18
11592.60000	5.80008e-18	4.43515e-18
11593.90000	2.20578e-18	2.67063e-18
11595.20000	1.63764e-18	1.13493e-18
11596.50000	7.65971e-19	7.03557e-19
11597.80000	3.53792e-19	6.62796e-19
11599.10000	7.44704e-19	5.99874e-19
11600.40000	-1.29812e-19	6.83193e-19
11601.70000	-1.09774e-18	6.97594e-19
11603.00000	4.43624e-19	6.23826e-19
11604.30000	4.25740e-19	6.29671e-19
11605.60000	-4.14450e-19	6.06731e-19
11606.90000	-7.20106e-19	6.18680e-19
11608.20000	-5.75111e-19	7.02214e-19
11609.50000	-3.59075e-19	7.99046e-19
11610.80000	-4.58015e-19	7.67062e-19
11612.10000	2.66787e-19	6.54237e-19
11613.40000	2.33437e-19	5.77694e-19
11614.70000	6.71032e-19	6.28324e-19
11616.00000	3.54389e-19	5.85711e-19
11617.30000	5.91079e-19	7.14400e-19
11618.60000	8.49110e-19	9.40036e-19
11619.90000	-8.61256e-20	7.00164e-19
11621.20000	-8.17090e-19	6.72068e-19
11622.50000	-3.05936e-19	7.21977e-19
11623.80000	-1.01069e-18	7.67468e-19
11625.10000	-3.74584e-19	1.11639e-18
11626.40000	1.29457e-18	2.22591e-18
11627.70000	1.91388e-18	2.56990e-18
11629.00000	-1.56554e-18	2.12563e-18
11630.30000	-2.08212e-18	1.17720e-18
11631.60000	-1.22389e-19	6.81546e-19
11633.00000	1.10482e-18	5.81846e-19
11634.30000	3.26539e-19	6.23029e-19
11635.60000	4.60774e-19	6.49164e-19
11636.90000	-5.34072e-19	6.58640e-19
11638.20000	4.48063e-19	6.92304e-19
11639.50000	9.97899e-20	7.00573e-19
11640.80000	7.51650e-19	7.51386e-19
11642.10000	3.33748e-19	7.35578e-19
11643.40000	-6.30214e-19	6.27462e-19
11644.70000	-3.07973e-19	5.63897e-19
11646.00000	6.93797e-19	5.80842e-19
11647.30000	3.94409e-19	9.08907e-19
11648.60000	-9.77341e-19	2.22454e-18
11649.90000	-1.50703e-18	3.64314e-18
11651.20000	-1.82003e-19	3.82866e-18
11652.50000	5.09393e-19	2.70665e-18
11653.80000	-8.76883e-19	1.40754e-18
11655.10000	9.42336e-20	7.90779e-19
11656.40000	-4.07711e-20	6.32827e-19
11657.70000	-5.50931e-19	5.80694e-19
11659.00000	-4.59259e-19	5.17619e-19
11660.30000	-2.27910e-19	4.90660e-19
11661.60000	1.08537e-20	4.96879e-19
11662.90000	-1.28362e-18	4.93508e-19
11664.20000	-8.30536e-21	4.90936e-19
11665.50000	8.56300e-19	5.00935e-19
11666.80000	9.11248e-19	5.07179e-19
11668.10000	3.36702e-19	5.06357e-19
11669.40000	5.81102e-19	5.49088e-19
11670.70000	8.79235e-19	6.12599e-19
11672.00000	3.12711e-19	6.80429e-19
11673.30000	5.18549e-19	6.82938e-19
11674.70000	1.11055e-18	6.15176e-19
11676.00000	2.13605e-18	5.61605e-19
11677.30000	2.33927e-19	6.17890e-19
11678.60000	6.18805e-19	7.00416e-19
11679.90000	6.85719e-19	7.70472e-19
11681.20000	1.26542e-18	8.13356e-19
11682.50000	-1.02828e-19	8.46561e-19
11683.80000	5.38667e-20	7.73219e-19
11685.10000	-3.91268e-19	6.08875e-19
11686.40000	6.81219e-19	5.03014e-19
11687.70000	7.71610e-19	4.81158e-19
11689.00000	-3.80408e-21	5.55010e-19
11690.30000	2.66479e-20	4.88046e-19
11691.60000	-5.90958e-19	5.19724e-19
11692.90000	4.15203e-19	6.57466e-19
11694.20000	2.03783e-18	1.23976e-18
11695.50000	9.29325e-19	1.87512e-18
11696.80000	-1.12835e-18	1.89472e-18
11698.10000	1.45838e-18	1.35373e-18
11699.40000	-5.18852e-19	7.66458e-19
11700.70000	-8.82881e-19	5.57929e-19
11702.00000	4.42248e-19	5.15053e-19
11703.30000	1.72902e-19	5.24251e-19
11704.60000	-4.13262e-19	5.23923e-19
11705.90000	-1.44765e-18	5.21276e-19
11707.20000	-1.60631e-18	6.02895e-19
11708.50000	-5.70828e-20	4.82575e-19
11709.80000	4.64551e-19	4.85053e-19
11711.10000	2.77720e-19	5.55230e-19
11712.40000	-6.87280e-19	7.61441e-19
11713.70000	2.68114e-19	1.65544e-18
11715.00000	-1.21445e-18	2.76846e-18
11716.40000	-1.74809e-18	2.72783e-18
11717.70000	-1.28637e-18	2.08792e-18
11719.00000	-7.73899e-19	1.03186e-18
11720.30000	6.46518e-20	5.58811e-19
11721.60000	1.29759e-19	4.75000e-19
11722.90000	-1.64151e-20	4.79375e-19
11724.20000	-2.47738e-19	4.78215e-19
11725.50000	5.23888e-19	4.99586e-19
11726.80000	3.00366e-19	5.20402e-19
11728.10000	9.05922e-20	5.22485e-19
11729.40000	3.27671e-19	5.16003e-19
11730.70000	1.36427e-18	5.13442e-19
11732.00000	4.96994e-19	5.33028e-19
11733.30000	-2.92271e-19	5.41215e-19
11734.60000	-4.73060e-19	5.47647e-19
11735.90000	-4.57743e-19	5.44960e-19
11737.20000	5.02020e-19	5.21729e-19
11738.50000	3.36184e-19	4.96555e-19
11739.80000	6.54248e-19	4.92849e-19
11741.10000	-5.56219e-19	4.85727e-19
11742.40000	-1.57374e-18	5.31665e-19
11743.70000	-6.61952e-19	6.70736e-19
11745.00000	5.47013e-19	5.42505e-19
11746.30000	3.25773e-19	4.55832e-19
11747.60000	1.73405e-18	4.51217e-19
11748.90000	1.15695e-18	4.50957e-19
11750.20000	8.28812e-19	4.66645e-19
11751.50000	2.76221e-19	4.78074e-19
11752.80000	2.32078e-19	4.92014e-19
11754.10000	7.80603e-20	5.06305e-19
11755.40000	-2.88818e-20	5.34624e-19
11756.80000	-5.05943e-19	5.83138e-19
11758.10000	8.52871e-19	5.91537e-19
11759.40000	-4.26946e-19	5.41962e-19
11760.70000	-5.75665e-19	4.56913e-19
11762.00000	-4.19626e-19	4.26063e-19
11763.30000	2.08596e-19	4.32829e-19
11764.60000	-2.43042e-19	4.33811e-19
11765.90000	-4.00416e-19	4.60708e-19
11767.20000	1.96511e-19	5.37488e-19
11768.50000	-7.11220e-19	8.84993e-19
11769.80000	3.62113e-19	1.34497e-18
11771.10000	7.47939e-19	1.43216e-18
11772.40000	-9.00969e-19	1.14953e-18
11773.70000	-5.35206e-19	7.59894e-19
11775.00000	-5.13415e-19	5.56741e-19
11776.30000	-2.07175e-19	5.03803e-19
11777.60000	5.26675e-19	5.69829e-19
11778.90000	-7.49522e-19	5.04425e-19
11780.20000	-7.67141e-19	5.37981e-19
11781.50000	-1.12031e-18	6.31590e-19
11782.80000	-7.17400e-19	6.97310e-19
11784.10000	-1.55148e-18	7.49967e-19
11785.40000	8.56210e-19	1.03018e-18
11786.70000	1.05084e-18	1.60040e-18
11788.00000	6.55857e-19	1.82079e-18
11789.30000	1.37457e-18	1.59529e-18
11790.60000	-2.05581e-20	1.05861e-18
11791.90000	9.05944e-19	7.12965e-19
11793.20000	3.14193e-19	6.00162e-19
11794.50000	-1.27103e-18	5.32058e-19
11795.80000	-6.08444e-19	5.34703e-19
11797.10000	2.56311e-19	5.31400e-19
11798.50000	6.41135e-19	4.83316e-19
11799.80000	2.68049e-19	4.54596e-19
11801.10000	-2.98130e-19	5.16004e-19
11802.40000	-4.39436e-20	4.51684e-19
11803.70000	-5.76834e-19	4.77961e-19
11805.00000	-1.36834e-19	5.14200e-19
11806.30000	-5.30639e-19	5.21353e-19
11807.60000	-4.57471e-19	5.18631e-19
11808.90000	-4.38857e-19	5.08761e-19
11810.20000	7.15230e-19	5.25964e-19
11811.50000	5.52769e-19	5.10781e-19
11812.80000	6.51427e-19	4.77400e-19
11814.10000	1.25042e-19	4.52283e-19
11815.40000	-2.68203e-20	4.61854e-19
11816.70000	7.22905e-19	5.39054e-19
11818.00000	-1.89678e-19	4.83957e-19
11819.30000	-2.48360e-20	5.18531e-19
11820.60000	5.26525e-19	5.29563e-19
11821.90000	8.53338e-19	5.23952e-19
11823.20000	1.50940e-18	5.14424e-19
11824.50000	1.44135e-18	5.15180e-19
11825.80000	3.01474e-18	5.22370e-19
11827.10000	4.76995e-18	5.09046e-19
11828.40000	2.51243e-18	4.75471e-19
11829.70000	1.10976e-18	4.39552e-19
11831.00000	3.49768e-19	4.20454e-19
11832.30000	-6.20086e-19	4.22888e-19
11833.60000	4.51401e-19	4.38046e-19
11834.90000	-1.04269e-19	4.41484e-19
11836.20000	1.58143e-19	4.61603e-19
11837.50000	7.42865e-19	4.98723e-19
11838.90000	-2.48449e-19	5.11471e-19
11840.20000	-4.43449e-20	5.02615e-19
11841.50000	4.51596e-19	5.42054e-19
11842.80000	3.35572e-19	5.28402e-19
11844.10000	5.56763e-19	5.07131e-19
11845.40000	4.56707e-19	5.25616e-19
11846.70000	1.15949e-19	4.76910e-19
11848.00000	-2.39760e-19	5.20596e-19
11849.30000	3.50608e-20	7.21887e-19
11850.60000	1.37926e-18	9.60939e-19
11851.90000	5.37158e-19	9.61162e-19
11853.20000	8.97805e-19	7.61071e-19
11854.50000	6.63936e-19	5.39880e-19
11855.80000	-7.55661e-19	4.59357e-19
11857.10000	-1.30629e-19	4.52426e-19
11858.40000	1.01684e-18	4.47243e-19
11859.70000	6.93503e-19	4.36854e-19
11861.00000	-3.55592e-19	4.32598e-19
11862.30000	-1.91628e-19	4.59524e-19
11863.60000	5.35925e-20	6.88957e-19
11864.90000	-5.90341e-19	1.17776e-18
11866.20000	-3.46132e-20	1.25445e-18
11867.50000	9.15498e-19	1.19246e-18
11868.80000	-5.55099e-19	8.63534e-19
11870.10000	-1.07282e-19	6.33054e-19
11871.40000	1.33433e-18	5.88186e-19
11872.70000	2.38424e-20	6.41262e-19
11874.00000	4.25244e-19	4.73710e-19
11875.30000	-1.16016e-19	4.62118e-19
11876.60000	1.78087e-19	4.69591e-19
11877.90000	1.07845e-18	4.74196e-19
11879.20000	1.95458e-19	4.82236e-19
11880.60000	4.67925e-20	4.62100e-19
11881.90000	1.50997e-19	4.91542e-19
11883.20000	3.99961e-19	5.26265e-19
11884.50000	7.78103e-19	4.96540e-19
11885.80000	-2.16139e-20	4.86874e-19
11887.10000	1.85968e-19	5.36021e-19
11888.40000	-6.08803e-20	5.33196e-19
11889.70000	6.00475e-19	4.93813e-19
11891.00000	3.41749e-19	4.79970e-19
11892.30000	1.67673e-19	4.94076e-19
11893.60000	2.66705e-19	5.01675e-19
11894.90000	-5.29754e-19	4.84185e-19
11896.20000	5.21112e-19	4.65396e-19
11897.50000	-3.82171e-19	4.62543e-19
11898.80000	4.59833e-19	5.16673e-19
11900.10000	3.82094e-19	5.79071e-19
11901.40000	-1.33959e-19	6.16131e-19
11902.70000	1.54352e-19	5.69654e-19
11904.00000	-4.26193e-19	5.46997e-19
11905.30000	-3.53330e-19	5.80526e-19
11906.60000	3.26066e-19	6.02581e-19
11907.90000	9.19153e-19	6.11417e-19
11909.20000	2.91460e-19	5.84987e-19
11910.50000	8.57409e-19	5.94200e-19
11911.80000	2.47624e-19	5.91435e-19
11913.10000	7.05529e-19	5.77405e-19
11914.40000	3.18380e-19	5.92511e-19
11915.70000	-1.17791e-19	5.79760e-19
11917.00000	-8.09123e-19	5.35290e-19
11918.30000	-5.56615e-19	4.80132e-19
11919.60000	-3.38280e-19	4.71678e-19
11921.00000	1.09403e-19	4.63991e-19
11922.30000	3.91125e-19	4.29434e-19
11923.60000	1.00348e-19	4.15857e-19
11924.90000	2.30618e-19	4.24876e-19
11926.20000	1.22817e-19	4.16305e-19
11927.50000	1.09661e-18	4.21149e-19
11928.80000	-8.28854e-20	3.99189e-19
11930.10000	-2.78763e-19	3.94944e-19
11931.40000	-4.47247e-19	4.10626e-19
11932.70000	-5.69700e-19	4.92754e-19
11934.00000	-3.20332e-19	5.16052e-19
11935.30000	-7.71288e-19	5.54242e-19
11936.60000	2.41685e-19	6.68062e-19
11937.90000	3.97332e-19	7.66230e-19
11939.20000	3.99148e-20	7.10003e-19
11940.50000	-1.86938e-19	5.41746e-19
11941.80000	-3.53995e-19	4.31540e-19
11943.10000	3.01218e-19	4.16223e-19
11944.40000	1.82777e-19	4.18860e-19
11945.70000	-5.65997e-19	4.08517e-19
11947.00000	-5.21789e-19	4.19118e-19
11948.30000	-2.74231e-19	4.90647e-19
11949.60000	4.73236e-19	6.82402e-19
11950.90000	1.25105e-18	8.60529e-19
11952.20000	5.28068e-19	8.70441e-19
11953.50000	3.41699e-19	6.93700e-19
11954.80000	3.67604e-19	4.96241e-19
11956.10000	5.26692e-19	4.18926e-19
11957.40000	3.97261e-19	4.03918e-19
11958.70000	-3.40792e-19	4.04375e-19
11960.00000	-7.36957e-19	4.15524e-19
11961.30000	5.25830e-19	4.14660e-19
11962.70000	-3.23495e-19	4.11380e-19
11964.00000	1.39426e-19	4.34253e-19
11965.30000	-2.82899e-19	5.47917e-19
11966.60000	5.52274e-19	9.39203e-19
11967.90000	-4.24578e-21	1.31364e-18
11969.20000	-1.20027e-18	1.34795e-18
11970.50000	-1.72838e-18	1.18772e-18
11971.80000	2.99278e-19	1.17462e-18
11973.10000	8.42568e-19	1.38449e-18
11974.40000	6.74902e-19	1.63659e-18
11975.70000	-4.25473e-20	1.55525e-18
11977.00000	-7.01324e-19	1.18694e-18
11978.30000	-3.32867e-20	7.12184e-19
11979.60000	5.94605e-19	5.54869e-19
11980.90000	-4.35909e-19	6.86272e-19
11982.20000	-8.60659e-19	1.08515e-18
11983.50000	-2.05912e-19	1.30557e-18
11984.80000	-3.76267e-19	1.29471e-18
11986.10000	-3.65781e-19	1.41225e-18
11987.40000	-1.48316e-18	1.97021e-18
11988.70000	-9.32903e-19	2.19226e-18
11990.00000	1.19224e-18	1.67873e-18
11991.30000	-1.54657e-19	7.82881e-19
11992.60000	8.31850e-19	4.86045e-19
11993.90000	6.13282e-20	4.23182e-19
11995.20000	-2.31880e-19	4.34655e-19
11996.50000	-1.78017e-19	5.08466e-19
11997.80000	-4.04171e-19	8.31748e-19
11999.10000	-4.83701e-19	1.53496e-18
12000.40000	-7.56855e-19	1.54796e-18
12001.70000	-8.72914e-19	1.32333e-18
12003.10000	4.58331e-19	1.04772e-18
12004.40000	-2.67047e-20	1.22323e-18
12005.70000	-6.73131e-19	2.27129e-18
12007.00000	-1.79841e-19	2.71904e-18
12008.30000	8.94348e-19	2.19708e-18
12009.60000	-1.85236e-19	9.64411e-19
12010.90000	-3.06019e-19	5.92858e-19
12012.20000	-3.21273e-19	5.06739e-19
12013.50000	2.34344e-19	4.98418e-19
12014.80000	-7.02310e-19	5.04030e-19
12016.10000	-5.56015e-19	4.59686e-19
12017.40000	-3.46208e-19	4.19267e-19
12018.70000	1.72571e-19	4.14032e-19
12020.00000	7.11044e-21	4.47714e-19
12021.30000	8.95300e-19	6.36272e-19
12022.60000	1.00919e-18	1.34354e-18
12023.90000	5.81565e-19	1.79546e-18
12025.20000	-1.13841e-18	1.74880e-18
12026.50000	-1.28282e-18	1.32410e-18
12027.80000	-1.91298e-18	1.27891e-18
12029.10000	-4.84585e-19	2.12817e-18
12030.40000	2.60193e-18	2.92509e-18
12031.70000	-5.58258e-19	2.68151e-18
12033.00000	1.08926e-18	1.47804e-18
12034.30000	-1.35273e-18	7.79258e-19
12035.60000	-1.61011e-19	5.64330e-19
12036.90000	5.89260e-20	4.88172e-19
12038.20000	-3.24837e-19	4.53175e-19
12039.50000	-1.14612e-19	4.62269e-19
12040.80000	4.58552e-19	5.28309e-19
12042.10000	4.88762e-20	6.71254e-19
12043.40000	-3.67288e-19	7.41047e-19
12044.80000	-5.93460e-21	6.81389e-19
12046.10000	6.62440e-20	5.86631e-19
12047.40000	4.30392e-19	4.90704e-19
12048.70000	-4.73154e-19	4.31541e-19
12050.00000	5.48942e-20	4.94341e-19
12051.30000	-9.31243e-20	4.73720e-19
12052.60000	7.92374e-19	5.95393e-19
12053.90000	6.78199e-19	1.11750e-18
12055.20000	-3.18018e-19	1.70359e-18
12056.50000	4.44958e-22	1.88945e-18
12057.80000	-9.07039e-20	1.52441e-18
12059.10000	3.03927e-19	8.98801e-19
12060.40000	1.14376e-18	6.37319e-19
12061.70000	1.97336e-18	5.38776e-19
12063.00000	3.49676e-18	5.22707e-19
12064.30000	5.97136e-18	5.50949e-19
12065.60000	4.27806e-18	5.69501e-19
12066.90000	1.73562e-18	5.69998e-19
12068.20000	-1.81520e-19	6.13353e-19
12069.50000	-6.94867e-19	6.94338e-19
12070.80000	5.31619e-19	5.92871e-19
12072.10000	3.99377e-19	4.60686e-19
12073.40000	5.33574e-19	4.11198e-19
12074.70000	-2.44017e-19	3.90704e-19
12076.00000	1.93657e-19	3.82815e-19
12077.30000	-3.23682e-20	4.11559e-19
12078.60000	-7.05137e-20	4.25984e-19
12079.90000	1.49497e-19	4.08576e-19
12081.20000	4.93398e-20	4.19943e-19
12082.50000	5.93919e-20	4.48116e-19
12083.80000	4.72567e-19	4.65536e-19
12085.20000	9.14353e-19	4.34513e-19
12086.50000	4.10689e-19	3.96074e-19
12087.80000	4.14109e-20	3.79938e-19
12089.10000	-1.05525e-19	3.85351e-19
12090.40000	2.60681e-19	3.81530e-19
12091.70000	-1.72421e-19	3.79693e-19
12093.00000	6.08188e-19	4.00401e-19
12094.30000	7.98986e-19	4.76958e-19
12095.60000	8.33951e-20	5.93552e-19
12096.90000	-7.17619e-19	6.51511e-19
12098.20000	-4.13852e-19	6.03886e-19
12099.50000	1.30735e-19	5.04223e-19
12100.80000	3.58993e-19	4.30935e-19
12102.10000	5.86813e-19	4.01905e-19
12103.40000	-6.32285e-20	3.92112e-19
12104.70000	6.67453e-19	3.83565e-19
12106.00000	4.69154e-19	3.82534e-19
12107.30000	-1.60789e-19	3.81717e-19
12108.60000	-2.25278e-20	4.17816e-19
12109.90000	-2.94383e-20	4.41158e-19
12111.20000	7.16655e-20	3.92642e-19
12112.50000	5.36497e-19	3.88259e-19
12113.80000	8.03752e-19	3.91188e-19
12115.10000	3.88157e-19	4.05476e-19
12116.40000	-7.43581e-20	4.48146e-19
12117.70000	6.77998e-19	6.64084e-19
12119.00000	4.73283e-19	1.31752e-18
12120.30000	-1.88863e-19	2.40492e-18
12121.60000	-2.71697e-18	4.01127e-18
12122.90000	6.88615e-18	4.17156e-18
12124.20000	5.81847e-18	2.82304e-18
12125.50000	-4.21570e-19	9.71641e-19
12126.90000	3.07154e-19	5.39733e-19
12128.20000	7.50302e-19	5.46494e-19
12129.50000	1.44264e-19	7.69263e-19
12130.80000	-3.15335e-19	9.86872e-19
12132.10000	-1.59241e-19	1.04320e-18
12133.40000	2.78597e-19	1.32393e-18
12134.70000	-8.65094e-19	2.17669e-18
12136.00000	-4.39131e-19	2.53249e-18
12137.30000	6.63751e-19	1.98272e-18
12138.60000	5.17282e-19	8.51137e-19
12139.90000	4.23133e-19	6.55528e-19
12141.20000	-6.48758e-19	7.32454e-19
12142.50000	-5.03277e-19	8.31020e-19
12143.80000	3.14620e-19	7.63628e-19
12145.10000	1.68474e-19	6.22931e-19
12146.40000	-3.00621e-20	5.60398e-19
12147.70000	-1.05358e-18	6.10185e-19
12149.00000	-1.29438e-19	6.30486e-19
12150.30000	2.05286e-19	5.38603e-19
12151.60000	2.01768e-19	5.77197e-19
12152.90000	9.17063e-19	9.50265e-19
12154.20000	-2.82649e-19	1.45731e-18
12155.50000	-1.67710e-18	1.72695e-18
12156.80000	6.22802e-19	1.08022e-18
12158.10000	-1.83063e-19	6.36273e-19
12159.40000	-1.28171e-19	5.24425e-19
12160.70000	5.27341e-19	5.11992e-19
12162.00000	7.04187e-19	5.36895e-19
12163.30000	2.72311e-19	5.24040e-19
12164.60000	-6.77252e-19	5.11029e-19
12165.90000	-5.10731e-19	5.10608e-19
12167.20000	-4.36405e-19	5.07171e-19
12168.60000	4.45277e-20	4.60613e-19
12169.90000	2.02147e-19	3.99217e-19
12171.20000	3.07545e-19	4.13712e-19
12172.50000	1.61551e-19	4.59097e-19
12173.80000	5.68178e-20	4.85121e-19
12175.10000	5.23494e-19	4.26556e-19
12176.40000	1.26538e-18	4.41257e-19
12177.70000	3.81677e-18	6.26903e-19
12179.00000	1.02362e-17	8.57450e-19
12180.30000	1.57944e-17	9.27057e-19
12181.60000	1.60951e-17	7.69941e-19
12182.90000	9.17710e-18	5.21730e-19
12184.20000	2.77747e-18	3.96793e-19
12185.50000	6.01139e-19	3.67750e-19
12186.80000	4.64702e-19	3.63544e-19
12188.10000	1.95653e-19	3.73632e-19
12189.40000	-1.13891e-19	3.73195e-19
12190.70000	4.44314e-19	3.88655e-19
12192.00000	2.95628e-19	4.27841e-19
12193.30000	-3.20663e-19	6.39415e-19
12194.60000	1.18216e-18	1.35734e-18
12195.90000	4.58411e-19	2.00458e-18
12197.20000	-6.21058e-19	1.92139e-18
12198.50000	2.68348e-19	1.01804e-18
12199.80000	9.43231e-19	4.64791e-19
12201.10000	6.23064e-19	3.80393e-19
12202.40000	2.07970e-19	4.75052e-19
12203.70000	-6.64652e-19	4.53894e-19
12205.00000	-6.73092e-20	3.95058e-19
12206.30000	3.29727e-19	3.76470e-19
12207.60000	5.96390e-19	4.18481e-19
12209.00000	1.62570e-19	4.99578e-19
12210.30000	2.07362e-19	5.40614e-19
12211.60000	-7.07227e-20	5.77552e-19
12212.90000	4.45891e-19	5.35750e-19
12214.20000	-3.80971e-20	4.73335e-19
12215.50000	-3.76095e-19	4.21180e-19
12216.80000	-6.25549e-19	3.85256e-19
12218.10000	3.23842e-19	4.94695e-19
12219.40000	-1.25010e-20	4.61484e-19
12220.70000	3.22594e-19	4.33672e-19
12222.00000	1.07729e-19	4.29190e-19
12223.30000	7.18481e-19	4.41229e-19
12224.60000	2.41066e-20	4.77999e-19
12225.90000	1.63557e-19	7.03077e-19
12227.20000	1.31509e-18	1.73133e-18
12228.50000	3.77583e-19	3.24946e-18
12229.80000	-1.12712e-18	3.40238e-18
12231.10000	2.53715e-18	2.17980e-18
12232.40000	8.09513e-19	1.10202e-18
12233.70000	-4.31768e-19	5.32264e-19
12235.00000	2.27912e-19	4.16529e-19
12236.30000	2.06623e-19	4.47401e-19
12237.60000	-1.40904e-19	5.53018e-19
12238.90000	6.68519e-20	6.40038e-19
12240.20000	1.90717e-19	6.34143e-19
12241.50000	-2.95731e-20	5.70094e-19
12242.80000	3.09704e-19	4.29791e-19
12244.10000	2.25107e-19	3.78824e-19
12245.40000	9.46299e-19	4.18862e-19
12246.70000	3.36269e-19	5.35932e-19
12248.00000	-4.17617e-19	6.33014e-19
12249.30000	3.40756e-19	6.96790e-19
12250.70000	4.80123e-19	6.42954e-19
12252.00000	-3.64849e-19	5.73192e-19
12253.30000	1.28021e-19	5.07100e-19
12254.60000	-2.56372e-19	6.77881e-19
12255.90000	-1.93425e-20	1.48175e-18
12257.20000	6.18678e-19	2.20061e-18
12258.50000	1.76994e-18	2.15680e-18
12259.80000	6.32785e-19	1.24428e-18
12261.10000	4.17499e-19	4.81850e-19
12262.40000	-1.41470e-19	3.71260e-19
12263.70000	4.17556e-19	3.54663e-19
12265.00000	5.41008e-19	3.50165e-19
12266.30000	1.92648e-19	3.48226e-19
12267.60000	1.02893e-18	3.50962e-19
12268.90000	5.08374e-19	3.55730e-19
12270.20000	-4.89275e-19	3.50613e-19
12271.50000	-2.14446e-19	3.55218e-19
12272.80000	-2.03431e-19	3.56646e-19
12274.10000	4.23470e-19	3.63394e-19
12275.40000	-3.41487e-20	3.55156e-19
12276.70000	1.99253e-19	3.53977e-19
12278.00000	-3.01625e-19	4.26100e-19
12279.30000	3.51723e-19	4.23986e-19
12280.60000	1.72661e-19	3.73378e-19
12281.90000	6.06562e-19	3.97846e-19
12283.20000	1.79945e-19	5.26903e-19
12284.50000	-1.08901e-19	1.43779e-18
12285.80000	-1.28132e-18	3.35348e-18
12287.10000	6.32150e-19	3.65826e-18
12288.40000	3.20803e-18	3.26867e-18
12289.70000	1.27679e-18	1.10990e-18
12291.10000	1.11550e-18	5.89315e-19
12292.40000	-1.18612e-19	4.92748e-19
12293.70000	4.44632e-19	4.50324e-19
12295.00000	5.20371e-19	4.26227e-19
12296.30000	9.51039e-19	4.74326e-19
12297.60000	-3.03473e-20	5.42977e-19
12298.90000	2.54573e-19	5.32838e-19
12300.20000	2.00235e-19	5.00160e-19
12301.50000	1.92206e-19	4.90239e-19
12302.80000	8.00924e-19	5.34699e-19
12304.10000	1.27315e-18	5.16826e-19
12305.40000	2.25383e-19	4.69146e-19
12306.70000	1.64402e-19	4.51146e-19
12308.00000	-8.08202e-19	4.51457e-19
12309.30000	5.06200e-19	4.17933e-19
12310.60000	-1.09610e-18	3.73128e-19
12311.90000	-1.05114e-19	3.99886e-19
12313.20000	-7.40391e-20	5.25468e-19
12314.50000	-7.43753e-19	5.48090e-19
12315.80000	4.19293e-19	5.08430e-19
12317.10000	3.49390e-19	3.97168e-19
12318.40000	2.12240e-19	3.48585e-19
12319.70000	4.48739e-19	3.36256e-19
12321.00000	7.41771e-19	3.46108e-19
12322.30000	5.02760e-19	4.31334e-19
12323.60000	2.39287e-19	1.01049e-18
12324.90000	6.92038e-19	1.92638e-18
12326.20000	8.73835e-20	2.28758e-18
12327.50000	-2.47209e-18	1.49195e-18
12328.80000	-5.69236e-19	6.18253e-19
12330.10000	-4.84688e-19	3.79065e-19
12331.40000	-5.73013e-19	3.53606e-19
12332.80000	-3.99470e-19	3.29334e-19
12334.10000	-9.69025e-20	3.40545e-19
12335.40000	-9.54867e-20	3.34105e-19
12336.70000	3.35263e-19	3.33359e-19
12338.00000	1.95824e-20	3.41960e-19
12339.30000	-2.80320e-20	4.26359e-19
12340.60000	4.33129e-19	3.40786e-19
12341.90000	2.20430e-19	3.48226e-19
12343.20000	-3.32015e-20	3.69810e-19
12344.50000	4.40450e-19	3.93360e-19
12345.80000	-1.96897e-19	4.14738e-19
12347.10000	-1.04961e-18	5.01211e-19
12348.40000	4.89273e-19	7.06308e-19
12349.70000	2.25548e-18	2.00688e-18
12351.00000	-1.51685e-19	3.03680e-18
12352.30000	-6.36276e-18	2.96006e-18
12353.60000	1.48997e-19	1.78395e-18
12354.90000	5.22554e-19	8.62728e-19
12356.20000	3.26161e-19	5.30617e-19
12357.50000	2.67835e-19	4.18431e-19
12358.80000	8.56971e-19	3.72838e-19
12360.10000	2.91654e-19	4.46427e-19
12361.40000	-5.15885e-19	5.53486e-19
12362.70000	-2.68552e-19	6.09671e-19
12364.00000	-8.79274e-19	6.02088e-19
12365.30000	-7.38339e-19	5.25690e-19
12366.60000	-4.06198e-19	4.38944e-19
12367.90000	1.82837e-19	3.57810e-19
12369.20000	6.33874e-19	3.87133e-19
12370.50000	2.61388e-19	3.51106e-19
12371.80000	-8.67919e-20	3.49282e-19
12373.20000	-1.24734e-19	3.41868e-19
12374.50000	7.28263e-19	3.63512e-19
12375.80000	-1.08655e-19	3.97279e-19
12377.10000	-4.50564e-19	4.17933e-19
12378.40000	-4.60262e-19	4.07530e-19
12379.70000	-3.73762e-19	3.77938e-19
12381.00000	-2.27955e-19	3.55456e-19
12382.30000	5.34021e-20	3.41397e-19
12383.60000	4.83051e-20	3.38892e-19
12384.90000	-7.99699e-19	3.34004e-19
12386.20000	-2.58563e-19	3.50128e-19
12387.50000	-4.77958e-19	4.17599e-19
12388.80000	2.41950e-20	4.16163e-19
12390.10000	3.01193e-19	3.97906e-19
12391.40000	-1.75424e-19	5.09774e-19
12392.70000	-1.95057e-19	6.02368e-19
12394.00000	7.05013e-19	5.97264e-19
12395.30000	-5.77988e-20	4.94693e-19
12396.60000	-2.50430e-19	4.12409e-19
12397.90000	-2.11721e-19	5.36483e-19
12399.20000	-1.46890e-18	1.27502e-18
12400.50000	-2.10966e-19	1.64985e-18
12401.80000	7.90614e-19	1.51096e-18
12403.10000	-1.35382e-18	8.35514e-19
12404.40000	1.20736e-19	4.54367e-19
12405.70000	4.77171e-19	3.69996e-19
12407.00000	3.03473e-19	3.52740e-19
12408.30000	2.97930e-19	3.42017e-19
12409.60000	1.87128e-19	3.36857e-19
12410.90000	7.61419e-19	3.36642e-19
12412.20000	8.07041e-19	3.43739e-19
12413.50000	3.08788e-19	3.45722e-19
12414.90000	7.16877e-19	3.55064e-19
12416.20000	-5.09825e-20	3.47763e-19
12417.50000	3.39484e-19	3.51892e-19
12418.80000	7.25990e-19	3.75995e-19
12420.10000	-1.53161e-20	5.27612e-19
12421.40000	7.15063e-19	1.48708e-18
12422.70000	-1.23581e-18	2.25984e-18
12424.00000	-8.97093e-19	2.23070e-18
12425.30000	1.83123e-18	1.42250e-18
12426.60000	3.03239e-19	7.57799e-19
12427.90000	-2.02070e-19	5.69401e-19
12429.20000	5.86324e-19	4.79410e-19
12430.50000	-5.85862e-20	3.84565e-19
12431.80000	-1.53998e-19	3.60893e-19
12433.10000	-6.23353e-19	3.57020e-19
12434.40000	-7.52844e-20	3.55969e-19
12435.70000	-1.30257e-19	3.52628e-19
12437.00000	5.74915e-19	3.44963e-19
12438.30000	-3.85980e-20	3.47773e-19
12439.60000	4.08615e-19	3.45240e-19
12440.90000	2.00561e-19	3.53082e-19
12442.20000	3.44383e-19	3.61053e-19
12443.50000	-1.52703e-19	3.66163e-19
12444.80000	1.29704e-19	3.64916e-19
12446.10000	-2.57433e-19	4.01278e-19
12447.40000	-1.18934e-19	4.54438e-19
12448.70000	1.28658e-19	4.66419e-19
12450.00000	1.10522e-18	4.76977e-19
12451.30000	3.57699e-19	5.17273e-19
12452.60000	-7.90769e-20	5.27285e-19
12453.90000	3.43799e-19	4.66496e-19
12455.30000	6.88373e-19	4.20588e-19
12456.60000	1.30200e-19	4.56767e-19
12457.90000	-4.67190e-19	4.59689e-19
12459.20000	-2.32655e-19	4.16318e-19
12460.50000	4.38932e-19	4.31515e-19
12461.80000	2.35209e-19	3.81711e-19
12463.10000	-2.10000e-19	3.82260e-19
12464.40000	-1.06700e-19	3.78820e-19
12465.70000	5.28889e-19	3.90908e-19
12467.00000	-1.87145e-19	4.12205e-19
12468.30000	-9.80070e-19	4.08917e-19
12469.60000	-3.35321e-19	3.82527e-19
12470.90000	3.78077e-19	3.99052e-19
12472.20000	3.47830e-19	5.07212e-19
12473.50000	1.01351e-18	5.73136e-19
12474.80000	5.00456e-19	5.79801e-19
12476.10000	1.16550e-18	6.09785e-19
12477.40000	1.69617e-19	5.96847e-19
12478.70000	-2.12267e-19	5.52490e-19
12480.00000	4.71735e-20	6.36240e-19
12481.30000	1.68056e-19	1.07894e-18
12482.60000	8.94363e-19	1.31267e-18
12483.90000	1.05243e-18	1.14346e-18
12485.20000	1.53316e-19	7.65097e-19
12486.50000	5.94976e-20	5.71653e-19
12487.80000	-1.63938e-19	5.10207e-19
12489.10000	7.08299e-20	4.22249e-19
12490.40000	3.83127e-19	3.63010e-19
12491.70000	1.13766e-19	3.64219e-19
12493.00000	-5.82101e-19	3.76960e-19
12494.30000	-6.04804e-19	4.50895e-19
12495.60000	-3.94090e-20	6.04344e-19
12497.00000	1.49365e-19	5.78476e-19
12498.30000	1.43995e-20	4.89302e-19
12499.60000	3.02538e-19	6.78690e-19
12500.90000	4.14910e-19	1.41864e-18
12502.20000	2.03261e-20	1.62547e-18
12503.50000	4.96242e-19	1.42327e-18
12504.80000	-3.09600e-19	7.76038e-19
12506.10000	-7.11224e-20	4.36033e-19
12507.40000	2.41050e-19	4.02323e-19
12508.70000	5.05050e-19	5.93788e-19
12510.00000	3.54993e-19	5.98248e-19
12511.30000	3.13683e-20	6.44584e-19
12512.60000	2.25990e-19	5.37760e-19
12513.90000	-3.62705e-19	4.07571e-19
12515.20000	4.35106e-20	3.75849e-19
12516.50000	3.97590e-20	3.83075e-19
12517.80000	1.00400e-19	3.75543e-19
12519.10000	9.91327e-20	3.68744e-19
12520.40000	-8.69718e-20	3.74884e-19
12521.70000	-2.43587e-20	3.78310e-19
12523.00000	-9.38069e-20	4.14394e-19
12524.30000	-8.18681e-19	5.64322e-19
12525.60000	-2.86344e-19	7.88007e-19
12526.90000	-7.72424e-19	7.83269e-19
12528.20000	-3.04232e-19	5.69239e-19
12529.50000	2.06734e-19	4.24606e-19
12530.80000	1.63016e-19	4.03240e-19
12532.10000	1.97190e-19	3.99420e-19
12533.40000	-3.82402e-19	3.74348e-19
12534.70000	-9.41583e-19	3.60988e-19
12536.00000	1.17857e-19	3.72293e-19
12537.40000	5.36793e-19	3.98129e-19
12538.70000	2.07735e-19	4.29286e-19
12540.00000	1.12121e-18	5.51459e-19
12541.30000	9.00466e-19	8.32306e-19
12542.60000	7.31014e-19	8.68759e-19
12543.90000	-3.88749e-19	6.41727e-19
12545.20000	1.03003e-19	4.44953e-19
12546.50000	2.14093e-22	3.98810e-19
12547.80000	-4.30971e-20	4.04387e-19
12549.10000	-1.18615e-19	4.03835e-19
12550.40000	1.02394e-19	3.81329e-19
12551.70000	2.42428e-19	3.68689e-19
12553.00000	2.42479e-19	4.00102e-19
12554.30000	4.99514e-19	4.08131e-19
12555.60000	4.96909e-19	4.92602e-19
12556.90000	3.38118e-19	7.87168e-19
12558.20000	5.25374e-19	8.96256e-19
12559.50000	-2.21288e-19	7.42617e-19
12560.80000	-8.51967e-19	4.61761e-19
12562.10000	8.24717e-21	3.88242e-19
12563.40000	-2.57366e-19	3.78060e-19
12564.70000	-8.68286e-20	3.61313e-19
12566.00000	8.04665e-20	3.63374e-19
12567.30000	-4.82650e-19	3.96420e-19
12568.60000	-5.15870e-19	5.19429e-19
12569.90000	5.05218e-19	8.11395e-19
12571.20000	-8.60552e-21	1.04707e-18
12572.50000	3.29994e-20	1.16409e-18
12573.80000	8.72776e-19	1.07786e-18
12575.10000	3.09791e-19	9.09082e-19
12576.40000	5.08495e-21	6.03404e-19
12577.70000	4.42901e-20	4.41365e-19
12579.10000	2.40409e-19	4.19777e-19
12580.40000	9.16286e-20	4.27523e-19
12581.70000	6.09803e-19	4.23770e-19
12583.00000	6.51457e-19	4.32242e-19
12584.30000	2.28110e-19	4.59335e-19
12585.60000	5.81368e-19	5.66845e-19
12586.90000	-5.86832e-19	8.26947e-19
12588.20000	2.06251e-19	1.15775e-18
12589.50000	1.07186e-18	1.34731e-18
12590.80000	6.94980e-19	1.27529e-18
12592.10000	1.24536e-18	9.90527e-19
12593.40000	1.02692e-18	7.29001e-19
12594.70000	6.50970e-19	6.29476e-19
12596.00000	-1.05807e-18	6.64986e-19
12597.30000	-1.05780e-18	7.45873e-19
12598.60000	6.84128e-20	7.55415e-19
12599.90000	5.36848e-19	7.70008e-19
12601.20000	-9.43098e-20	7.68491e-19
12602.50000	-8.55298e-19	8.45391e-19
12603.80000	-1.50498e-18	9.37247e-19
12605.10000	3.51558e-19	1.01747e-18
12606.40000	-7.90525e-19	1.20628e-18
12607.70000	-7.06280e-19	1.29158e-18
12609.00000	3.98570e-21	1.45455e-18
12610.30000	2.27903e-19	1.22748e-18
12611.60000	-1.34728e-19	1.13953e-18
12612.90000	-2.15115e-18	1.15699e-18
12614.20000	-1.56855e-18	1.14383e-18
12615.50000	-4.55792e-19	1.13253e-18
12616.80000	7.59057e-19	1.11396e-18
12618.10000	3.15718e-19	1.06589e-18
12619.50000	-8.87316e-19	1.10599e-18
12620.80000	-6.56039e-20	1.01108e-18
12622.10000	5.38780e-19	9.76415e-19
12623.40000	2.94763e-19	1.08079e-18
12624.70000	-4.92134e-19	1.24853e-18
12626.00000	-4.06016e-19	1.26698e-18
12627.30000	3.94158e-19	1.04873e-18
12628.60000	8.98619e-19	9.38574e-19
12629.90000	-2.85873e-19	8.30987e-19
12631.20000	-7.46040e-19	8.05784e-19
12632.50000	1.49426e-19	8.50521e-19
12633.80000	6.61127e-19	8.76664e-19
12635.10000	8.57478e-19	8.17095e-19
12636.40000	-4.16315e-19	7.38153e-19
12637.70000	-1.69081e-19	6.67846e-19
12639.00000	-8.58869e-20	7.12829e-19
12640.30000	4.80986e-19	8.92168e-19
12641.60000	2.68566e-19	1.13450e-18
12642.90000	2.19135e-19	1.16220e-18
12644.20000	4.02641e-19	9.73546e-19
12645.50000	-1.09022e-19	6.55064e-19
12646.80000	6.66624e-19	6.71554e-19
12648.10000	2.99683e-19	7.64907e-19
12649.40000	4.62563e-19	7.92370e-19
12650.70000	-1.17927e-19	7.09326e-19
12652.00000	-2.55867e-19	6.36291e-19
12653.30000	-2.85139e-19	5.60386e-19
12654.60000	6.34641e-19	6.14985e-19
12655.90000	-2.32999e-19	7.90572e-19
12657.20000	-5.25113e-19	8.70906e-19
12658.50000	-6.67996e-19	1.03062e-18
12659.80000	1.16586e-19	1.21525e-18
12661.20000	-8.68175e-21	1.21372e-18
12662.50000	-1.04746e-18	9.35949e-19
12663.80000	3.29383e-19	9.33105e-19
12665.10000	1.52676e-18	1.09372e-18
12666.40000	1.95992e-18	1.21368e-18
12667.70000	-5.35180e-21	1.09281e-18
12669.00000	-1.15271e-18	9.21921e-19
12670.30000	3.99799e-19	7.91946e-19
12671.60000	2.50171e-19	7.41047e-19
12672.90000	7.82827e-19	1.10737e-18
12674.20000	1.91163e-18	1.39037e-18
12675.50000	1.08703e-18	1.35747e-18
12676.80000	4.28241e-19	9.16057e-19
12678.10000	1.50474e-21	9.99130e-19
12679.40000	-4.25283e-20	7.57189e-19
12680.70000	5.42725e-19	8.74201e-19
12682.00000	2.84966e-18	1.70199e-18
12683.30000	4.96104e-18	2.75065e-18
12684.60000	4.01883e-18	3.49782e-18
12685.90000	-2.03939e-18	3.62933e-18
12687.20000	4.25858e-18	3.43312e-18
12688.50000	2.22744e-18	3.08226e-18
12689.80000	1.12711e-18	2.86951e-18
12691.10000	-2.05328e-18	2.60597e-18
12692.40000	2.66933e-18	2.42912e-18
12693.70000	7.26668e-19	2.26159e-18
12695.00000	1.33818e-18	2.27800e-18
12696.30000	1.79373e-18	2.35436e-18
12697.60000	1.18246e-18	2.29634e-18
12698.90000	-1.92659e-19	2.13147e-18
12700.20000	1.69016e-18	1.89245e-18
12701.50000	-4.62152e-19	1.62097e-18
12702.90000	-8.93078e-19	1.25433e-18
12704.20000	7.99497e-19	1.02435e-18
12705.50000	5.94301e-19	1.22956e-18
12706.80000	-1.66058e-19	1.30072e-18
12708.10000	-5.81457e-19	1.44044e-18
12709.40000	-5.53290e-19	1.89047e-18
12710.70000	-8.49915e-19	1.53416e-18
12712.00000	2.60189e-19	1.10143e-18
12713.30000	-5.92391e-19	6.22957e-19
12714.60000	-2.40905e-19	6.57216e-19
12715.90000	-6.40473e-19	9.53595e-19
12717.20000	-3.87741e-21	1.08809e-18
12718.50000	1.12548e-19	1.31066e-18
12719.80000	1.25622e-18	1.34417e-18
12721.10000	-3.10419e-19	1.41006e-18
12722.40000	-4.17449e-19	8.70394e-19
12723.70000	1.52081e-19	1.07870e-18
12725.00000	7.19405e-19	1.39619e-18
12726.30000	-1.62796e-19	1.52651e-18
12727.60000	1.25452e-18	1.24540e-18
12728.90000	2.72464e-19	1.24988e-18
12730.20000	1.05020e-18	1.24568e-18
12731.50000	-1.36117e-18	1.12001e-18
12732.80000	7.41397e-19	6.74277e-19
12734.10000	-7.03667e-19	4.91219e-19
12735.40000	-1.90076e-19	6.30627e-19
12736.70000	-9.71334e-19	1.01315e-18
12738.00000	-2.13251e-19	1.14985e-18
12739.30000	1.60633e-19	1.36556e-18
12740.60000	-7.32878e-19	1.34943e-18
12741.90000	1.01409e-18	1.36165e-18
12743.30000	-4.50980e-19	1.50592e-18
12744.60000	1.05305e-18	1.59074e-18
12745.90000	1.20994e-18	1.61477e-18
12747.20000	-2.44882e-18	1.66992e-18
12748.50000	6.02559e-19	2.02381e-18
12749.80000	5.73186e-19	2.13530e-18
12751.10000	-3.94779e-19	2.17342e-18
12752.40000	3.07121e-19	2.31868e-18
12753.70000	-1.79509e-18	2.02880e-18
12755.00000	1.31720e-18	1.18788e-18
12756.30000	4.13921e-19	7.18323e-19
12757.60000	-1.18193e-19	9.62765e-19
12758.90000	-2.85958e-19	1.67110e-18
12760.20000	-1.01491e-18	1.93783e-18
12761.50000	-4.63964e-19	2.26116e-18
12762.80000	2.51474e-19	2.65431e-18
12764.10000	5.13792e-19	2.83115e-18
12765.40000	6.95014e-20	2.39684e-18
12766.70000	1.26850e-19	1.16954e-18
12768.00000	-2.83135e-19	6.12258e-19
12769.30000	1.16584e-18	1.09807e-18
12770.60000	-5.48769e-19	1.41347e-18
12771.90000	1.77359e-18	1.52495e-18
12773.20000	-3.94777e-20	1.54705e-18
12774.50000	-6.33109e-19	1.55876e-18
12775.80000	1.21315e-18	1.86181e-18
12777.10000	1.41274e-18	1.75132e-18
12778.40000	1.26462e-18	1.42269e-18
12779.70000	1.62794e-18	1.10277e-18
12781.00000	-1.55955e-19	2.20191e-18
12782.30000	1.20012e-18	3.06393e-18
12783.60000	5.02133e-19	3.12111e-18
12785.00000	5.12764e-20	2.57915e-18
12786.30000	-1.02421e-18	1.65682e-18
12787.60000	-8.23819e-19	9.99215e-19
12788.90000	4.97599e-19	5.82922e-19
12790.20000	-1.86021e-19	5.10931e-19
12791.50000	8.64955e-20	3.85244e-19
12792.80000	-2.05107e-19	6.35817e-19
12794.10000	3.93206e-19	9.31528e-19
12795.40000	-1.76614e-19	1.02306e-18
12796.70000	4.22006e-20	1.05516e-18
12798.00000	-8.63946e-19	1.01414e-18
12799.30000	1.13332e-18	1.32467e-18
12800.60000	1.81333e-18	1.78929e-18
12801.90000	2.09338e-19	1.93662e-18
12803.20000	-1.21827e-20	1.95343e-18
12804.50000	-5.79587e-19	1.93751e-18
12805.80000	3.59861e-19	2.67614e-18
12807.10000	3.87153e-20	2.68979e-18
12808.40000	2.00211e-18	2.17308e-18
12809.70000	-2.27703e-19	1.10393e-18
12811.00000	-2.69812e-19	6.91282e-19
12812.30000	4.80148e-19	4.62432e-19
12813.60000	5.81149e-19	3.77535e-19
12814.90000	-3.33493e-19	3.82792e-19
12816.20000	-1.68362e-19	3.74682e-19
12817.50000	1.60944e-19	4.55533e-19
12818.80000	-4.82415e-19	5.57683e-19
12820.10000	7.82529e-20	5.92828e-19
12821.40000	-4.19898e-19	6.41723e-19
12822.70000	2.58137e-19	9.61361e-19
12824.00000	1.69489e-18	1.36336e-18
12825.40000	-3.79747e-19	1.33111e-18
12826.70000	6.32517e-19	8.92686e-19
12828.00000	1.65584e-19	4.84895e-19
12829.30000	1.11986e-18	4.55626e-19
12830.60000	9.54283e-19	6.15441e-19
12831.90000	4.43615e-19	8.68826e-19
12833.20000	2.01924e-19	1.53487e-18
12834.50000	-5.89814e-19	1.71692e-18
12835.80000	-8.29553e-19	1.44410e-18
12837.10000	5.87097e-19	7.13407e-19
12838.40000	-7.88219e-22	4.02885e-19
12839.70000	3.87422e-19	3.45657e-19
12841.00000	-2.69786e-19	3.41850e-19
12842.30000	-9.05088e-20	3.79233e-19
12843.60000	-1.35662e-18	7.99418e-19
12844.90000	2.59586e-20	1.24421e-18
12846.20000	1.52054e-18	1.22060e-18
12847.50000	-1.22556e-18	7.78723e-19
12848.80000	-1.59379e-19	4.44251e-19
12850.10000	6.56099e-19	3.95755e-19
12851.40000	-2.65002e-19	3.88514e-19
12852.70000	2.30945e-19	3.51120e-19
12854.00000	-3.83159e-19	4.01250e-19
12855.30000	2.52917e-19	3.50845e-19
12856.60000	4.57416e-19	3.50595e-19
12857.90000	1.24096e-19	3.53661e-19
12859.20000	-5.71443e-19	3.49794e-19
12860.50000	-3.92349e-20	3.68872e-19
12861.80000	-1.94035e-19	3.77254e-19
12863.10000	6.64632e-19	4.08589e-19
12864.40000	-5.84933e-19	6.01418e-19
12865.70000	-2.77969e-19	9.56741e-19
12867.10000	8.48965e-19	9.82814e-19
12868.40000	-6.79499e-19	7.60648e-19
12869.70000	-1.43209e-19	5.11055e-19
12871.00000	-6.78830e-21	5.04369e-19
12872.30000	4.15682e-19	5.61964e-19
12873.60000	-7.90907e-19	5.20207e-19
12874.90000	-2.78414e-19	4.28557e-19
12876.20000	-2.30370e-19	3.45403e-19
12877.50000	3.29467e-19	3.11312e-19
12878.80000	-4.40009e-19	3.30120e-19
12880.10000	-3.31269e-20	4.87118e-19
12881.40000	-1.32923e-18	8.92160e-19
12882.70000	7.75948e-19	8.17612e-19
12884.00000	-9.93928e-20	6.31785e-19
12885.30000	-1.65927e-19	5.68567e-19
12886.60000	4.52512e-19	6.98378e-19
12887.90000	-4.45203e-19	8.00717e-19
12889.20000	6.41023e-19	7.17984e-19
12890.50000	1.51646e-18	5.08467e-19
12891.80000	2.31420e-19	4.64829e-19
12893.10000	-5.69606e-19	6.16393e-19
12894.40000	-9.55798e-19	7.27778e-19
12895.70000	7.57190e-19	7.57778e-19
12897.00000	3.15016e-19	6.96971e-19
12898.30000	9.44643e-19	6.37263e-19
12899.60000	3.18207e-19	5.78142e-19
12900.90000	3.54147e-19	7.18242e-19
12902.20000	-1.83173e-19	1.33647e-18
12903.50000	4.03879e-19	2.41630e-18
12904.80000	1.15162e-18	3.89710e-18
12906.10000	2.56153e-18	4.23661e-18
12907.50000	-1.78600e-18	2.69069e-18
12908.80000	-5.00018e-19	1.10027e-18
12910.10000	7.32841e-20	7.26493e-19
12911.40000	-6.83886e-19	5.76821e-19
12912.70000	-5.87468e-19	5.03197e-19
12914.00000	-2.43050e-19	6.50000e-19
12915.30000	-9.58105e-19	8.34409e-19
12916.60000	4.34439e-19	8.20712e-19
12917.90000	-1.26328e-19	8.51383e-19
12919.20000	-1.16078e-18	1.53520e-18
12920.50000	-1.36361e-18	2.42865e-18
12921.80000	-2.17034e-18	2.37630e-18
12923.10000	9.43917e-19	1.32768e-18
12924.40000	1.09055e-18	5.90123e-19
12925.70000	1.01466e-18	3.88284e-19
12927.00000	6.54950e-19	3.53958e-19
12928.30000	5.66978e-19	3.70879e-19
12929.60000	6.84719e-19	4.29965e-19
12930.90000	1.73527e-19	5.16551e-19
12932.20000	-4.69447e-19	4.97420e-19
12933.50000	3.18060e-19	4.97963e-19
12934.80000	2.72127e-19	5.41827e-19
12936.10000	-1.53531e-19	5.66706e-19
12937.40000	1.92384e-19	4.97871e-19
12938.70000	5.90225e-19	4.07179e-19
12940.00000	4.61446e-19	4.72933e-19
12941.30000	-4.73459e-20	1.09676e-18
12942.60000	6.06003e-20	1.61262e-18
12943.90000	-4.22103e-19	1.44344e-18
12945.20000	-4.29758e-19	8.75720e-19
12946.50000	1.57836e-19	4.72146e-19
12947.80000	-3.49193e-19	3.62297e-19
12949.20000	-2.79249e-19	3.72210e-19
12950.50000	-2.16174e-19	3.82795e-19
12951.80000	-4.81368e-19	4.21928e-19
12953.10000	-2.37962e-19	5.02893e-19
12954.40000	3.03732e-19	5.45167e-19
12955.70000	-5.26091e-19	5.01852e-19
12957.00000	-3.68415e-19	4.09545e-19
12958.30000	7.89359e-20	3.69602e-19
12959.60000	-2.56039e-19	3.81717e-19
12960.90000	1.28839e-19	3.91741e-19
12962.20000	1.76174e-19	4.10175e-19
12963.50000	-1.74905e-19	4.44068e-19
12964.80000	2.27083e-19	4.48486e-19
12966.10000	9.63984e-20	3.90613e-19
12967.40000	2.79533e-19	3.45408e-19
12968.70000	3.42347e-19	3.94939e-19
12970.00000	-7.26492e-19	6.98590e-19
12971.30000	-9.32657e-19	9.63772e-19
12972.60000	8.24071e-19	9.15099e-19
12973.90000	4.66073e-19	7.38302e-19
12975.20000	-5.66944e-19	5.34823e-19
12976.50000	-2.95795e-19	4.32434e-19
12977.80000	-4.23596e-19	4.50908e-19
12979.10000	4.04652e-19	4.31095e-19
12980.40000	-1.16754e-19	3.65917e-19
12981.70000	-2.43120e-19	4.06946e-19
12983.00000	-8.78066e-19	7.84522e-19
12984.30000	-7.14715e-20	1.62526e-18
12985.60000	6.05828e-19	1.87952e-18
12986.90000	-8.46307e-19	1.52965e-18
12988.20000	-2.39716e-19	6.66831e-19
12989.60000	1.62893e-19	3.88902e-19
12990.90000	5.24823e-20	3.23158e-19
12992.20000	3.39336e-20	3.16356e-19
12993.50000	5.48254e-19	3.25764e-19
12994.80000	2.64929e-19	3.86783e-19
12996.10000	-6.24392e-19	4.10065e-19
12997.40000	-2.74139e-19	3.85752e-19
12998.70000	-1.61501e-19	4.19089e-19
13000.00000	2.22192e-19	4.82447e-19
13001.30000	3.94873e-20	5.76984e-19
13002.60000	-2.40780e-19	6.20380e-19
13003.90000	-2.49402e-19	5.74818e-19
13005.20000	3.06319e-19	5.11582e-19
13006.50000	8.03622e-19	4.98727e-19
13007.80000	7.29923e-20	5.26063e-19
13009.10000	-6.86301e-19	5.16677e-19
13010.40000	-5.90102e-19	5.03121e-19
13011.70000	-3.15164e-19	5.59354e-19
13013.00000	-1.08408e-19	6.25317e-19
13014.30000	-3.27126e-19	6.75073e-19
13015.60000	-9.07876e-19	6.19654e-19
13016.90000	-1.74697e-19	5.49356e-19
13018.20000	1.28795e-18	6.23718e-19
13019.50000	1.47879e-18	1.56742e-18
13020.80000	-1.07146e-18	3.00481e-18
13022.10000	-1.55885e-18	3.12097e-18
13023.40000	-9.40434e-20	1.86886e-18
13024.70000	-6.31660e-19	7.15669e-19
13026.00000	-4.48530e-19	4.20028e-19
13027.30000	-3.71592e-19	3.39409e-19
13028.60000	-1.63199e-19	3.12362e-19
13029.90000	2.80796e-19	3.12052e-19
13031.30000	7.78583e-19	3.18371e-19
13032.60000	2.28052e-19	3.22300e-19
13033.90000	2.91111e-19	3.42528e-19
13035.20000	-7.33172e-20	3.55265e-19
13036.50000	-7.36605e-20	3.15928e-19
13037.80000	4.41085e-19	2.99626e-19
13039.10000	3.64572e-19	2.99279e-19
13040.40000	1.89844e-19	3.27907e-19
13041.70000	-5.41640e-20	3.83674e-19
13043.00000	-1.63913e-19	3.80586e-19
13044.30000	2.57916e-19	4.00596e-19
13045.60000	1.25795e-20	3.75465e-19
13046.90000	2.38848e-19	3.60740e-19
13048.20000	-2.65741e-19	4.17457e-19
13049.50000	2.64027e-19	6.20980e-19
13050.80000	2.81618e-19	1.32617e-18
13052.10000	-8.18813e-19	2.19285e-18
13053.40000	2.64595e-19	2.17549e-18
13054.70000	1.06021e-18	1.27656e-18
13056.00000	2.51652e-19	6.58975e-19
13057.30000	5.11914e-19	4.52725e-19
13058.60000	-1.65594e-19	3.94375e-19
13059.90000	-2.85074e-19	3.98090e-19
13061.20000	1.28519e-19	3.99372e-19
13062.50000	-1.24941e-19	3.58140e-19
13063.80000	-4.37673e-19	3.49260e-19
13065.10000	-2.45346e-19	3.29317e-19
13066.40000	4.14191e-19	3.05308e-19
13067.70000	2.22249e-19	2.98427e-19
13069.00000	4.95701e-19	2.99247e-19
13070.30000	6.93410e-19	3.03030e-19
13071.70000	2.81759e-19	3.00370e-19
13073.00000	-2.13733e-20	3.05984e-19
13074.30000	-6.90210e-20	3.11163e-19
13075.60000	4.24853e-19	3.46910e-19
13076.90000	3.40665e-19	3.41838e-19
13078.20000	1.93803e-19	3.33066e-19
13079.50000	1.24107e-19	3.32367e-19
13080.80000	6.06520e-20	3.89968e-19
13082.10000	-2.36298e-19	6.32564e-19
13083.40000	8.56561e-19	2.05884e-18
13084.70000	-8.45170e-19	3.37847e-18
13086.00000	-3.41995e-18	3.24131e-18
13087.30000	6.75525e-20	1.70858e-18
13088.60000	-7.03948e-19	7.48146e-19
13089.90000	5.49484e-20	4.47708e-19
13091.20000	-5.08691e-20	3.59899e-19
13092.50000	2.29278e-21	3.38836e-19
13093.80000	2.01237e-19	3.16731e-19
13095.10000	-1.09889e-19	3.09577e-19
13096.40000	1.03817e-19	3.10296e-19
13097.70000	3.20964e-19	3.11004e-19
13099.00000	8.92222e-20	3.22234e-19
13100.30000	1.91545e-19	3.48224e-19
13101.60000	1.20869e-19	3.60583e-19
13102.90000	1.97116e-19	3.47259e-19
13104.20000	1.47331e-19	3.69980e-19
13105.50000	1.98784e-19	4.17877e-19
13106.80000	6.46110e-19	4.31068e-19
13108.10000	1.13652e-19	3.84965e-19
13109.40000	1.59911e-19	3.32905e-19
13110.70000	1.30160e-19	2.94780e-19
13112.00000	2.08282e-19	2.73342e-19
13113.40000	1.54163e-19	2.62716e-19
13114.70000	-2.12562e-19	2.65118e-19
13116.00000	1.68227e-19	2.76339e-19
13117.30000	2.66261e-19	2.92213e-19
13118.60000	5.16152e-20	3.01788e-19
13119.90000	-1.21570e-19	2.97867e-19
13121.20000	-1.49181e-19	3.21173e-19
13122.50000	3.68381e-19	4.15130e-19
13123.80000	5.87114e-19	6.46529e-19
13125.10000	-6.60327e-19	8.94124e-19
13126.40000	-1.01342e-18	1.65530e-18
13127.70000	-1.27281e-18	2.09424e-18
13129.00000	-5.64076e-19	1.80902e-18
13130.30000	-8.76340e-20	1.14026e-18
13131.60000	-9.09176e-19	6.94537e-19
13132.90000	-6.87568e-20	4.99608e-19
13134.20000	2.34989e-19	3.80735e-19
13135.50000	2.33086e-19	3.34392e-19
13136.80000	4.16576e-19	3.56514e-19
13138.10000	8.01479e-21	4.46175e-19
13139.40000	1.55927e-19	5.80113e-19
13140.70000	4.36662e-19	6.33023e-19
13142.00000	5.94439e-19	6.33033e-19
13143.30000	3.33150e-19	5.77600e-19
13144.60000	2.19719e-19	4.68183e-19
13145.90000	1.77505e-19	3.55370e-19
13147.20000	-1.43940e-20	3.27878e-19
13148.50000	-7.80135e-20	3.36584e-19
13149.80000	1.35537e-19	3.35510e-19
13151.10000	3.82847e-19	3.27309e-19
13152.40000	6.34240e-19	3.64163e-19
13153.80000	8.90191e-19	6.03230e-19
13155.10000	5.96837e-19	1.77182e-18
13156.40000	-3.70527e-18	2.72552e-18
13157.70000	-2.62694e-18	2.58219e-18
13159.00000	2.63729e-19	1.33784e-18
13160.30000	2.08881e-19	5.48859e-19
13161.60000	-3.31957e-19	3.61124e-19
13162.90000	-8.64577e-21	3.28174e-19
13164.20000	7.85651e-19	3.36729e-19
13165.50000	1.52226e-19	3.43123e-19
13166.80000	1.44266e-19	3.34309e-19
13168.10000	1.53567e-19	3.20910e-19
13169.40000	1.69645e-19	3.07602e-19
13170.70000	4.41864e-19	3.00916e-19
13172.00000	-1.28593e-20	3.21679e-19
13173.30000	-1.84709e-19	3.21134e-19
13174.60000	3.29729e-20	2.92642e-19
13175.90000	8.21133e-20	2.82399e-19
13177.20000	1.75000e-19	2.84095e-19
13178.50000	5.89151e-20	2.97459e-19
13179.80000	3.20383e-20	2.96927e-19
13181.10000	-1.00540e-19	2.81962e-19
13182.40000	-1.63835e-19	2.74124e-19
13183.70000	1.05661e-19	2.88989e-19
13185.00000	1.74625e-20	2.91845e-19
13186.30000	-5.50360e-20	3.05111e-19
13187.60000	2.91679e-19	3.09350e-19
13188.90000	-3.52750e-19	3.10929e-19
13190.20000	-3.39072e-19	3.21452e-19
13191.50000	1.57738e-19	3.18966e-19
13192.80000	-2.10130e-20	2.73766e-19
13194.10000	-4.06519e-20	2.66903e-19
13195.50000	9.80781e-20	2.75177e-19
13196.80000	1.47515e-19	2.86228e-19
13198.10000	-2.00650e-19	2.85799e-19
13199.40000	-2.24461e-19	3.12046e-19
13200.70000	1.35337e-19	3.27113e-19
13202.00000	4.71740e-19	3.03426e-19
13203.30000	-9.96137e-20	3.03577e-19
13204.60000	-2.37959e-19	2.99551e-19
13205.90000	1.66646e-19	3.02986e-19
13207.20000	1.69750e-19	4.08386e-19
13208.50000	1.20803e-18	8.22064e-19
13209.80000	2.69281e-18	1.59773e-18
13211.10000	7.51696e-20	1.74458e-18
13212.40000	-1.12572e-18	1.23079e-18
13213.70000	4.16635e-19	5.34697e-19
13215.00000	4.62550e-19	4.63823e-19
13216.30000	9.91035e-20	4.51758e-19
13217.60000	1.82423e-19	4.31475e-19
13218.90000	8.19471e-19	4.00807e-19
13220.20000	4.43407e-19	4.16995e-19
13221.50000	-4.96755e-19	4.73174e-19
13222.80000	-3.97033e-19	4.68002e-19
13224.10000	5.93188e-19	3.90146e-19
13225.40000	3.88664e-19	3.60968e-19
13226.70000	1.24361e-19	3.87591e-19
13228.00000	1.05830e-19	4.10564e-19
13229.30000	-2.88890e-19	3.81781e-19
13230.60000	2.26864e-20	3.48952e-19
13231.90000	1.26435e-19	3.75898e-19
13233.20000	1.44788e-18	5.96897e-19
13234.50000	2.23625e-18	1.51091e-18
13235.80000	1.72426e-18	2.33904e-18
13237.20000	3.27221e-18	2.30821e-18
13238.50000	1.83777e-18	1.42523e-18
13239.80000	-7.65711e-19	5.68379e-19
13241.10000	-3.42353e-19	3.53499e-19
13242.40000	2.64640e-19	3.05415e-19
13243.70000	-1.05418e-19	3.04411e-19
13245.00000	2.33349e-19	3.62217e-19
13246.30000	6.31675e-20	4.52918e-19
13247.60000	1.97952e-19	4.64413e-19
13248.90000	3.43469e-19	3.81562e-19
13250.20000	1.33615e-19	2.96213e-19
13251.50000	1.77781e-19	2.69564e-19
13252.80000	8.14102e-20	2.69327e-19
13254.10000	3.20149e-19	2.78847e-19
13255.40000	2.43241e-19	2.85389e-19
13256.70000	1.04084e-19	2.86524e-19
13258.00000	-2.08736e-19	2.84289e-19
13259.30000	2.03227e-19	2.74405e-19
13260.60000	5.10779e-19	2.62364e-19
13261.90000	2.94312e-19	2.55791e-19
13263.20000	2.17176e-19	2.55943e-19
13264.50000	-1.54095e-19	2.87321e-19
13265.80000	-2.01988e-19	3.80013e-19
13267.10000	-2.95152e-19	4.89777e-19
13268.40000	-9.88154e-20	5.24329e-19
13269.70000	4.65840e-19	4.63523e-19
13271.00000	1.30825e-20	4.28193e-19
13272.30000	3.19744e-19	3.21522e-19
13273.60000	5.43223e-20	3.44421e-19
13274.90000	-5.80503e-19	4.36901e-19
13276.20000	2.67855e-19	5.26409e-19
13277.60000	4.57759e-19	5.41511e-19
13278.90000	2.24748e-20	5.27755e-19
13280.20000	4.81766e-19	5.06934e-19
13281.50000	2.79157e-19	4.42288e-19
13282.80000	1.73505e-19	3.17873e-19
13284.10000	5.73993e-20	2.80898e-19
13285.40000	-2.48541e-19	2.88389e-19
13286.70000	-1.09667e-19	2.84798e-19
13288.00000	4.78959e-19	2.80301e-19
13289.30000	4.86761e-19	2.81321e-19
13290.60000	1.24441e-19	2.79159e-19
13291.90000	-1.90583e-19	2.69369e-19
13293.20000	8.54929e-20	2.63117e-19
13294.50000	3.26564e-19	2.72346e-19
13295.80000	4.33699e-19	3.19579e-19
13297.10000	-2.73096e-19	4.07600e-19
13298.40000	2.27441e-19	6.40701e-19
13299.70000	-2.40719e-19	9.11516e-19
13301.00000	-9.03791e-19	1.04635e-18
13302.30000	-4.52526e-19	1.02793e-18
13303.60000	-1.47721e-19	7.36991e-19
13304.90000	5.08421e-19	3.84704e-19
13306.20000	2.34836e-19	2.82518e-19
13307.50000	1.61369e-19	2.60235e-19
13308.80000	-1.56912e-19	2.67638e-19
13310.10000	-4.18989e-19	2.75202e-19
13311.40000	-3.74220e-19	2.84135e-19
13312.70000	3.25263e-21	2.85954e-19
13314.00000	2.54189e-19	3.18243e-19
13315.30000	2.56146e-19	3.27219e-19
13316.60000	-9.86374e-20	2.99757e-19
13317.90000	-3.35426e-19	2.99347e-19
13319.30000	-1.36799e-19	2.96939e-19
13320.60000	-2.31105e-19	3.72368e-19
13321.90000	-6.36452e-19	7.24499e-19
13323.20000	-3.47235e-19	1.49980e-18
13324.50000	-2.34014e-19	1.79839e-18
13325.80000	-1.04570e-18	1.51207e-18
13327.10000	-2.69748e-19	7.69202e-19
13328.40000	4.01458e-19	3.78799e-19
13329.70000	3.12585e-19	2.86295e-19
13331.00000	8.49582e-20	2.77875e-19
13332.30000	1.58558e-20	2.80721e-19
13333.60000	-2.94133e-19	2.87841e-19
13334.90000	-3.05559e-20	3.05391e-19
13336.20000	5.57412e-19	3.22429e-19
13337.50000	6.52136e-19	3.65375e-19
13338.80000	2.70118e-19	3.81932e-19
13340.10000	-2.29118e-19	3.73288e-19
13341.40000	-8.40483e-20	3.47687e-19
13342.70000	8.59723e-20	3.12259e-19
13344.00000	1.79744e-19	2.83404e-19
13345.30000	2.77832e-19	2.86096e-19
13346.60000	7.33508e-20	3.15980e-19
13347.90000	2.07353e-19	3.28847e-19
13349.20000	-3.72380e-20	3.15404e-19
13350.50000	1.68423e-21	3.29881e-19
13351.80000	1.08359e-19	3.82560e-19
13353.10000	4.27123e-19	4.32030e-19
13354.40000	3.66437e-19	3.88225e-19
13355.70000	2.87464e-19	3.00420e-19
13357.00000	-1.15586e-19	2.90055e-19
13358.30000	-1.42757e-19	2.95282e-19
13359.70000	-3.52359e-19	3.24805e-19
13361.00000	-7.72882e-19	3.88144e-19
13362.30000	-9.54249e-20	3.87033e-19
13363.60000	-3.91704e-20	3.25323e-19
13364.90000	5.99835e-20	3.33209e-19
13366.20000	2.32145e-19	2.87420e-19
13367.50000	-1.55570e-20	2.53162e-19
13368.80000	3.17017e-19	2.65622e-19
13370.10000	3.32341e-19	2.67951e-19
13371.40000	2.73531e-19	2.81972e-19
13372.70000	-3.14621e-19	2.82005e-19
13374.00000	-2.88970e-19	2.68951e-19
13375.30000	3.20610e-20	2.68376e-19
13376.60000	-1.61198e-19	2.80818e-19
13377.90000	-1.58221e-19	2.72827e-19
13379.20000	2.87132e-19	2.65692e-19
13380.50000	8.33505e-21	2.68521e-19
13381.80000	-2.81309e-19	2.67937e-19
13383.10000	-1.80598e-19	2.66728e-19
13384.40000	-2.03817e-19	2.77905e-19
13385.70000	-1.31794e-19	2.83280e-19
13387.00000	-1.84275e-19	2.83860e-19
13388.30000	-1.66592e-19	2.81012e-19
13389.60000	1.25432e-19	2.93720e-19
13390.90000	3.82457e-20	3.05987e-19
13392.20000	-4.38640e-19	3.49068e-19
13393.50000	-4.64121e-19	4.13221e-19
13394.80000	2.17936e-20	4.23551e-19
13396.10000	2.11103e-19	3.99164e-19
13397.40000	6.91020e-20	4.43425e-19
13398.70000	-7.03508e-19	6.72196e-19
13400.00000	2.44751e-19	1.01475e-18
13401.40000	8.16375e-19	1.09989e-18
13402.70000	-5.72255e-19	8.32224e-19
13404.00000	-2.59340e-20	5.42042e-19
13405.30000	2.28977e-19	4.29076e-19
13406.60000	8.97093e-20	3.74547e-19
13407.90000	-1.61851e-19	3.07577e-19
13409.20000	1.52110e-19	2.74365e-19
13410.50000	9.57985e-20	3.07082e-19
13411.80000	-3.05924e-19	3.86570e-19
13413.10000	-2.19138e-19	4.94774e-19
13414.40000	-3.13572e-19	5.83996e-19
13415.70000	-1.45305e-19	5.89519e-19
13417.00000	9.33199e-20	5.32423e-19
13418.30000	-3.78065e-19	6.23577e-19
13419.60000	-1.31771e-19	1.02204e-18
13420.90000	-7.40019e-19	1.35872e-18
13422.20000	-1.34960e-18	1.34215e-18
13423.50000	-2.87953e-19	9.90084e-19
13424.80000	-1.12144e-19	6.44342e-19
13426.10000	4.96110e-20	5.21999e-19
13427.40000	1.99617e-19	4.81006e-19
13428.70000	6.66949e-20	3.59383e-19
13430.00000	-1.98938e-19	2.87530e-19
13431.30000	-1.92650e-19	2.83643e-19
13432.60000	1.94538e-19	2.74052e-19
13433.90000	1.61163e-19	2.72890e-19
13435.20000	-9.85439e-20	2.94988e-19
13436.50000	-9.60433e-20	3.47026e-19
13437.80000	4.19822e-19	3.74124e-19
13439.10000	-5.37125e-19	3.81471e-19
13440.40000	-1.55763e-19	3.68688e-19
13441.80000	2.02899e-19	4.03984e-19
13443.10000	-1.91031e-19	4.45640e-19
13444.40000	-7.16459e-19	3.91597e-19
13445.70000	-6.88032e-19	4.06739e-19
13447.00000	2.11769e-19	4.77153e-19
13448.30000	-3.02846e-19	5.00785e-19
13449.60000	-8.87850e-20	4.38770e-19
13450.90000	1.55211e-19	3.27234e-19
13452.20000	2.66708e-19	2.96438e-19
13453.50000	3.64472e-19	2.96158e-19
13454.80000	-2.37670e-19	3.03839e-19
13456.10000	-3.73011e-19	3.12766e-19
13457.40000	-3.50621e-19	3.31943e-19
13458.70000	-5.22248e-19	3.40337e-19
13460.00000	3.47866e-19	3.23221e-19
13461.30000	3.80769e-19	3.31951e-19
13462.60000	4.51500e-20	3.56550e-19
13463.90000	5.11807e-20	3.62160e-19
13465.20000	1.26893e-19	3.67395e-19
13466.50000	3.02534e-20	3.53976e-19
13467.80000	-2.04554e-19	3.53158e-19
13469.10000	-1.89612e-19	3.41951e-19
13470.40000	-6.65724e-21	3.30934e-19
13471.70000	5.94955e-20	3.52263e-19
13473.00000	1.11310e-19	3.81851e-19
13474.30000	-3.55346e-19	4.50236e-19
13475.60000	4.38442e-19	5.08769e-19
13476.90000	1.13707e-18	5.98726e-19
13478.20000	5.09776e-19	6.62049e-19
13479.50000	7.60954e-19	6.85495e-19
13480.80000	6.16318e-19	6.81365e-19
13482.10000	1.67487e-18	6.53443e-19
13483.50000	1.02990e-18	6.08760e-19
13484.80000	2.68198e-19	5.61070e-19
13486.10000	-7.74723e-19	5.90160e-19
13487.40000	-9.82456e-19	5.96077e-19
13488.70000	3.19962e-19	5.37442e-19
13490.00000	-4.81151e-19	5.11197e-19
13491.30000	5.36262e-19	4.61268e-19
13492.60000	3.76745e-19	4.89221e-19
13493.90000	-7.18687e-19	4.72759e-19
13495.20000	-3.74951e-19	4.61099e-19
13496.50000	7.11623e-19	4.91743e-19
13497.80000	8.61364e-19	5.24327e-19
13499.10000	-2.06342e-19	5.82581e-19
13500.40000	1.02515e-18	6.74311e-19
13501.70000	-2.71092e-18	7.98312e-19
13503.00000	-3.27215e-19	9.47220e-19
13504.30000	9.57035e-19	1.11161e-18
13505.60000	-4.17250e-19	1.22401e-18
13506.90000	7.60606e-20	1.73049e-18
13508.20000	1.10594e-18	2.28555e-18
13509.50000	-1.15779e-18	2.13943e-18
13510.80000	5.24209e-19	1.65342e-18
13512.10000	-1.94106e-18	1.14981e-18
13513.40000	8.21864e-19	1.11123e-18
13514.70000	-6.14899e-19	1.20519e-18
13516.00000	-2.90199e-18	1.29940e-18
13517.30000	-4.44866e-19	1.06221e-18
13518.60000	-1.35171e-18	1.33532e-18
13519.90000	-1.20394e-18	1.04916e-18
