#a1689_z1_1.J.add31.fc.1d.esc.txt
#Wavelength in (A) | Flux (erg/sec/cm2/A)| Flux Error
11530.00000	2.81719e-19	9.17299e-19
11531.30000	1.83824e-18	7.85335e-19
11532.60000	-2.31065e-19	8.16235e-19
11533.90000	3.26113e-18	8.46392e-19
11535.20000	1.25127e-18	1.26197e-18
11536.50000	3.73124e-18	3.37227e-18
11537.80000	4.24236e-18	5.81936e-18
11539.10000	-3.52009e-18	6.53727e-18
11540.40000	-6.15571e-18	4.95745e-18
11541.70000	2.49142e-19	2.36517e-18
11543.00000	9.04381e-19	1.01997e-18
11544.30000	-9.54603e-19	7.60851e-19
11545.60000	-1.73406e-18	6.99416e-19
11546.90000	-5.74025e-19	6.82601e-19
11548.20000	-1.18070e-18	6.89671e-19
11549.50000	3.66717e-19	6.73884e-19
11550.90000	-8.35263e-19	6.71171e-19
11552.20000	1.48035e-18	6.96883e-19
11553.50000	1.63372e-18	6.78289e-19
11554.80000	1.34811e-18	7.02158e-19
11556.10000	-6.70650e-19	6.97846e-19
11557.40000	-1.99387e-21	7.04905e-19
11558.70000	-6.03004e-19	6.58005e-19
11560.00000	4.57069e-19	6.65770e-19
11561.30000	2.07336e-18	7.42167e-19
11562.60000	-7.04430e-19	1.32600e-18
11563.90000	2.15048e-18	2.46711e-18
11565.20000	1.09399e-18	2.85674e-18
11566.50000	1.15297e-18	2.47186e-18
11567.80000	1.59252e-18	1.56290e-18
11569.10000	2.41803e-19	9.61812e-19
11570.40000	2.37249e-19	7.24352e-19
11571.70000	6.79725e-19	6.25469e-19
11573.00000	3.95143e-19	6.65343e-19
11574.30000	5.49262e-19	8.34578e-19
11575.60000	2.83086e-19	1.02781e-18
11576.90000	8.83935e-19	1.10182e-18
11578.20000	4.31501e-19	9.56259e-19
11579.50000	5.22073e-19	7.80544e-19
11580.80000	2.56876e-19	6.49160e-19
11582.10000	5.86202e-19	6.02277e-19
11583.40000	3.25618e-19	5.89122e-19
11584.70000	2.91190e-19	5.95178e-19
11586.00000	-1.06621e-18	6.38817e-19
11587.30000	-9.74846e-19	7.89872e-19
11588.60000	4.58753e-19	1.64316e-18
11589.90000	1.74994e-18	4.01945e-18
11591.20000	-9.54510e-20	4.96946e-18
11592.60000	3.15441e-18	4.58800e-18
11593.90000	1.86199e-18	2.86823e-18
11595.20000	4.31421e-19	1.21287e-18
11596.50000	1.37606e-18	6.29238e-19
11597.80000	-2.48821e-19	5.38162e-19
11599.10000	2.12822e-19	5.40479e-19
11600.40000	-8.68161e-19	5.63762e-19
11601.70000	8.99757e-19	5.54885e-19
11603.00000	1.28050e-18	5.32732e-19
11604.30000	8.33458e-20	5.66789e-19
11605.60000	-1.33353e-18	5.72821e-19
11606.90000	-1.61661e-19	5.80073e-19
11608.20000	9.62958e-19	6.74622e-19
11609.50000	7.69059e-19	7.46875e-19
11610.80000	9.93267e-19	7.16850e-19
11612.10000	3.21211e-19	6.01863e-19
11613.40000	9.49798e-20	4.88558e-19
11614.70000	-2.47550e-19	4.70655e-19
11616.00000	8.68143e-19	4.82752e-19
11617.30000	5.10422e-19	5.20804e-19
11618.60000	5.04840e-19	5.34186e-19
11619.90000	9.92780e-19	5.45013e-19
11621.20000	9.37069e-19	5.36336e-19
11622.50000	2.79237e-19	6.07258e-19
11623.80000	2.59770e-19	6.31310e-19
11625.10000	1.58808e-18	1.17734e-18
11626.40000	1.75314e-18	2.22566e-18
11627.70000	2.84216e-18	2.53250e-18
11629.00000	-4.58887e-19	2.09083e-18
11630.30000	-8.20028e-19	1.23393e-18
11631.60000	2.94778e-20	6.48906e-19
11633.00000	-2.02231e-19	5.42336e-19
11634.30000	3.02398e-19	5.80729e-19
11635.60000	3.80026e-19	5.99066e-19
11636.90000	-5.80839e-19	6.38273e-19
11638.20000	6.52176e-19	6.54805e-19
11639.50000	1.60397e-20	6.64077e-19
11640.80000	-9.53444e-19	6.50539e-19
11642.10000	-1.35487e-18	6.31870e-19
11643.40000	-7.20554e-19	5.89155e-19
11644.70000	2.89294e-19	5.24609e-19
11646.00000	1.14002e-18	5.34643e-19
11647.30000	5.73521e-19	8.46910e-19
11648.60000	1.32751e-18	2.30287e-18
11649.90000	2.26768e-18	3.56730e-18
11651.20000	-6.93401e-18	3.71690e-18
11652.50000	-4.00332e-19	2.66344e-18
11653.80000	6.51322e-19	1.28261e-18
11655.10000	-7.84859e-20	6.15834e-19
11656.40000	1.11653e-18	5.41230e-19
11657.70000	-2.53694e-20	5.27259e-19
11659.00000	-3.06907e-19	4.82874e-19
11660.30000	8.15761e-20	4.36755e-19
11661.60000	5.20227e-19	4.24871e-19
11662.90000	2.33920e-19	4.19937e-19
11664.20000	1.08995e-18	4.37327e-19
11665.50000	2.08200e-19	4.32184e-19
11666.80000	2.95699e-19	4.38536e-19
11668.10000	2.29995e-20	4.37356e-19
11669.40000	-1.08805e-19	4.75352e-19
11670.70000	-1.25879e-19	5.71861e-19
11672.00000	-4.84896e-20	6.58433e-19
11673.30000	-3.17700e-19	6.43498e-19
11674.70000	1.24080e-19	6.28598e-19
11676.00000	5.74271e-19	6.23214e-19
11677.30000	1.13796e-18	6.05309e-19
11678.60000	1.96011e-19	6.54635e-19
11679.90000	5.68621e-19	7.36225e-19
11681.20000	4.02060e-19	7.80058e-19
11682.50000	-4.30079e-21	7.79130e-19
11683.80000	-9.11180e-21	7.01153e-19
11685.10000	7.39865e-19	6.41576e-19
11686.40000	1.61794e-19	5.22375e-19
11687.70000	-4.08830e-19	4.18385e-19
11689.00000	1.94852e-19	4.04332e-19
11690.30000	5.90887e-19	4.25010e-19
11691.60000	-9.12965e-20	4.42167e-19
11692.90000	-4.89129e-19	5.86206e-19
11694.20000	-2.23037e-18	1.23529e-18
11695.50000	-1.25652e-18	1.80237e-18
11696.80000	1.55786e-18	1.84106e-18
11698.10000	-4.41978e-19	1.30221e-18
11699.40000	-1.99666e-19	7.00893e-19
11700.70000	1.12573e-19	4.43467e-19
11702.00000	-7.07888e-19	4.14952e-19
11703.30000	-5.34501e-19	4.08701e-19
11704.60000	-6.51216e-19	3.98943e-19
11705.90000	6.37027e-19	4.20515e-19
11707.20000	1.11976e-18	4.24776e-19
11708.50000	7.83204e-19	4.35469e-19
11709.80000	-3.99635e-20	4.39070e-19
11711.10000	6.06663e-19	4.91130e-19
11712.40000	-2.91981e-19	7.44615e-19
11713.70000	2.86881e-18	1.57420e-18
11715.00000	-1.97110e-18	2.44984e-18
11716.40000	-8.57048e-19	2.65326e-18
11717.70000	1.05775e-18	2.01724e-18
11719.00000	1.98585e-18	1.06051e-18
11720.30000	7.78941e-19	5.10993e-19
11721.60000	1.17046e-18	4.18596e-19
11722.90000	9.91255e-19	4.19527e-19
11724.20000	1.06165e-18	4.32457e-19
11725.50000	8.44542e-19	4.26637e-19
11726.80000	6.43866e-19	4.30643e-19
11728.10000	1.83850e-19	4.95347e-19
11729.40000	6.09206e-19	4.56506e-19
11730.70000	2.22578e-19	4.37709e-19
11732.00000	6.04189e-20	5.11971e-19
11733.30000	-3.99305e-19	4.20736e-19
11734.60000	1.06083e-18	4.11569e-19
11735.90000	-3.60297e-19	4.20961e-19
11737.20000	1.45018e-19	4.39819e-19
11738.50000	6.94312e-19	4.23440e-19
11739.80000	9.86791e-19	4.27465e-19
11741.10000	-3.23243e-19	4.27306e-19
11742.40000	-1.03922e-19	4.08339e-19
11743.70000	-1.40165e-19	4.19480e-19
11745.00000	-2.34887e-19	3.97094e-19
11746.30000	2.09450e-19	3.74780e-19
11747.60000	1.12521e-19	4.50265e-19
11748.90000	-1.81466e-19	5.43370e-19
11750.20000	5.57021e-19	4.50576e-19
11751.50000	-3.83621e-19	4.07019e-19
11752.80000	-5.30266e-19	4.14049e-19
11754.10000	3.69983e-19	4.19435e-19
11755.40000	3.93346e-19	4.73972e-19
11756.80000	-1.82471e-19	5.25965e-19
11758.10000	1.39793e-19	6.03674e-19
11759.40000	-6.65175e-19	5.27673e-19
11760.70000	-1.05548e-19	3.93675e-19
11762.00000	1.94556e-19	3.71244e-19
11763.30000	-4.76500e-20	3.81250e-19
11764.60000	4.61183e-19	3.74397e-19
11765.90000	2.60981e-19	3.98001e-19
11767.20000	5.14551e-19	5.00039e-19
11768.50000	-1.13442e-19	8.84238e-19
11769.80000	1.75104e-19	1.27753e-18
11771.10000	-6.59286e-19	1.37755e-18
11772.40000	7.06697e-20	1.08617e-18
11773.70000	4.95064e-19	7.31061e-19
11775.00000	-3.02068e-19	5.09221e-19
11776.30000	-2.20634e-19	4.42366e-19
11777.60000	6.40511e-19	4.14860e-19
11778.90000	1.30883e-18	4.47817e-19
11780.20000	8.59773e-19	4.81058e-19
11781.50000	8.68154e-19	5.70168e-19
11782.80000	4.71466e-19	6.32836e-19
11784.10000	3.00502e-19	7.09020e-19
11785.40000	-6.80844e-19	1.04053e-18
11786.70000	-4.96131e-20	1.62078e-18
11788.00000	5.87227e-19	1.79543e-18
11789.30000	1.70936e-18	1.47796e-18
11790.60000	1.24246e-18	9.83665e-19
11791.90000	-4.22746e-19	6.55854e-19
11793.20000	3.25676e-19	5.16090e-19
11794.50000	1.13201e-18	4.25269e-19
11795.80000	2.44276e-19	3.90080e-19
11797.10000	-1.76910e-19	3.81931e-19
11798.50000	7.40729e-20	4.00083e-19
11799.80000	-1.40204e-19	4.76860e-19
11801.10000	-5.11000e-19	5.19537e-19
11802.40000	3.64631e-20	3.93057e-19
11803.70000	9.29721e-19	3.84472e-19
11805.00000	1.13766e-18	4.47828e-19
11806.30000	-4.36780e-19	4.79410e-19
11807.60000	5.41453e-19	4.70762e-19
11808.90000	1.94043e-19	4.70836e-19
11810.20000	2.12123e-19	4.69496e-19
11811.50000	2.57264e-19	4.43283e-19
11812.80000	1.18224e-18	4.09771e-19
11814.10000	1.26195e-18	3.84317e-19
11815.40000	1.81767e-19	3.93031e-19
11816.70000	1.19899e-19	3.93562e-19
11818.00000	2.42772e-19	3.87991e-19
11819.30000	-1.39280e-19	3.98056e-19
11820.60000	4.20956e-19	3.89235e-19
11821.90000	-2.95496e-19	3.96462e-19
11823.20000	4.01788e-19	4.04992e-19
11824.50000	-4.78166e-19	3.78722e-19
11825.80000	3.05657e-20	3.72785e-19
11827.10000	8.42033e-19	3.74011e-19
11828.40000	4.05091e-19	3.72748e-19
11829.70000	-2.74039e-19	3.69632e-19
11831.00000	8.41749e-19	3.65292e-19
11832.30000	5.37594e-19	3.57839e-19
11833.60000	-1.73924e-19	3.51768e-19
11834.90000	-3.48307e-19	3.65302e-19
11836.20000	4.53913e-19	3.88584e-19
11837.50000	6.68768e-19	4.04475e-19
11838.90000	2.94837e-19	4.00473e-19
11840.20000	4.13338e-20	3.82601e-19
11841.50000	6.41487e-20	3.79921e-19
11842.80000	-6.25080e-20	3.75463e-19
11844.10000	-1.80898e-19	3.78721e-19
11845.40000	8.37414e-19	3.75602e-19
11846.70000	5.27068e-19	3.81247e-19
11848.00000	9.81290e-19	4.47739e-19
11849.30000	7.91788e-19	7.01287e-19
11850.60000	1.05114e-18	8.94694e-19
11851.90000	7.07648e-19	8.91446e-19
11853.20000	-7.39235e-19	6.91455e-19
11854.50000	5.05856e-19	4.71287e-19
11855.80000	5.89482e-19	3.75037e-19
11857.10000	2.74461e-19	3.81728e-19
11858.40000	-1.00001e-19	3.84421e-19
11859.70000	4.36965e-19	3.89944e-19
11861.00000	5.83031e-19	3.78478e-19
11862.30000	8.77088e-19	4.03805e-19
11863.60000	6.10670e-19	6.16417e-19
11864.90000	1.56569e-19	9.53222e-19
11866.20000	-1.58941e-18	1.13320e-18
11867.50000	4.21919e-20	1.06339e-18
11868.80000	1.39163e-18	7.83617e-19
11870.10000	1.04757e-18	5.76430e-19
11871.40000	7.44896e-19	5.03370e-19
11872.70000	1.49401e-19	4.54737e-19
11874.00000	2.40782e-19	4.01208e-19
11875.30000	2.64443e-19	3.85797e-19
11876.60000	1.49829e-19	3.92078e-19
11877.90000	4.37562e-19	3.98070e-19
11879.20000	7.58750e-19	3.99983e-19
11880.60000	1.64014e-19	4.03619e-19
11881.90000	5.12045e-19	3.77400e-19
11883.20000	1.34101e-18	3.71302e-19
11884.50000	5.39121e-19	3.73840e-19
11885.80000	3.31335e-19	4.35068e-19
11887.10000	3.99849e-20	4.76253e-19
11888.40000	8.10614e-19	4.80141e-19
11889.70000	1.35437e-19	4.44856e-19
11891.00000	-3.11825e-19	4.14564e-19
11892.30000	-8.95785e-20	3.88763e-19
11893.60000	-1.22314e-19	3.88457e-19
11894.90000	2.59229e-21	3.88713e-19
11896.20000	8.18066e-19	3.94078e-19
11897.50000	8.72368e-19	4.00775e-19
11898.80000	1.27475e-19	4.71025e-19
11900.10000	-7.45748e-20	5.35298e-19
11901.40000	-8.96548e-19	5.53996e-19
11902.70000	-5.69700e-19	5.08837e-19
11904.00000	-4.41351e-19	5.04660e-19
11905.30000	-9.06300e-20	5.30521e-19
11906.60000	4.86901e-19	5.56809e-19
11907.90000	2.31442e-19	5.58997e-19
11909.20000	-3.14941e-19	5.39979e-19
11910.50000	-4.21928e-19	5.20300e-19
11911.80000	3.55829e-19	4.77123e-19
11913.10000	4.91447e-19	4.67482e-19
11914.40000	5.97383e-19	5.00196e-19
11915.70000	-1.37709e-19	5.10485e-19
11917.00000	2.42754e-20	4.76015e-19
11918.30000	9.47183e-19	4.28334e-19
11919.60000	7.58380e-19	4.15448e-19
11921.00000	5.27762e-19	4.12277e-19
11922.30000	5.10069e-20	3.82712e-19
11923.60000	-6.63382e-19	3.54319e-19
11924.90000	-1.58333e-20	3.51200e-19
11926.20000	1.59108e-19	3.40892e-19
11927.50000	7.18142e-19	3.33932e-19
11928.80000	2.35954e-20	3.34919e-19
11930.10000	1.96656e-19	3.40350e-19
11931.40000	-4.38328e-19	3.67584e-19
11932.70000	1.43829e-19	4.28942e-19
11934.00000	3.29675e-19	4.63393e-19
11935.30000	5.95204e-19	5.20231e-19
11936.60000	5.26222e-19	6.40535e-19
11937.90000	1.64674e-19	7.14362e-19
11939.20000	7.96793e-20	6.58910e-19
11940.50000	1.16050e-18	4.90934e-19
11941.80000	3.26620e-19	3.56619e-19
11943.10000	2.40550e-19	3.22447e-19
11944.40000	-2.52049e-19	3.36246e-19
11945.70000	-8.45545e-21	3.37070e-19
11947.00000	3.65859e-19	3.44911e-19
11948.30000	3.93146e-19	4.28005e-19
11949.60000	-6.72829e-20	6.26559e-19
11950.90000	4.18593e-19	7.80097e-19
11952.20000	1.26261e-18	7.64590e-19
11953.50000	8.05107e-19	6.10499e-19
11954.80000	6.85089e-19	4.93409e-19
11956.10000	5.68311e-19	4.36514e-19
11957.40000	5.12314e-19	3.52309e-19
11958.70000	-2.49671e-19	3.55336e-19
11960.00000	4.96965e-19	3.47731e-19
11961.30000	1.39434e-19	3.59053e-19
11962.70000	1.74653e-19	3.72501e-19
11964.00000	6.93428e-19	3.93575e-19
11965.30000	2.72121e-19	5.39106e-19
11966.60000	1.23687e-18	9.46110e-19
11967.90000	1.51740e-18	1.26634e-18
11969.20000	2.71700e-19	1.35101e-18
11970.50000	7.41227e-19	1.14958e-18
11971.80000	8.12511e-19	1.16444e-18
11973.10000	1.81128e-18	1.35815e-18
11974.40000	5.95179e-19	1.58057e-18
11975.70000	-6.80687e-19	1.50156e-18
11977.00000	2.34674e-19	1.15302e-18
11978.30000	-3.21337e-19	7.10014e-19
11979.60000	-1.38741e-19	5.32659e-19
11980.90000	2.57435e-19	7.06815e-19
11982.20000	-1.23641e-19	1.16585e-18
11983.50000	-3.78050e-19	1.26641e-18
11984.80000	1.37064e-20	1.23945e-18
11986.10000	-3.52747e-19	1.54209e-18
11987.40000	2.21802e-19	1.96428e-18
11988.70000	1.65259e-18	2.10144e-18
11990.00000	5.47029e-19	1.66708e-18
11991.30000	-1.85530e-18	8.23658e-19
11992.60000	-4.84754e-19	4.42470e-19
11993.90000	-8.24901e-20	3.73182e-19
11995.20000	-6.77504e-20	3.69034e-19
11996.50000	3.83791e-19	4.60076e-19
11997.80000	5.17294e-19	9.63089e-19
11999.10000	-1.23723e-19	1.86099e-18
12000.40000	3.26575e-19	1.68672e-18
12001.70000	8.63449e-19	1.30300e-18
12003.10000	9.64553e-19	1.04480e-18
12004.40000	1.63917e-19	1.31815e-18
12005.70000	2.79231e-19	2.26094e-18
12007.00000	1.80214e-18	2.63782e-18
12008.30000	3.95680e-19	2.19374e-18
12009.60000	-1.00168e-18	1.10276e-18
12010.90000	9.13094e-19	5.00798e-19
12012.20000	3.23955e-19	4.06420e-19
12013.50000	-1.78209e-19	4.18450e-19
12014.80000	6.95658e-19	4.25467e-19
12016.10000	-3.05087e-19	3.95536e-19
12017.40000	8.67546e-20	3.60697e-19
12018.70000	4.96398e-19	3.61700e-19
12020.00000	-2.00103e-19	3.95106e-19
12021.30000	-1.39165e-19	6.41475e-19
12022.60000	1.64004e-18	1.38706e-18
12023.90000	2.04106e-18	1.74150e-18
12025.20000	1.77351e-18	1.71368e-18
12026.50000	1.68629e-18	1.33345e-18
12027.80000	5.34702e-19	1.35424e-18
12029.10000	1.66811e-18	2.24605e-18
12030.40000	1.23729e-18	2.83839e-18
12031.70000	1.18172e-18	2.59290e-18
12033.00000	1.25514e-18	1.60895e-18
12034.30000	7.82250e-19	8.67089e-19
12035.60000	-5.20303e-19	7.30540e-19
12036.90000	1.60960e-19	4.73303e-19
12038.20000	4.74511e-19	3.93977e-19
12039.50000	7.64545e-19	3.95770e-19
12040.80000	3.38933e-19	5.13437e-19
12042.10000	4.57515e-19	7.37576e-19
12043.40000	4.51272e-19	7.05065e-19
12044.80000	-1.26974e-19	6.41501e-19
12046.10000	1.11045e-19	5.04791e-19
12047.40000	6.38242e-19	3.98934e-19
12048.70000	4.11344e-20	3.62166e-19
12050.00000	6.13101e-19	3.62387e-19
12051.30000	-7.32491e-19	3.93597e-19
12052.60000	3.91261e-19	5.54731e-19
12053.90000	-7.05511e-19	1.19941e-18
12055.20000	6.67615e-19	1.62882e-18
12056.50000	1.89926e-18	1.63375e-18
12057.80000	1.75986e-18	1.24946e-18
12059.10000	5.61556e-20	8.25652e-19
12060.40000	-1.13728e-19	6.12049e-19
12061.70000	1.11943e-18	4.90544e-19
12063.00000	1.13255e-18	4.87547e-19
12064.30000	6.06675e-19	4.83446e-19
12065.60000	-1.80219e-19	4.68702e-19
12066.90000	-7.28734e-19	4.58306e-19
12068.20000	-5.04594e-19	4.30143e-19
12069.50000	1.23665e-19	3.90225e-19
12070.80000	-4.42096e-19	3.91540e-19
12072.10000	6.04110e-19	3.77196e-19
12073.40000	2.27586e-19	3.47672e-19
12074.70000	-1.09990e-20	3.25371e-19
12076.00000	6.01460e-19	3.67301e-19
12077.30000	7.59740e-20	3.69284e-19
12078.60000	-2.69503e-19	3.43797e-19
12079.90000	1.30846e-19	3.42312e-19
12081.20000	4.91902e-19	3.66429e-19
12082.50000	2.00932e-19	3.75965e-19
12083.80000	1.72101e-19	3.65769e-19
12085.20000	6.64392e-19	3.53585e-19
12086.50000	8.11982e-19	3.46135e-19
12087.80000	2.33385e-19	3.30287e-19
12089.10000	-4.84151e-20	3.30808e-19
12090.40000	4.80093e-19	3.33926e-19
12091.70000	9.56798e-19	3.39156e-19
12093.00000	-9.53239e-20	3.58612e-19
12094.30000	2.12831e-19	4.29791e-19
12095.60000	7.96681e-19	5.60332e-19
12096.90000	3.37109e-19	6.06324e-19
12098.20000	4.62684e-19	5.64403e-19
12099.50000	-6.56842e-20	4.46448e-19
12100.80000	3.29507e-19	3.75766e-19
12102.10000	2.55409e-19	3.48906e-19
12103.40000	9.08685e-19	3.35956e-19
12104.70000	2.89318e-19	3.21815e-19
12106.00000	1.71383e-20	3.13757e-19
12107.30000	9.97833e-19	3.18968e-19
12108.60000	1.46029e-19	3.37239e-19
12109.90000	8.78556e-19	3.36629e-19
12111.20000	-1.32169e-19	3.33354e-19
12112.50000	1.83853e-19	3.45257e-19
12113.80000	1.99946e-19	3.56494e-19
12115.10000	1.20610e-19	3.61285e-19
12116.40000	1.12036e-18	4.20672e-19
12117.70000	-8.77888e-19	7.10585e-19
12119.00000	1.42941e-18	1.39119e-18
12120.30000	1.54350e-18	2.64819e-18
12121.60000	-4.43173e-20	3.93637e-18
12122.90000	-4.59965e-18	4.01446e-18
12124.20000	-3.27455e-20	2.87878e-18
12125.50000	-1.67610e-18	1.09262e-18
12126.90000	4.39634e-19	5.13788e-19
12128.20000	8.21806e-19	5.21110e-19
12129.50000	6.73882e-19	7.73144e-19
12130.80000	-3.40161e-19	9.49268e-19
12132.10000	-1.27257e-18	1.00243e-18
12133.40000	-5.40502e-19	1.39728e-18
12134.70000	9.07736e-21	2.37529e-18
12136.00000	3.57769e-19	2.51835e-18
12137.30000	2.82871e-18	1.95274e-18
12138.60000	1.22130e-18	9.83661e-19
12139.90000	6.10821e-19	7.09175e-19
12141.20000	7.94265e-19	7.14953e-19
12142.50000	2.34343e-20	8.64201e-19
12143.80000	4.79572e-19	7.84531e-19
12145.10000	8.47009e-19	6.06974e-19
12146.40000	6.27029e-19	5.47618e-19
12147.70000	1.82797e-18	5.94269e-19
12149.00000	8.30776e-19	5.99830e-19
12150.30000	2.35426e-19	5.23190e-19
12151.60000	-1.19764e-18	5.89162e-19
12152.90000	-4.19213e-19	1.03720e-18
12154.20000	2.84835e-19	1.43357e-18
12155.50000	-1.66115e-19	1.41753e-18
12156.80000	-1.87041e-19	1.06126e-18
12158.10000	7.25952e-19	7.13112e-19
12159.40000	7.57058e-19	4.90684e-19
12160.70000	7.68114e-19	4.85579e-19
12162.00000	2.37902e-19	5.67097e-19
12163.30000	-4.43651e-20	5.21631e-19
12164.60000	1.61434e-19	4.72040e-19
12165.90000	-1.35873e-19	4.40777e-19
12167.20000	-5.82868e-20	4.32805e-19
12168.60000	4.76990e-19	4.02910e-19
12169.90000	6.34893e-19	3.68796e-19
12171.20000	7.90981e-19	3.96884e-19
12172.50000	-1.68434e-20	4.70994e-19
12173.80000	2.30612e-19	4.26246e-19
12175.10000	4.07517e-19	3.69563e-19
12176.40000	9.68694e-19	4.14748e-19
12177.70000	6.22461e-19	6.22271e-19
12179.00000	1.84251e-19	8.10342e-19
12180.30000	4.31438e-20	8.38291e-19
12181.60000	-1.41298e-19	6.82569e-19
12182.90000	-1.40770e-19	4.52086e-19
12184.20000	-1.36104e-19	3.43865e-19
12185.50000	-5.62783e-19	3.19286e-19
12186.80000	1.39747e-19	3.34087e-19
12188.10000	8.64933e-19	3.50524e-19
12189.40000	5.53184e-19	3.46775e-19
12190.70000	2.15370e-20	3.54515e-19
12192.00000	2.81735e-19	3.95543e-19
12193.30000	-1.01414e-18	7.03183e-19
12194.60000	2.40820e-19	1.67184e-18
12195.90000	1.02047e-18	1.95811e-18
12197.20000	1.70785e-18	1.79105e-18
12198.50000	-1.85486e-19	1.03374e-18
12199.80000	6.25003e-19	4.69491e-19
12201.10000	3.43894e-19	3.41801e-19
12202.40000	6.92356e-19	3.49781e-19
12203.70000	6.43323e-19	3.63553e-19
12205.00000	-3.56502e-19	3.58556e-19
12206.30000	8.28687e-20	3.46927e-19
12207.60000	4.87834e-19	3.85318e-19
12209.00000	8.45849e-19	4.53744e-19
12210.30000	-4.54893e-21	5.08998e-19
12211.60000	-2.77728e-20	5.05784e-19
12212.90000	-5.58781e-20	4.47252e-19
12214.20000	4.97070e-19	3.92336e-19
12215.50000	5.52117e-19	3.42892e-19
12216.80000	-1.64386e-19	3.38087e-19
12218.10000	4.66600e-20	3.36592e-19
12219.40000	1.41539e-19	3.36496e-19
12220.70000	5.48969e-19	3.60185e-19
12222.00000	-2.58905e-19	3.84900e-19
12223.30000	-2.57880e-19	4.09380e-19
12224.60000	-1.12614e-19	4.54786e-19
12225.90000	1.68378e-18	7.28679e-19
12227.20000	1.64170e-18	2.19104e-18
12228.50000	-3.19535e-19	3.26427e-18
12229.80000	-3.48273e-19	3.22238e-18
12231.10000	4.63747e-19	2.11543e-18
12232.40000	-5.83340e-19	7.50784e-19
12233.70000	8.24699e-19	4.12619e-19
12235.00000	-5.52527e-20	3.77470e-19
12236.30000	-2.35737e-19	4.19947e-19
12237.60000	8.12370e-19	5.28006e-19
12238.90000	4.48089e-19	6.15664e-19
12240.20000	5.12934e-19	5.97077e-19
12241.50000	9.40803e-19	4.85072e-19
12242.80000	-8.45682e-20	3.81009e-19
12244.10000	2.93444e-19	3.51365e-19
12245.40000	-9.13480e-20	3.97549e-19
12246.70000	-1.46065e-19	5.06477e-19
12248.00000	1.40593e-19	6.03732e-19
12249.30000	7.68544e-20	6.55852e-19
12250.70000	-5.99781e-21	6.04123e-19
12252.00000	2.31966e-19	5.13398e-19
12253.30000	1.15017e-18	4.72846e-19
12254.60000	1.44573e-18	6.83524e-19
12255.90000	-1.47744e-18	1.57919e-18
12257.20000	-2.29525e-18	2.14744e-18
12258.50000	8.85616e-19	2.03098e-18
12259.80000	-4.90362e-20	1.20867e-18
12261.10000	6.48987e-19	5.03360e-19
12262.40000	7.26477e-19	3.36387e-19
12263.70000	2.23514e-19	3.15660e-19
12265.00000	4.68295e-19	3.06571e-19
12266.30000	-7.67591e-20	2.99474e-19
12267.60000	9.50681e-19	3.12486e-19
12268.90000	1.31894e-19	3.11312e-19
12270.20000	2.39511e-19	3.06066e-19
12271.50000	1.31707e-19	3.15591e-19
12272.80000	-2.25673e-19	3.06524e-19
12274.10000	1.99567e-19	2.96531e-19
12275.40000	8.10587e-19	3.03810e-19
12276.70000	-4.61038e-20	3.08077e-19
12278.00000	-1.43219e-20	3.12414e-19
12279.30000	1.99848e-19	3.22030e-19
12280.60000	7.17594e-19	3.36576e-19
12281.90000	-7.74688e-20	3.78008e-19
12283.20000	5.77236e-19	5.54599e-19
12284.50000	-1.52803e-18	1.58280e-18
12285.80000	6.78116e-19	3.16213e-18
12287.10000	3.03588e-18	3.50487e-18
12288.40000	-4.41481e-19	2.65109e-18
12289.70000	1.32892e-18	1.05539e-18
12291.10000	9.52118e-19	4.92486e-19
12292.40000	3.44645e-19	4.21348e-19
12293.70000	2.92686e-19	4.53404e-19
12295.00000	1.06563e-19	4.16217e-19
12296.30000	7.03833e-20	4.54156e-19
12297.60000	3.68308e-19	5.03381e-19
12298.90000	8.60208e-19	5.04220e-19
12300.20000	7.03871e-19	4.69208e-19
12301.50000	7.62118e-19	4.65605e-19
12302.80000	1.26204e-18	4.91233e-19
12304.10000	6.54812e-20	4.69484e-19
12305.40000	2.70802e-20	4.40320e-19
12306.70000	-9.35694e-20	4.26929e-19
12308.00000	3.43000e-19	4.18549e-19
12309.30000	9.56506e-19	3.85286e-19
12310.60000	9.77950e-19	3.38730e-19
12311.90000	4.29556e-20	3.78964e-19
12313.20000	1.06597e-19	4.71302e-19
12314.50000	1.92719e-19	5.13303e-19
12315.80000	-6.06512e-19	4.72899e-19
12317.10000	-7.47088e-19	3.64150e-19
12318.40000	-1.07675e-19	3.04656e-19
12319.70000	2.33031e-19	3.06690e-19
12321.00000	6.72200e-19	3.26014e-19
12322.30000	4.84050e-19	4.69810e-19
12323.60000	-6.08590e-19	1.13734e-18
12324.90000	-1.51903e-18	1.87484e-18
12326.20000	4.05758e-19	1.98960e-18
12327.50000	2.33252e-19	1.40622e-18
12328.80000	1.71411e-19	5.95051e-19
12330.10000	7.01204e-19	3.54211e-19
12331.40000	5.21383e-19	3.19374e-19
12332.80000	4.80175e-19	2.99544e-19
12334.10000	-3.15429e-20	3.00145e-19
12335.40000	2.79685e-19	3.01584e-19
12336.70000	-4.75279e-20	3.00690e-19
12338.00000	8.69996e-20	3.05953e-19
12339.30000	3.65383e-19	3.03878e-19
12340.60000	-2.58564e-19	3.00616e-19
12341.90000	-2.04038e-19	2.99435e-19
12343.20000	4.01026e-20	3.01878e-19
12344.50000	2.15679e-20	3.20489e-19
12345.80000	-5.66528e-19	3.48440e-19
12347.10000	8.70703e-20	4.14572e-19
12348.40000	2.58549e-20	7.49141e-19
12349.70000	-7.26793e-20	2.05577e-18
12351.00000	-4.03738e-19	2.92643e-18
12352.30000	1.44833e-18	2.87078e-18
12353.60000	2.12941e-18	1.78631e-18
12354.90000	5.34882e-19	8.08934e-19
12356.20000	-1.89558e-19	5.06685e-19
12357.50000	3.48340e-19	3.85189e-19
12358.80000	5.16677e-19	3.44318e-19
12360.10000	9.98675e-19	4.18436e-19
12361.40000	-3.28300e-19	5.26847e-19
12362.70000	3.35128e-19	5.79688e-19
12364.00000	4.05660e-19	5.64682e-19
12365.30000	3.82495e-19	4.90673e-19
12366.60000	7.45769e-19	3.85030e-19
12367.90000	2.26518e-19	3.14937e-19
12369.20000	-4.05023e-20	2.84903e-19
12370.50000	4.54654e-19	2.84229e-19
12371.80000	5.89164e-19	2.89633e-19
12373.20000	4.10156e-19	2.99935e-19
12374.50000	2.73701e-20	2.97280e-19
12375.80000	-2.66319e-19	3.22601e-19
12377.10000	5.76874e-20	3.31576e-19
12378.40000	7.77219e-19	3.25680e-19
12379.70000	6.18851e-20	3.47340e-19
12381.00000	-1.76896e-20	3.18912e-19
12382.30000	1.96114e-19	2.98997e-19
12383.60000	3.21721e-19	3.52247e-19
12384.90000	2.43258e-20	3.59978e-19
12386.20000	-3.20524e-20	3.05998e-19
12387.50000	-7.67257e-20	3.48910e-19
12388.80000	4.17413e-19	3.38914e-19
12390.10000	5.12167e-19	3.67176e-19
12391.40000	9.37070e-19	4.80833e-19
12392.70000	8.70015e-19	5.66050e-19
12394.00000	5.47985e-19	5.58306e-19
12395.30000	4.05876e-19	4.56151e-19
12396.60000	-1.70216e-20	3.90993e-19
12397.90000	-3.03328e-19	5.64682e-19
12399.20000	-1.43941e-19	1.23506e-18
12400.50000	-1.63634e-18	1.67125e-18
12401.80000	-1.58068e-18	1.52075e-18
12403.10000	-7.97394e-19	8.10838e-19
12404.40000	-1.98366e-19	4.10058e-19
12405.70000	-5.41124e-20	3.20046e-19
12407.00000	-2.86872e-19	3.24586e-19
12408.30000	2.03352e-19	3.17998e-19
12409.60000	8.47666e-20	3.04190e-19
12410.90000	2.02933e-19	2.89204e-19
12412.20000	8.52515e-19	2.90468e-19
12413.50000	7.39644e-19	2.90170e-19
12414.90000	8.23433e-19	3.07224e-19
12416.20000	8.77255e-19	3.01909e-19
12417.50000	3.62147e-19	3.05929e-19
12418.80000	4.94134e-19	3.39416e-19
12420.10000	-2.12119e-19	5.76547e-19
12421.40000	1.95748e-18	1.69797e-18
12422.70000	5.02448e-19	2.24887e-18
12424.00000	-1.32123e-18	2.13104e-18
12425.30000	-2.05103e-18	1.43121e-18
12426.60000	-1.06080e-19	7.38689e-19
12427.90000	-4.77922e-19	6.17574e-19
12429.20000	-3.12079e-19	4.51711e-19
12430.50000	2.91578e-20	3.29062e-19
12431.80000	2.59374e-19	2.98364e-19
12433.10000	5.71138e-19	3.00112e-19
12434.40000	-6.36711e-20	3.00680e-19
12435.70000	3.55614e-19	2.98961e-19
12437.00000	4.14253e-19	3.05980e-19
12438.30000	-2.94316e-19	2.98246e-19
12439.60000	2.72842e-19	2.98106e-19
12440.90000	5.14716e-19	3.60083e-19
12442.20000	8.14004e-19	3.21767e-19
12443.50000	2.33257e-19	2.80629e-19
12444.80000	-3.78656e-20	2.90672e-19
12446.10000	5.83450e-19	3.60285e-19
12447.40000	-2.31000e-20	4.24478e-19
12448.70000	-5.99353e-21	4.46046e-19
12450.00000	-1.60357e-19	4.73542e-19
12451.30000	8.80483e-19	4.88718e-19
12452.60000	1.01583e-18	4.88241e-19
12453.90000	8.71261e-19	4.33614e-19
12455.30000	3.89994e-19	3.97985e-19
12456.60000	1.80424e-19	4.04039e-19
12457.90000	-1.67453e-19	3.99840e-19
12459.20000	1.25073e-18	3.58340e-19
12460.50000	8.74803e-19	3.24323e-19
12461.80000	1.09646e-18	3.55560e-19
12463.10000	2.24765e-19	3.15608e-19
12464.40000	-9.97882e-20	3.05216e-19
12465.70000	2.13677e-20	3.49562e-19
12467.00000	1.63200e-19	3.86312e-19
12468.30000	2.46395e-19	3.21640e-19
12469.60000	5.08161e-19	3.01822e-19
12470.90000	4.12972e-19	3.17078e-19
12472.20000	6.12941e-19	3.84810e-19
12473.50000	-6.42001e-19	4.73650e-19
12474.80000	-8.64975e-20	5.48961e-19
12476.10000	-2.58686e-20	5.68039e-19
12477.40000	-3.48546e-19	5.39066e-19
12478.70000	-1.33672e-19	5.01358e-19
12480.00000	2.90897e-19	6.57209e-19
12481.30000	-3.12267e-19	1.06202e-18
12482.60000	1.11915e-18	1.25466e-18
12483.90000	1.29687e-19	1.10350e-18
12485.20000	1.05113e-18	7.41269e-19
12486.50000	3.77310e-19	5.56678e-19
12487.80000	6.00217e-19	4.84980e-19
12489.10000	3.14375e-19	4.09970e-19
12490.40000	9.86698e-19	3.29645e-19
12491.70000	2.65328e-19	2.99936e-19
12493.00000	-4.65472e-21	3.29446e-19
12494.30000	3.59502e-19	4.22912e-19
12495.60000	-5.22394e-20	5.02552e-19
12497.00000	-1.48126e-19	4.87757e-19
12498.30000	3.72605e-19	4.44327e-19
12499.60000	8.44227e-19	6.70460e-19
12500.90000	1.72107e-18	1.33085e-18
12502.20000	5.73612e-19	1.67144e-18
12503.50000	1.52586e-18	1.38056e-18
12504.80000	9.20896e-19	8.08843e-19
12506.10000	-8.40280e-20	4.05643e-19
12507.40000	3.64974e-19	3.20195e-19
12508.70000	1.87156e-20	4.04217e-19
12510.00000	7.32000e-19	6.36515e-19
12511.30000	-2.77602e-19	6.33401e-19
12512.60000	6.07297e-19	5.08407e-19
12513.90000	1.07107e-18	3.70575e-19
12515.20000	5.44514e-19	3.32051e-19
12516.50000	2.97959e-19	3.45358e-19
12517.80000	6.04316e-20	3.31400e-19
12519.10000	3.81254e-19	3.14157e-19
12520.40000	1.96080e-19	3.02713e-19
12521.70000	5.72630e-19	3.13778e-19
12523.00000	7.07247e-19	3.56036e-19
12524.30000	6.33437e-19	5.55384e-19
12525.60000	-3.84680e-19	7.48606e-19
12526.90000	-1.20921e-18	7.30796e-19
12528.20000	-1.96151e-19	5.42233e-19
12529.50000	-3.11418e-19	3.86833e-19
12530.80000	-3.78947e-19	3.64206e-19
12532.10000	-3.65211e-19	3.60566e-19
12533.40000	5.72043e-20	3.26499e-19
12534.70000	2.89419e-19	3.17103e-19
12536.00000	1.34602e-19	3.32617e-19
12537.40000	5.25938e-19	3.50408e-19
12538.70000	4.80149e-19	3.74773e-19
12540.00000	-3.85967e-19	5.63138e-19
12541.30000	4.50625e-19	7.92693e-19
12542.60000	-8.74326e-21	8.08161e-19
12543.90000	-3.57213e-20	6.13940e-19
12545.20000	3.84035e-20	4.03047e-19
12546.50000	3.21177e-19	3.49845e-19
12547.80000	2.33772e-19	3.44512e-19
12549.10000	6.63868e-20	4.19832e-19
12550.40000	2.89976e-19	3.47282e-19
12551.70000	3.55166e-19	3.35322e-19
12553.00000	-3.27869e-19	3.34215e-19
12554.30000	-1.04724e-19	3.47151e-19
12555.60000	4.31282e-19	4.94609e-19
12556.90000	8.30540e-19	7.60311e-19
12558.20000	9.04889e-19	8.39341e-19
12559.50000	7.51888e-19	6.95594e-19
12560.80000	5.76518e-21	4.34678e-19
12562.10000	9.13433e-20	3.50932e-19
12563.40000	1.07433e-18	3.38568e-19
12564.70000	3.59820e-19	3.23618e-19
12566.00000	2.52863e-19	3.17297e-19
12567.30000	3.73616e-19	4.37145e-19
12568.60000	9.33599e-19	4.83905e-19
12569.90000	5.30193e-19	7.82933e-19
12571.20000	3.65706e-19	1.00166e-18
12572.50000	5.53132e-20	1.10162e-18
12573.80000	-1.80712e-19	1.01958e-18
12575.10000	-1.54869e-19	8.58793e-19
12576.40000	1.41549e-19	5.82519e-19
12577.70000	-6.98547e-20	4.04117e-19
12579.10000	7.12463e-19	3.86657e-19
12580.40000	4.08923e-19	3.81189e-19
12581.70000	4.40781e-20	3.88158e-19
12583.00000	3.02625e-20	3.95100e-19
12584.30000	1.54180e-19	4.21438e-19
12585.60000	2.53070e-19	5.38385e-19
12586.90000	-4.56733e-19	8.27782e-19
12588.20000	4.74647e-20	1.13274e-18
12589.50000	1.41774e-18	1.29172e-18
12590.80000	-1.16283e-19	1.18875e-18
12592.10000	-4.64251e-20	9.29111e-19
12593.40000	4.56950e-19	6.87435e-19
12594.70000	-1.32007e-18	6.28051e-19
12596.00000	-1.12176e-19	6.45605e-19
12597.30000	-3.98098e-19	7.19218e-19
12598.60000	-1.26888e-19	7.19542e-19
12599.90000	3.20262e-19	7.38311e-19
12601.20000	-4.15181e-19	7.37508e-19
12602.50000	-5.74247e-19	8.22735e-19
12603.80000	1.48716e-19	9.02145e-19
12605.10000	-1.13277e-18	1.12033e-18
12606.40000	3.44670e-19	1.27868e-18
12607.70000	1.20062e-19	1.25526e-18
12609.00000	1.01015e-18	1.26862e-18
12610.30000	1.70000e-18	1.17006e-18
12611.60000	-1.33171e-19	1.10584e-18
12612.90000	2.30090e-20	1.11858e-18
12614.20000	1.48875e-18	1.09806e-18
12615.50000	1.42398e-18	1.09186e-18
12616.80000	5.65122e-19	1.08428e-18
12618.10000	-2.71152e-19	1.04230e-18
12619.50000	8.64771e-19	1.01881e-18
12620.80000	6.85546e-19	9.63828e-19
12622.10000	-3.92832e-19	9.50483e-19
12623.40000	9.85430e-19	1.06384e-18
12624.70000	1.39320e-18	1.16148e-18
12626.00000	8.48644e-19	1.17418e-18
12627.30000	3.41019e-19	1.02927e-18
12628.60000	8.66746e-19	8.61068e-19
12629.90000	1.04686e-19	7.90501e-19
12631.20000	-3.92658e-20	7.69386e-19
12632.50000	5.43492e-19	8.00024e-19
12633.80000	6.60875e-19	8.35493e-19
12635.10000	1.74807e-21	7.83838e-19
12636.40000	-2.40485e-19	7.05873e-19
12637.70000	-6.82481e-19	6.45929e-19
12639.00000	-8.90718e-21	6.96497e-19
12640.30000	2.09741e-19	8.71397e-19
12641.60000	1.48728e-18	1.09316e-18
12642.90000	1.12103e-18	1.11521e-18
12644.20000	4.15091e-19	9.27791e-19
12645.50000	2.16026e-19	6.56918e-19
12646.80000	2.79659e-19	6.49635e-19
12648.10000	8.42427e-19	7.22596e-19
12649.40000	4.94611e-19	7.49501e-19
12650.70000	5.38157e-19	6.77012e-19
12652.00000	9.13564e-19	5.95728e-19
12653.30000	3.06250e-19	5.30801e-19
12654.60000	8.11457e-19	6.01524e-19
12655.90000	1.13560e-18	7.65343e-19
12657.20000	9.17597e-19	8.56556e-19
12658.50000	1.56041e-18	1.00995e-18
12659.80000	-1.18163e-18	1.17165e-18
12661.20000	-9.28520e-19	1.15512e-18
12662.50000	-1.55584e-19	9.46200e-19
12663.80000	2.73206e-20	9.15936e-19
12665.10000	-1.53448e-19	1.05784e-18
12666.40000	-5.03270e-19	1.17398e-18
12667.70000	1.69591e-18	1.06669e-18
12669.00000	1.73072e-18	8.75271e-19
12670.30000	8.26067e-19	6.69892e-19
12671.60000	4.98830e-19	7.03396e-19
12672.90000	1.19733e-18	1.11469e-18
12674.20000	6.20596e-19	1.33261e-18
12675.50000	1.12755e-18	1.27064e-18
12676.80000	-4.65273e-19	9.20402e-19
12678.10000	-1.00221e-18	6.82328e-19
12679.40000	-7.02572e-19	6.16773e-19
12680.70000	7.57297e-20	8.80537e-19
12682.00000	1.75927e-18	1.74501e-18
12683.30000	-8.81870e-19	2.70123e-18
12684.60000	1.68457e-18	3.34941e-18
12685.90000	2.15123e-18	3.50372e-18
12687.20000	-1.25260e-18	3.30557e-18
12688.50000	4.55500e-18	2.98497e-18
12689.80000	5.15239e-18	2.76962e-18
12691.10000	2.18180e-18	2.54615e-18
12692.40000	-1.49096e-18	2.35147e-18
12693.70000	-1.54747e-18	2.53105e-18
12695.00000	6.28641e-19	2.33280e-18
12696.30000	3.20502e-19	2.28017e-18
12697.60000	-2.83489e-19	2.20465e-18
12698.90000	6.46470e-19	2.05627e-18
12700.20000	-5.03761e-19	1.84122e-18
12701.50000	7.97127e-19	1.57576e-18
12702.90000	6.03621e-19	1.22795e-18
12704.20000	-1.24992e-18	1.02790e-18
12705.50000	-1.65444e-18	1.18971e-18
12706.80000	-1.24739e-18	1.27430e-18
12708.10000	-1.42544e-19	1.43066e-18
12709.40000	-2.14360e-19	1.53345e-18
12710.70000	1.06027e-20	1.37070e-18
12712.00000	-2.37339e-19	1.02864e-18
12713.30000	-3.29823e-19	6.30775e-19
12714.60000	2.25303e-19	6.53875e-19
12715.90000	1.40433e-19	9.13673e-19
12717.20000	4.48745e-19	1.06136e-18
12718.50000	4.81027e-19	1.25925e-18
12719.80000	-2.41875e-19	1.29653e-18
12721.10000	-4.37190e-19	1.15607e-18
12722.40000	4.78476e-19	9.07867e-19
12723.70000	6.95787e-19	1.06110e-18
12725.00000	-4.45475e-19	1.34750e-18
12726.30000	-1.31703e-18	1.43328e-18
12727.60000	-1.65720e-19	1.24467e-18
12728.90000	3.18598e-19	1.21610e-18
12730.20000	1.02040e-18	1.19097e-18
12731.50000	8.53127e-19	1.05360e-18
12732.80000	1.18678e-19	6.63708e-19
12734.10000	8.20694e-19	4.76638e-19
12735.40000	7.20550e-19	6.28756e-19
12736.70000	2.68588e-19	1.11951e-18
12738.00000	3.25453e-19	1.17038e-18
12739.30000	9.07210e-19	1.31989e-18
12740.60000	5.68915e-19	1.30949e-18
12741.90000	4.28529e-19	1.33371e-18
12743.30000	6.06011e-19	1.46757e-18
12744.60000	-3.67542e-19	1.52920e-18
12745.90000	4.86294e-19	1.57172e-18
12747.20000	6.54874e-19	1.63352e-18
12748.50000	1.39699e-18	1.74096e-18
12749.80000	7.32932e-19	1.87497e-18
12751.10000	3.71167e-19	2.39117e-18
12752.40000	7.89032e-19	2.44415e-18
12753.70000	-1.04588e-18	2.12187e-18
12755.00000	8.74193e-20	1.15021e-18
12756.30000	6.98404e-19	7.25736e-19
12757.60000	1.14749e-18	9.48516e-19
12758.90000	1.62931e-18	1.52537e-18
12760.20000	4.59126e-19	1.88563e-18
12761.50000	-2.05885e-18	2.15996e-18
12762.80000	-1.18101e-19	2.59438e-18
12764.10000	-9.27051e-19	3.15654e-18
12765.40000	-1.66021e-18	2.31886e-18
12766.70000	5.47041e-19	1.16541e-18
12768.00000	1.76140e-19	6.58197e-19
12769.30000	6.14182e-19	9.46817e-19
12770.60000	-7.05786e-19	1.33603e-18
12771.90000	3.81528e-19	1.49635e-18
12773.20000	-2.72010e-19	1.50852e-18
12774.50000	-3.27029e-19	1.56938e-18
12775.80000	-3.86552e-18	1.77521e-18
12777.10000	-2.20641e-19	1.67927e-18
12778.40000	4.02315e-19	1.36357e-18
12779.70000	9.86372e-19	1.26303e-18
12781.00000	-1.30161e-18	2.17355e-18
12782.30000	1.85460e-18	2.93478e-18
12783.60000	-6.73601e-19	2.94118e-18
12785.00000	-5.00367e-19	2.22671e-18
12786.30000	6.27766e-19	1.49241e-18
12787.60000	1.28441e-18	9.46685e-19
12788.90000	5.51138e-20	5.00480e-19
12790.20000	-2.68539e-19	3.55211e-19
12791.50000	4.14256e-19	3.80311e-19
12792.80000	1.03595e-18	6.23776e-19
12794.10000	1.24045e-18	8.82089e-19
12795.40000	1.80592e-18	9.94492e-19
12796.70000	9.02741e-19	1.13999e-18
12798.00000	-9.97581e-19	1.05959e-18
12799.30000	5.57267e-19	1.32625e-18
12800.60000	2.51215e-19	1.71865e-18
12801.90000	-1.00488e-18	1.89136e-18
12803.20000	-3.14847e-19	1.88978e-18
12804.50000	-1.26483e-19	2.01157e-18
12805.80000	4.10403e-19	2.56536e-18
12807.10000	3.74380e-19	2.60912e-18
12808.40000	1.80420e-18	2.08792e-18
12809.70000	9.12377e-19	1.08497e-18
12811.00000	1.16884e-18	6.59044e-19
12812.30000	2.54793e-19	4.41494e-19
12813.60000	9.44610e-20	3.45246e-19
12814.90000	-2.80438e-21	3.39555e-19
12816.20000	1.09524e-18	3.57168e-19
12817.50000	4.94522e-19	4.48053e-19
12818.80000	4.69360e-19	5.26908e-19
12820.10000	-3.38852e-20	5.72243e-19
12821.40000	2.16202e-19	6.39928e-19
12822.70000	1.39133e-19	9.60584e-19
12824.00000	-1.60333e-19	1.30088e-18
12825.40000	3.42439e-19	1.26879e-18
12826.70000	7.50007e-19	8.61798e-19
12828.00000	3.06055e-19	4.71152e-19
12829.30000	1.82565e-19	4.41515e-19
12830.60000	-4.70790e-19	5.85604e-19
12831.90000	-3.36729e-20	9.03427e-19
12833.20000	-5.75618e-19	1.45772e-18
12834.50000	-7.87856e-19	1.64016e-18
12835.80000	-8.66555e-19	1.37196e-18
12837.10000	-3.00516e-19	6.88777e-19
12838.40000	-3.28274e-19	3.68795e-19
12839.70000	5.76953e-19	3.12144e-19
12841.00000	7.54576e-19	3.10957e-19
12842.30000	2.04287e-19	3.85158e-19
12843.60000	1.22139e-18	7.78243e-19
12844.90000	-2.39331e-20	1.12120e-18
12846.20000	1.96582e-19	1.11086e-18
12847.50000	-6.64451e-20	7.59985e-19
12848.80000	2.69167e-19	4.31534e-19
12850.10000	2.60370e-19	3.38710e-19
12851.40000	3.40065e-19	3.09739e-19
12852.70000	3.54874e-19	3.23366e-19
12854.00000	4.93666e-20	3.59542e-19
12855.30000	5.18900e-19	3.17909e-19
12856.60000	6.32725e-19	3.21682e-19
12857.90000	3.78352e-19	3.15575e-19
12859.20000	3.55802e-19	3.15856e-19
12860.50000	1.84762e-19	3.17106e-19
12861.80000	-1.39180e-19	3.12524e-19
12863.10000	1.27554e-19	3.56454e-19
12864.40000	2.45072e-19	5.95510e-19
12865.70000	5.35041e-19	9.09487e-19
12867.10000	6.02890e-19	9.42880e-19
12868.40000	3.91127e-19	7.29716e-19
12869.70000	4.34933e-19	4.88638e-19
12871.00000	3.12200e-19	4.82594e-19
12872.30000	-7.93221e-20	5.28964e-19
12873.60000	1.06292e-20	4.91792e-19
12874.90000	-4.49059e-20	4.13213e-19
12876.20000	-5.37459e-19	3.23193e-19
12877.50000	-2.42769e-19	2.85701e-19
12878.80000	-1.37262e-19	3.04977e-19
12880.10000	5.75318e-19	3.84623e-19
12881.40000	5.84922e-20	5.39628e-19
12882.70000	3.63387e-19	6.32848e-19
12884.00000	5.63268e-19	6.00931e-19
12885.30000	-2.73169e-19	5.60861e-19
12886.60000	-1.83416e-20	6.84295e-19
12887.90000	5.88497e-19	7.60826e-19
12889.20000	3.41193e-19	6.79245e-19
12890.50000	3.01442e-19	4.90140e-19
12891.80000	-1.12143e-19	4.69926e-19
12893.10000	5.98183e-19	5.95675e-19
12894.40000	4.65967e-20	7.17539e-19
12895.70000	1.10628e-18	7.49397e-19
12897.00000	-1.83673e-19	6.87867e-19
12898.30000	1.67811e-19	6.20952e-19
12899.60000	-1.48836e-19	5.63156e-19
12900.90000	1.74016e-20	7.48604e-19
12902.20000	2.82479e-20	1.34537e-18
12903.50000	-2.50731e-19	2.51664e-18
12904.80000	1.63634e-18	3.74407e-18
12906.10000	-1.08678e-18	3.75531e-18
12907.50000	5.51866e-19	2.58004e-18
12908.80000	8.51440e-19	1.09259e-18
12910.10000	5.32991e-19	6.72953e-19
12911.40000	6.05998e-19	5.32393e-19
12912.70000	1.31068e-19	4.69338e-19
12914.00000	1.12774e-18	6.19272e-19
12915.30000	5.10945e-19	7.91669e-19
12916.60000	4.21850e-20	7.89380e-19
12917.90000	5.00064e-19	8.62699e-19
12919.20000	-9.69753e-19	1.63647e-18
12920.50000	-2.79506e-18	2.35095e-18
12921.80000	-2.41565e-18	2.30425e-18
12923.10000	3.56923e-19	1.43971e-18
12924.40000	2.00357e-19	5.67588e-19
12925.70000	1.98847e-19	3.46221e-19
12927.00000	1.31231e-19	3.27128e-19
12928.30000	-6.04073e-20	3.42251e-19
12929.60000	5.76005e-19	3.94938e-19
12930.90000	-7.43215e-20	4.70889e-19
12932.20000	-4.38398e-19	4.61845e-19
12933.50000	-1.26348e-19	4.76077e-19
12934.80000	5.04797e-19	5.38167e-19
12936.10000	4.74632e-19	5.53224e-19
12937.40000	1.78946e-19	4.73833e-19
12938.70000	-1.50943e-19	3.85655e-19
12940.00000	-6.73586e-19	4.95378e-19
12941.30000	-1.48313e-18	1.05896e-18
12942.60000	-1.45828e-18	1.51613e-18
12943.90000	3.80635e-19	1.40318e-18
12945.20000	-1.81882e-20	9.09838e-19
12946.50000	2.85743e-19	4.50369e-19
12947.80000	6.44228e-19	3.37566e-19
12949.20000	6.41845e-19	3.45593e-19
12950.50000	4.29791e-19	3.45819e-19
12951.80000	-2.24137e-19	3.74942e-19
12953.10000	6.61117e-20	4.39549e-19
12954.40000	-1.11519e-19	4.72805e-19
12955.70000	1.49687e-19	4.50197e-19
12957.00000	3.28933e-19	3.74090e-19
12958.30000	1.88969e-19	3.45558e-19
12959.60000	5.82769e-21	3.52027e-19
12960.90000	1.21634e-20	3.66867e-19
12962.20000	-1.34469e-20	3.92541e-19
12963.50000	-5.45153e-19	4.13053e-19
12964.80000	1.53983e-19	4.59670e-19
12966.10000	-2.04447e-19	3.96761e-19
12967.40000	3.55960e-19	3.16172e-19
12968.70000	1.05906e-18	3.80215e-19
12970.00000	8.25080e-19	6.27063e-19
12971.30000	8.94555e-19	8.29536e-19
12972.60000	-7.71823e-20	8.67273e-19
12973.90000	1.10750e-18	8.15229e-19
12975.20000	1.77238e-18	5.54669e-19
12976.50000	1.16495e-18	3.97558e-19
12977.80000	1.33231e-18	3.92339e-19
12979.10000	9.38310e-19	3.57007e-19
12980.40000	3.40138e-19	3.27964e-19
12981.70000	6.58603e-20	3.61295e-19
12983.00000	6.44943e-19	7.34331e-19
12984.30000	-1.07298e-18	1.57504e-18
12985.60000	-2.30552e-19	1.83981e-18
12986.90000	6.04708e-19	1.78529e-18
12988.20000	1.29123e-18	7.05162e-19
12989.60000	-2.84363e-19	3.47246e-19
12990.90000	3.38985e-19	2.87540e-19
12992.20000	6.49675e-19	2.77429e-19
12993.50000	2.78692e-19	2.70811e-19
12994.80000	-6.97248e-20	2.77347e-19
12996.10000	5.94975e-19	2.85106e-19
12997.40000	2.29853e-19	2.99773e-19
12998.70000	4.62959e-19	3.60254e-19
13000.00000	3.33607e-19	4.47687e-19
13001.30000	8.79896e-19	5.50901e-19
13002.60000	-1.17023e-19	5.96735e-19
13003.90000	3.87209e-19	5.66478e-19
13005.20000	5.71377e-19	5.40596e-19
13006.50000	1.28424e-19	4.67251e-19
13007.80000	-2.83163e-20	5.02475e-19
13009.10000	7.66747e-19	4.89524e-19
13010.40000	3.46857e-20	4.82022e-19
13011.70000	2.72546e-19	5.46706e-19
13013.00000	1.52414e-19	6.00131e-19
13014.30000	1.97683e-19	6.53234e-19
13015.60000	9.26370e-20	5.80701e-19
13016.90000	-3.27326e-19	5.22373e-19
13018.20000	5.01528e-19	6.26164e-19
13019.50000	1.13621e-18	1.82718e-18
13020.80000	-1.04589e-18	3.11373e-18
13022.10000	2.14744e-19	4.09471e-18
13023.40000	-1.27451e-18	2.30914e-18
13024.70000	2.36251e-19	7.12012e-19
13026.00000	8.31918e-20	3.65115e-19
13027.30000	2.50813e-19	3.08772e-19
13028.60000	2.32937e-20	2.83255e-19
13029.90000	-1.07743e-20	2.78368e-19
13031.30000	2.82209e-19	2.80226e-19
13032.60000	-1.22716e-19	2.83753e-19
13033.90000	1.78148e-19	2.75668e-19
13035.20000	7.45072e-20	2.67206e-19
13036.50000	9.70872e-20	2.65881e-19
13037.80000	4.68080e-19	2.61081e-19
13039.10000	3.39812e-19	2.63157e-19
13040.40000	3.42455e-19	2.79001e-19
13041.70000	5.83734e-19	3.04121e-19
13043.00000	7.78483e-19	3.50487e-19
13044.30000	3.41753e-19	3.54470e-19
13045.60000	2.62591e-19	3.42755e-19
13046.90000	1.81091e-19	3.23048e-19
13048.20000	-1.86867e-19	3.93406e-19
13049.50000	1.31772e-18	6.24880e-19
13050.80000	7.50797e-20	1.46616e-18
13052.10000	-1.45153e-18	2.12944e-18
13053.40000	2.66289e-19	2.08864e-18
13054.70000	1.77936e-18	1.50419e-18
13056.00000	1.63047e-19	6.76613e-19
13057.30000	-8.82020e-20	4.27610e-19
13058.60000	6.17527e-19	3.65372e-19
13059.90000	4.95668e-19	3.76673e-19
13061.20000	-1.12772e-19	3.81362e-19
13062.50000	-1.73593e-19	3.30739e-19
13063.80000	2.45031e-19	2.77196e-19
13065.10000	2.40321e-19	2.63083e-19
13066.40000	2.10127e-19	2.64823e-19
13067.70000	2.79122e-20	2.64326e-19
13069.00000	2.23590e-19	2.69960e-19
13070.30000	3.07458e-19	2.62445e-19
13071.70000	2.59781e-19	2.61533e-19
13073.00000	-3.26968e-20	2.62779e-19
13074.30000	1.18109e-20	2.76634e-19
13075.60000	1.53929e-19	2.75800e-19
13076.90000	1.70733e-20	2.71942e-19
13078.20000	5.23338e-19	2.80119e-19
13079.50000	5.29293e-19	3.00504e-19
13080.80000	5.71315e-19	3.57692e-19
13082.10000	2.74397e-19	7.26928e-19
13083.40000	1.73391e-19	2.31000e-18
13084.70000	2.94668e-18	3.47818e-18
13086.00000	-3.51529e-18	4.52387e-18
13087.30000	1.31924e-18	1.77950e-18
13088.60000	-5.39126e-19	6.38392e-19
13089.90000	-3.28418e-20	3.50767e-19
13091.20000	4.70051e-20	2.96673e-19
13092.50000	3.51641e-19	2.87645e-19
13093.80000	3.28969e-19	2.85913e-19
13095.10000	3.75947e-19	2.76187e-19
13096.40000	3.04866e-20	2.77216e-19
13097.70000	3.66569e-19	2.85828e-19
13099.00000	-4.44461e-21	3.63121e-19
13100.30000	2.13603e-19	3.50710e-19
13101.60000	-1.44311e-19	3.27531e-19
13102.90000	5.68270e-19	3.15840e-19
13104.20000	3.35840e-19	3.38313e-19
13105.50000	2.14843e-19	3.89296e-19
13106.80000	-3.25207e-20	4.03290e-19
13108.10000	2.12496e-19	3.63396e-19
13109.40000	5.23977e-19	3.05514e-19
13110.70000	4.41450e-20	2.90161e-19
13112.00000	3.94024e-19	2.53798e-19
13113.40000	9.40815e-20	2.45732e-19
13114.70000	2.18495e-19	2.41549e-19
13116.00000	3.55604e-19	2.41659e-19
13117.30000	5.51489e-19	2.51400e-19
13118.60000	2.97951e-21	2.55054e-19
13119.90000	3.71040e-20	2.68430e-19
13121.20000	4.99202e-19	2.90349e-19
13122.50000	2.74329e-19	3.65243e-19
13123.80000	2.21208e-19	5.07777e-19
13125.10000	1.56698e-19	8.47506e-19
13126.40000	-1.01199e-20	1.71903e-18
13127.70000	1.93577e-18	2.04556e-18
13129.00000	1.00934e-18	1.78137e-18
13130.30000	-1.37532e-19	1.29099e-18
13131.60000	-3.45208e-20	7.36623e-19
13132.90000	8.69182e-19	4.72427e-19
13134.20000	5.90452e-19	3.61105e-19
13135.50000	3.80828e-19	3.12966e-19
13136.80000	7.32054e-20	3.41241e-19
13138.10000	1.36653e-19	4.35620e-19
13139.40000	5.13446e-21	5.65475e-19
13140.70000	6.14962e-19	6.06051e-19
13142.00000	-1.58962e-19	6.11855e-19
13143.30000	1.69614e-19	5.48575e-19
13144.60000	2.75467e-19	4.46847e-19
13145.90000	2.51477e-19	3.36659e-19
13147.20000	3.04789e-19	3.51441e-19
13148.50000	1.71647e-19	3.17901e-19
13149.80000	3.78233e-19	3.17489e-19
13151.10000	2.01977e-20	3.10520e-19
13152.40000	2.43015e-19	3.58402e-19
13153.80000	5.61716e-19	6.98624e-19
13155.10000	1.33504e-18	1.93497e-18
13156.40000	1.09963e-19	2.67694e-18
13157.70000	-8.31544e-19	2.47840e-18
13159.00000	2.47758e-19	1.35778e-18
13160.30000	2.10492e-19	5.26675e-19
13161.60000	-1.18282e-19	3.29320e-19
13162.90000	1.34944e-20	3.11089e-19
13164.20000	1.33714e-19	3.13812e-19
13165.50000	4.51024e-19	3.14529e-19
13166.80000	-5.02940e-20	3.02946e-19
13168.10000	5.58176e-19	2.88229e-19
13169.40000	1.09394e-18	2.79405e-19
13170.70000	4.58562e-19	2.76878e-19
13172.00000	4.45916e-19	2.80361e-19
13173.30000	6.00180e-19	2.76770e-19
13174.60000	5.82456e-19	2.64774e-19
13175.90000	9.16795e-19	2.56922e-19
13177.20000	3.36764e-19	2.59627e-19
13178.50000	-1.34309e-19	2.70831e-19
13179.80000	3.79091e-19	2.79692e-19
13181.10000	4.20296e-19	3.02674e-19
13182.40000	2.18838e-19	2.46398e-19
13183.70000	1.28128e-19	2.49840e-19
13185.00000	4.16224e-19	2.55989e-19
13186.30000	6.96165e-19	2.48281e-19
13187.60000	5.87407e-19	2.54088e-19
13188.90000	5.17818e-19	2.87975e-19
13190.20000	5.33383e-19	2.74805e-19
13191.50000	8.68112e-19	2.67835e-19
13192.80000	4.23728e-19	2.78135e-19
13194.10000	5.29346e-19	2.53643e-19
13195.50000	2.33595e-19	2.37997e-19
13196.80000	2.38778e-19	2.41087e-19
13198.10000	8.65065e-20	2.50926e-19
13199.40000	9.64851e-20	2.66841e-19
13200.70000	7.92633e-19	2.74740e-19
13202.00000	4.59960e-19	2.83203e-19
13203.30000	2.57726e-19	3.14470e-19
13204.60000	-2.00306e-19	3.13472e-19
13205.90000	2.44857e-19	3.03876e-19
13207.20000	-1.40571e-19	4.14868e-19
13208.50000	4.08941e-19	9.27383e-19
13209.80000	9.46562e-19	1.60726e-18
13211.10000	2.38318e-19	1.70043e-18
13212.40000	7.33940e-19	1.22697e-18
13213.70000	3.26208e-19	5.51955e-19
13215.00000	-3.08595e-19	3.83367e-19
13216.30000	-8.05845e-21	4.03760e-19
13217.60000	-9.50430e-20	4.06922e-19
13218.90000	4.79891e-20	3.91028e-19
13220.20000	8.22642e-19	4.02800e-19
13221.50000	4.33603e-19	4.56030e-19
13222.80000	1.61209e-19	4.50446e-19
13224.10000	2.85461e-19	3.77943e-19
13225.40000	2.39480e-19	3.48191e-19
13226.70000	5.94950e-19	3.83340e-19
13228.00000	-2.70927e-19	3.88860e-19
13229.30000	1.07032e-19	3.57395e-19
13230.60000	3.52468e-19	3.14057e-19
13231.90000	7.55990e-19	3.53377e-19
13233.20000	1.02008e-18	6.42431e-19
13234.50000	-4.99296e-19	1.63688e-18
13235.80000	1.81208e-18	2.30108e-18
13237.20000	2.02575e-18	2.22648e-18
13238.50000	7.45355e-19	1.41412e-18
13239.80000	-3.38295e-19	5.66915e-19
13241.10000	1.18964e-19	3.29547e-19
13242.40000	7.36648e-19	2.78017e-19
13243.70000	-1.06182e-19	2.80357e-19
13245.00000	-2.06908e-19	3.45383e-19
13246.30000	5.87317e-20	4.37481e-19
13247.60000	-5.41004e-19	4.39725e-19
13248.90000	-5.61994e-19	3.64776e-19
13250.20000	9.38683e-20	2.91751e-19
13251.50000	1.65765e-19	2.38868e-19
13252.80000	5.93564e-19	2.30626e-19
13254.10000	5.76817e-19	2.33243e-19
13255.40000	2.84519e-19	2.41194e-19
13256.70000	4.89403e-19	2.53272e-19
13258.00000	6.48598e-19	2.59273e-19
13259.30000	-1.49769e-19	2.48955e-19
13260.60000	-6.84798e-20	2.40120e-19
13261.90000	2.88825e-19	2.31428e-19
13263.20000	9.53107e-21	2.35867e-19
13264.50000	-2.12863e-19	2.70146e-19
13265.80000	2.34241e-19	3.80403e-19
13267.10000	5.72753e-19	4.79841e-19
13268.40000	5.33134e-19	5.15030e-19
13269.70000	-1.81350e-20	4.77773e-19
13271.00000	9.66106e-19	3.54399e-19
13272.30000	1.75184e-19	2.84288e-19
13273.60000	3.95402e-20	2.82422e-19
13274.90000	5.65995e-19	3.95859e-19
13276.20000	4.52963e-19	4.90935e-19
13277.60000	-2.00860e-19	5.09452e-19
13278.90000	4.50609e-19	5.06548e-19
13280.20000	1.64745e-19	4.95207e-19
13281.50000	4.88574e-19	4.25042e-19
13282.80000	1.48244e-19	2.95948e-19
13284.10000	1.18147e-19	2.41723e-19
13285.40000	2.01536e-19	2.42461e-19
13286.70000	-3.32822e-19	2.56111e-19
13288.00000	-2.26532e-19	2.46900e-19
13289.30000	4.77057e-19	2.51383e-19
13290.60000	3.68870e-19	2.44815e-19
13291.90000	-4.20394e-20	2.42146e-19
13293.20000	1.77746e-19	2.50732e-19
13294.50000	1.08800e-19	2.54963e-19
13295.80000	7.03353e-20	2.95445e-19
13297.10000	-1.68918e-19	3.77362e-19
13298.40000	1.64064e-19	4.56520e-19
13299.70000	1.00553e-19	6.74091e-19
13301.00000	1.32497e-19	9.71844e-19
13302.30000	-4.07920e-20	9.76381e-19
13303.60000	5.71728e-19	8.05885e-19
13304.90000	2.02831e-19	3.76540e-19
13306.20000	-3.31883e-20	2.51111e-19
13307.50000	-5.07869e-20	2.43495e-19
13308.80000	4.15503e-20	2.40268e-19
13310.10000	1.72733e-19	2.44057e-19
13311.40000	2.97297e-19	2.49399e-19
13312.70000	-1.89587e-19	2.50669e-19
13314.00000	-4.15340e-19	2.63108e-19
13315.30000	3.72877e-19	2.65175e-19
13316.60000	2.07182e-19	2.72406e-19
13317.90000	9.43614e-20	2.61522e-19
13319.30000	2.87851e-19	2.66917e-19
13320.60000	1.42514e-19	3.47069e-19
13321.90000	5.27661e-20	8.00002e-19
13323.20000	-5.15821e-19	1.50717e-18
13324.50000	-3.18429e-19	1.72988e-18
13325.80000	6.00755e-19	1.45236e-18
13327.10000	3.81410e-19	7.75041e-19
13328.40000	3.56383e-19	3.79870e-19
13329.70000	5.74765e-19	2.65425e-19
13331.00000	9.45796e-20	2.40846e-19
13332.30000	-1.78481e-19	2.34361e-19
13333.60000	1.35581e-19	2.52298e-19
13334.90000	-1.79674e-20	2.74234e-19
13336.20000	3.35698e-19	3.03078e-19
13337.50000	8.57586e-19	3.31302e-19
13338.80000	2.19286e-19	3.57179e-19
13340.10000	-2.80345e-19	3.55974e-19
13341.40000	4.05425e-19	3.30076e-19
13342.70000	-2.28078e-20	2.85097e-19
13344.00000	8.12418e-20	2.57505e-19
13345.30000	5.56081e-19	2.69789e-19
13346.60000	1.04007e-18	3.00667e-19
13347.90000	1.11541e-19	2.91001e-19
13349.20000	-1.38631e-19	2.69171e-19
13350.50000	-1.34927e-19	2.81870e-19
13351.80000	3.96192e-20	3.96781e-19
13353.10000	3.38586e-19	4.28711e-19
13354.40000	1.17680e-19	3.07948e-19
13355.70000	-5.79594e-20	2.61776e-19
13357.00000	7.85939e-19	2.51575e-19
13358.30000	7.64175e-19	2.61831e-19
13359.70000	6.42485e-19	2.88620e-19
13361.00000	4.46315e-19	3.54702e-19
13362.30000	1.56030e-19	3.53995e-19
13363.60000	7.90830e-20	3.10259e-19
13364.90000	1.96244e-21	2.47543e-19
13366.20000	2.36349e-19	2.37480e-19
13367.50000	5.48199e-19	2.28710e-19
13368.80000	2.36252e-19	2.31260e-19
13370.10000	2.95687e-19	2.21337e-19
13371.40000	3.53643e-19	2.45464e-19
13372.70000	1.57758e-19	2.48020e-19
13374.00000	8.57560e-20	2.53789e-19
13375.30000	-8.57464e-20	2.54744e-19
13376.60000	-1.03390e-19	2.56325e-19
13377.90000	-1.80609e-20	2.60820e-19
13379.20000	2.76862e-19	2.56096e-19
13380.50000	-8.84610e-20	2.44346e-19
13381.80000	3.07201e-19	2.37336e-19
13383.10000	2.02399e-19	2.62050e-19
13384.40000	-1.38732e-20	2.97807e-19
13385.70000	-2.52657e-19	2.94330e-19
13387.00000	2.98127e-19	2.55410e-19
13388.30000	2.09430e-19	2.54549e-19
13389.60000	1.54373e-19	2.67753e-19
13390.90000	-3.67244e-19	2.77174e-19
13392.20000	3.26662e-20	3.14723e-19
13393.50000	2.75568e-19	3.81518e-19
13394.80000	2.16573e-19	3.71813e-19
13396.10000	-1.95913e-19	3.57857e-19
13397.40000	-3.71431e-19	4.09337e-19
13398.70000	9.76146e-20	6.55768e-19
13400.00000	-7.52700e-19	9.64626e-19
13401.40000	1.54772e-19	1.04599e-18
13402.70000	-9.64924e-20	8.68622e-19
13404.00000	-4.15901e-19	7.08636e-19
13405.30000	-2.80331e-19	4.45571e-19
13406.60000	3.17360e-19	3.43286e-19
13407.90000	-2.51307e-19	2.87339e-19
13409.20000	1.41300e-20	2.59172e-19
13410.50000	-7.97210e-20	2.59205e-19
13411.80000	-7.28446e-20	3.27092e-19
13413.10000	-2.27945e-19	4.55634e-19
13414.40000	5.71865e-19	6.27516e-19
13415.70000	-2.70972e-19	5.30826e-19
13417.00000	-4.38903e-19	4.78200e-19
13418.30000	9.56636e-19	6.10694e-19
13419.60000	3.16026e-19	9.99572e-19
13420.90000	-8.74128e-19	1.27358e-18
13422.20000	-1.35760e-19	1.23988e-18
13423.50000	1.86548e-19	9.17170e-19
13424.80000	1.16705e-19	5.98934e-19
13426.10000	-1.92216e-19	5.10254e-19
13427.40000	4.03865e-19	5.26521e-19
13428.70000	-4.57739e-22	4.29420e-19
13430.00000	5.07608e-19	2.62824e-19
13431.30000	1.81512e-19	2.47830e-19
13432.60000	-1.26672e-19	2.39627e-19
13433.90000	3.24275e-19	2.42191e-19
13435.20000	3.58256e-19	2.64919e-19
13436.50000	-3.75347e-19	3.10853e-19
13437.80000	-9.37845e-19	3.31894e-19
13439.10000	3.23438e-19	3.34791e-19
13440.40000	9.52321e-19	3.40295e-19
13441.80000	8.62799e-20	3.52264e-19
13443.10000	6.59525e-19	3.45460e-19
13444.40000	5.40125e-19	3.29430e-19
13445.70000	3.61144e-19	3.30142e-19
13447.00000	-2.43861e-19	4.15332e-19
13448.30000	-3.63033e-19	4.00319e-19
13449.60000	5.46426e-19	3.53979e-19
13450.90000	2.84696e-19	2.81971e-19
13452.20000	1.07760e-19	2.68890e-19
13453.50000	-8.88750e-20	2.68684e-19
13454.80000	-2.34411e-19	2.73024e-19
13456.10000	-2.68003e-19	3.01252e-19
13457.40000	2.29736e-19	3.05285e-19
13458.70000	1.38683e-18	3.01059e-19
13460.00000	2.48299e-19	3.13437e-19
13461.30000	6.07337e-19	3.14369e-19
13462.60000	5.77739e-19	3.21744e-19
13463.90000	5.40808e-19	3.09431e-19
13465.20000	3.30578e-19	3.10530e-19
13466.50000	6.02150e-19	3.00746e-19
13467.80000	2.71706e-19	3.21032e-19
13469.10000	1.77223e-19	3.32499e-19
13470.40000	2.74396e-19	3.42242e-19
13471.70000	1.38149e-19	3.40406e-19
13473.00000	-4.24143e-19	3.69683e-19
13474.30000	-6.15195e-20	3.96573e-19
13475.60000	1.55738e-18	4.60840e-19
13476.90000	1.03597e-18	2.89294e-19
13478.20000	6.73668e-19	4.36231e-19
13479.50000	6.68947e-19	6.40028e-19
13480.80000	-1.18153e-18	6.10173e-19
13482.10000	-3.42646e-19	5.33955e-19
13483.50000	-1.06261e-19	5.20009e-19
13484.80000	-5.20069e-19	4.39227e-19
13486.10000	4.55717e-19	5.21890e-19
13487.40000	7.83498e-19	5.02865e-19
13488.70000	-1.84084e-19	4.22683e-19
13490.00000	7.72093e-19	4.46449e-19
13491.30000	1.69660e-18	4.07674e-19
13492.60000	1.21609e-19	3.81972e-19
13493.90000	7.99151e-19	3.71234e-19
13495.20000	3.21398e-19	3.74673e-19
13496.50000	-1.49895e-18	4.07615e-19
13497.80000	1.17015e-19	4.13524e-19
13499.10000	-9.57476e-19	4.81132e-19
13500.40000	-8.48095e-19	5.43907e-19
13501.70000	-5.09328e-19	6.94572e-19
13503.00000	-8.10393e-19	7.66919e-19
13504.30000	3.92887e-18	8.47075e-19
13505.60000	1.66827e-18	9.28568e-19
13506.90000	1.97854e-18	1.38315e-18
13508.20000	2.34040e-18	1.62903e-18
13509.50000	3.99311e-18	1.50493e-18
13510.80000	2.33016e-18	1.16830e-18
13512.10000	-4.50659e-20	7.94842e-19
13513.40000	-1.03373e-18	8.15474e-19
13514.70000	-7.68635e-19	1.08940e-18
13516.00000	-1.30087e-18	1.10000e-18
13517.30000	1.31902e-18	1.01394e-18
13518.60000	4.96128e-19	1.00574e-18
13519.90000	-2.36536e-18	7.16053e-19
