#macsj0717_z2_K.J.3958.fc.1d.esc.slc.txt
#Applied Total SLC: 1.0596675818050134
#Wavelength in (A) | Flux (erg/sec/cm2/A)| Flux Error
11530.00000	-1.54698e-18	9.71873e-19
11531.30000	-1.63827e-18	8.92837e-19
11532.60000	5.67537e-20	9.24080e-19
11533.90000	1.53307e-18	1.06336e-18
11535.20000	1.30952e-18	1.56283e-18
11536.50000	-3.07226e-19	3.37093e-18
11537.80000	-2.69627e-18	5.83683e-18
11539.10000	8.41599e-19	6.23441e-18
11540.40000	2.56857e-18	4.65238e-18
11541.70000	-2.87841e-18	2.32319e-18
11543.00000	-3.41001e-18	1.08062e-18
11544.30000	-1.61206e-19	8.22718e-19
11545.60000	1.06940e-18	8.10457e-19
11546.90000	8.45436e-19	8.06046e-19
11548.20000	4.48996e-19	7.90617e-19
11549.50000	1.14799e-18	7.58679e-19
11550.90000	-1.58409e-18	7.63982e-19
11552.20000	-4.40894e-19	7.46159e-19
11553.50000	-2.86369e-19	7.56682e-19
11554.80000	-9.40504e-20	7.59209e-19
11556.10000	-2.27886e-19	7.66167e-19
11557.40000	3.71407e-19	8.10055e-19
11558.70000	-4.33045e-19	7.84330e-19
11560.00000	-1.08554e-18	7.87046e-19
11561.30000	-4.45032e-19	8.91304e-19
11562.60000	-1.04964e-18	1.51212e-18
11563.90000	-8.65614e-19	3.04942e-18
11565.20000	1.11938e-18	3.64928e-18
11566.50000	-1.91180e-18	3.18343e-18
11567.80000	-1.88282e-19	1.88258e-18
11569.10000	1.81293e-18	1.10585e-18
11570.40000	-7.77753e-19	8.45591e-19
11571.70000	-4.45617e-19	7.27315e-19
11573.00000	4.53559e-19	7.33590e-19
11574.30000	-4.52234e-19	8.99429e-19
11575.60000	-7.70011e-19	1.13903e-18
11576.90000	1.30758e-18	1.16429e-18
11578.20000	6.18393e-19	1.02633e-18
11579.50000	4.33944e-20	8.91805e-19
11580.80000	1.75985e-18	7.47724e-19
11582.10000	2.52866e-19	6.89275e-19
11583.40000	-4.16652e-19	6.53761e-19
11584.70000	4.01947e-19	6.15727e-19
11586.00000	-1.12286e-18	6.58426e-19
11587.30000	-1.81462e-19	9.22567e-19
11588.60000	1.10094e-18	2.22195e-18
11589.90000	2.01588e-18	4.28323e-18
11591.20000	-3.26600e-18	5.75236e-18
11592.60000	-2.65174e-18	5.36765e-18
11593.90000	4.10081e-18	3.24843e-18
11595.20000	-4.08397e-19	1.42028e-18
11596.50000	-3.08546e-19	7.19597e-19
11597.80000	-8.65399e-20	5.98280e-19
11599.10000	-1.42130e-19	5.76804e-19
11600.40000	-1.00743e-18	5.75296e-19
11601.70000	1.37859e-18	5.73041e-19
11603.00000	1.42017e-19	5.64206e-19
11604.30000	-2.00681e-19	6.08402e-19
11605.60000	-5.10073e-19	6.90609e-19
11606.90000	9.38802e-19	6.36355e-19
11608.20000	-1.61562e-18	7.49065e-19
11609.50000	-1.95911e-19	8.58084e-19
11610.80000	5.73554e-20	8.47957e-19
11612.10000	-1.39336e-18	6.86897e-19
11613.40000	1.73214e-19	5.49549e-19
11614.70000	4.23381e-19	5.12855e-19
11616.00000	-5.64474e-20	5.40310e-19
11617.30000	1.08000e-18	5.98822e-19
11618.60000	-5.27374e-19	6.20071e-19
11619.90000	-1.62847e-18	6.25982e-19
11621.20000	-2.77234e-19	5.88944e-19
11622.50000	-2.32793e-19	5.86361e-19
11623.80000	5.29933e-19	7.21664e-19
11625.10000	9.80311e-19	1.28585e-18
11626.40000	1.21120e-18	2.75000e-18
11627.70000	3.13723e-18	3.17209e-18
11629.00000	1.79115e-18	2.57850e-18
11630.30000	6.86158e-19	1.40693e-18
11631.60000	1.42328e-18	7.24256e-19
11633.00000	1.24210e-18	6.30635e-19
11634.30000	1.47900e-19	6.83452e-19
11635.60000	-8.19405e-19	6.34495e-19
11636.90000	-1.28985e-18	6.72361e-19
11638.20000	-7.06504e-19	7.08027e-19
11639.50000	-5.29676e-19	7.40015e-19
11640.80000	6.46396e-19	7.64100e-19
11642.10000	7.05832e-19	8.81195e-19
11643.40000	-7.85872e-21	6.41844e-19
11644.70000	5.03807e-19	5.77828e-19
11646.00000	5.08894e-19	6.68095e-19
11647.30000	1.07817e-18	1.20806e-18
11648.60000	-2.35789e-18	2.91775e-18
11649.90000	2.95205e-18	4.26680e-18
11651.20000	-9.81462e-19	4.61809e-18
11652.50000	-1.72331e-18	3.18219e-18
11653.80000	-3.22215e-19	1.44434e-18
11655.10000	1.76852e-18	7.79502e-19
11656.40000	-2.65177e-19	7.09500e-19
11657.70000	-1.99071e-19	5.58037e-19
11659.00000	1.93106e-18	5.53163e-19
11660.30000	7.91170e-19	5.45495e-19
11661.60000	-5.77724e-19	5.25968e-19
11662.90000	2.96276e-19	5.09113e-19
11664.20000	6.48468e-19	5.07125e-19
11665.50000	1.00626e-18	5.26683e-19
11666.80000	9.83600e-19	5.65045e-19
11668.10000	-3.10029e-19	5.53026e-19
11669.40000	9.46151e-19	5.55319e-19
11670.70000	3.89987e-20	6.65233e-19
11672.00000	2.37462e-19	7.38442e-19
11673.30000	2.99209e-19	7.28233e-19
11674.70000	4.66505e-19	6.69590e-19
11676.00000	7.68527e-19	6.36717e-19
11677.30000	4.36314e-19	6.59057e-19
11678.60000	-4.01742e-19	7.68035e-19
11679.90000	-6.49558e-19	8.58919e-19
11681.20000	-1.97822e-19	9.03025e-19
11682.50000	9.96358e-19	9.22449e-19
11683.80000	-7.12692e-20	8.35318e-19
11685.10000	7.73254e-19	6.60378e-19
11686.40000	7.73562e-19	5.26758e-19
11687.70000	2.27551e-18	4.81611e-19
11689.00000	9.84329e-19	4.91910e-19
11690.30000	-2.67172e-19	5.14471e-19
11691.60000	-1.02056e-19	5.31644e-19
11692.90000	-6.83827e-19	6.94266e-19
11694.20000	-5.14313e-19	1.42033e-18
11695.50000	-1.85006e-18	2.24095e-18
11696.80000	-1.38686e-18	2.23793e-18
11698.10000	7.93106e-19	1.57390e-18
11699.40000	-3.02030e-19	7.78908e-19
11700.70000	6.25101e-19	5.33047e-19
11702.00000	-2.29625e-19	5.18364e-19
11703.30000	-2.37295e-19	5.25100e-19
11704.60000	-4.07600e-19	6.00144e-19
11705.90000	-6.54078e-19	6.57692e-19
11707.20000	3.49228e-19	5.22244e-19
11708.50000	9.38684e-19	4.68819e-19
11709.80000	9.11522e-19	4.75012e-19
11711.10000	-2.65162e-20	5.63795e-19
11712.40000	9.21735e-19	8.41587e-19
11713.70000	-2.17184e-18	1.76209e-18
11715.00000	-3.50876e-18	3.03497e-18
11716.40000	-3.77782e-19	3.27713e-18
11717.70000	3.24943e-18	2.52106e-18
11719.00000	1.39102e-18	1.23483e-18
11720.30000	4.26629e-19	6.06821e-19
11721.60000	-6.81458e-19	5.09145e-19
11722.90000	1.64748e-19	4.93216e-19
11724.20000	-3.48048e-19	5.21386e-19
11725.50000	-1.91222e-19	5.81490e-19
11726.80000	3.98812e-19	6.22728e-19
11728.10000	1.14324e-18	5.94446e-19
11729.40000	7.94852e-19	5.89258e-19
11730.70000	7.02861e-19	5.85393e-19
11732.00000	3.45849e-19	5.88262e-19
11733.30000	5.82194e-19	5.63492e-19
11734.60000	1.53737e-18	5.64163e-19
11735.90000	2.04281e-19	5.43810e-19
11737.20000	1.32330e-18	4.82051e-19
11738.50000	2.31423e-18	4.76634e-19
11739.80000	8.86882e-19	5.22850e-19
11741.10000	7.88715e-19	5.51230e-19
11742.40000	-5.97219e-19	4.89078e-19
11743.70000	-8.51396e-20	4.85726e-19
11745.00000	5.34758e-19	4.77874e-19
11746.30000	9.79145e-19	4.72496e-19
11747.60000	-2.87450e-19	4.80283e-19
11748.90000	-4.23341e-19	4.78599e-19
11750.20000	1.17593e-18	4.87654e-19
11751.50000	1.58641e-18	4.93711e-19
11752.80000	7.39509e-19	5.08691e-19
11754.10000	1.33198e-18	5.26664e-19
11755.40000	9.46695e-19	6.21766e-19
11756.80000	2.01642e-19	7.39791e-19
11758.10000	1.45114e-18	7.19158e-19
11759.40000	1.47288e-18	5.69029e-19
11760.70000	6.61892e-19	4.89200e-19
11762.00000	9.29745e-19	4.70313e-19
11763.30000	4.21199e-19	4.54366e-19
11764.60000	-3.61899e-19	4.60386e-19
11765.90000	-3.83226e-19	5.16128e-19
11767.20000	2.59827e-19	5.66915e-19
11768.50000	1.23805e-18	1.01814e-18
11769.80000	1.42789e-18	1.53169e-18
11771.10000	-1.24566e-18	1.69140e-18
11772.40000	-1.59183e-18	1.37167e-18
11773.70000	6.37151e-19	8.55595e-19
11775.00000	-3.35834e-19	7.02357e-19
11776.30000	5.06471e-20	6.06740e-19
11777.60000	9.08225e-19	5.96985e-19
11778.90000	-8.56572e-19	5.76693e-19
11780.20000	1.77802e-20	5.73814e-19
11781.50000	1.47376e-18	6.67169e-19
11782.80000	9.08755e-19	7.41368e-19
11784.10000	9.71738e-19	8.78005e-19
11785.40000	1.46635e-18	1.24008e-18
11786.70000	1.01218e-18	1.95077e-18
11788.00000	2.57423e-18	2.26041e-18
11789.30000	5.46082e-19	1.94365e-18
11790.60000	4.32714e-19	1.22541e-18
11791.90000	6.28178e-20	8.05134e-19
11793.20000	-4.34671e-19	6.79388e-19
11794.50000	2.53056e-19	5.91019e-19
11795.80000	3.42300e-19	5.54705e-19
11797.10000	5.53141e-19	5.41112e-19
11798.50000	6.71686e-19	5.86058e-19
11799.80000	5.96058e-19	5.53749e-19
11801.10000	-1.41631e-19	5.89780e-19
11802.40000	8.45165e-19	5.38355e-19
11803.70000	3.75742e-19	6.40999e-19
11805.00000	-2.14332e-20	6.28233e-19
11806.30000	-1.48467e-19	5.77487e-19
11807.60000	-1.58019e-19	5.94419e-19
11808.90000	7.70946e-19	7.35522e-19
11810.20000	-5.17609e-19	6.22842e-19
11811.50000	2.00488e-19	5.51023e-19
11812.80000	-1.65369e-19	4.84567e-19
11814.10000	3.08124e-20	4.53900e-19
11815.40000	5.05466e-19	4.77637e-19
11816.70000	-1.94918e-19	6.63881e-19
11818.00000	4.11423e-19	6.21068e-19
11819.30000	-2.39436e-19	6.51911e-19
11820.60000	-4.86505e-19	6.37775e-19
11821.90000	3.41209e-19	5.88439e-19
11823.20000	3.34585e-19	6.21547e-19
11824.50000	-6.29302e-20	6.65637e-19
11825.80000	1.15507e-19	5.52422e-19
11827.10000	6.08048e-19	5.18449e-19
11828.40000	2.39948e-19	4.73164e-19
11829.70000	9.37843e-19	4.48787e-19
11831.00000	1.33893e-18	4.68562e-19
11832.30000	3.40693e-19	4.53013e-19
11833.60000	5.08835e-19	4.49199e-19
11834.90000	5.79514e-19	4.62229e-19
11836.20000	-5.36046e-19	4.82328e-19
11837.50000	-4.54666e-19	4.96011e-19
11838.90000	4.73447e-19	5.43075e-19
11840.20000	1.28970e-18	5.13782e-19
11841.50000	1.09885e-18	4.94855e-19
11842.80000	1.31634e-18	5.17404e-19
11844.10000	-5.05377e-19	5.96864e-19
11845.40000	1.18799e-19	5.59864e-19
11846.70000	6.81938e-19	5.50859e-19
11848.00000	-2.62800e-19	6.27468e-19
11849.30000	-1.89517e-19	9.25960e-19
11850.60000	2.73884e-19	1.29310e-18
11851.90000	6.71168e-20	1.22320e-18
11853.20000	-6.86140e-20	9.30653e-19
11854.50000	8.80643e-19	6.07127e-19
11855.80000	1.09722e-19	5.03119e-19
11857.10000	-9.06043e-20	4.80929e-19
11858.40000	9.82894e-19	4.75914e-19
11859.70000	4.14388e-19	4.79239e-19
11861.00000	3.96360e-19	4.93460e-19
11862.30000	8.12597e-19	5.41322e-19
11863.60000	1.00811e-18	8.40264e-19
11864.90000	3.96651e-19	1.28372e-18
11866.20000	4.65278e-20	1.45287e-18
11867.50000	-3.81870e-19	1.30471e-18
11868.80000	4.34647e-19	9.06043e-19
11870.10000	1.16226e-18	6.57086e-19
11871.40000	1.54303e-19	6.04544e-19
11872.70000	-4.24483e-19	5.63319e-19
11874.00000	9.34103e-19	5.15417e-19
11875.30000	1.21116e-18	4.98482e-19
11876.60000	4.62291e-19	5.16164e-19
11877.90000	2.01248e-19	4.99101e-19
11879.20000	4.06192e-19	4.88633e-19
11880.60000	4.93766e-19	4.97689e-19
11881.90000	-5.60120e-19	4.83397e-19
11883.20000	-5.16645e-20	4.80174e-19
11884.50000	-7.03423e-19	4.93843e-19
11885.80000	-4.71582e-19	5.49725e-19
11887.10000	2.84657e-19	6.07447e-19
11888.40000	5.41754e-19	6.31477e-19
11889.70000	1.81519e-19	6.04446e-19
11891.00000	8.33185e-20	6.10500e-19
11892.30000	-1.46235e-19	5.54815e-19
11893.60000	-1.19307e-18	5.40646e-19
11894.90000	-1.56927e-19	5.20598e-19
11896.20000	9.33660e-19	5.26905e-19
11897.50000	6.18587e-19	5.01634e-19
11898.80000	-5.41387e-19	5.67039e-19
11900.10000	-2.35932e-18	6.62507e-19
11901.40000	-2.09665e-19	6.87421e-19
11902.70000	4.26186e-19	6.26392e-19
11904.00000	-1.71865e-19	6.07790e-19
11905.30000	-1.20849e-18	6.53317e-19
11906.60000	-9.04923e-19	6.81377e-19
11907.90000	-2.11335e-19	7.05437e-19
11909.20000	4.93359e-19	6.76655e-19
11910.50000	4.25813e-19	6.74686e-19
11911.80000	-4.27787e-19	6.40384e-19
11913.10000	-3.25089e-19	6.23369e-19
11914.40000	1.33474e-18	6.34203e-19
11915.70000	2.08240e-19	6.26848e-19
11917.00000	-1.28631e-18	6.21900e-19
11918.30000	-9.05423e-19	5.96779e-19
11919.60000	6.23897e-19	5.41000e-19
11921.00000	2.86441e-19	5.21222e-19
11922.30000	7.60320e-20	4.81317e-19
11923.60000	1.15443e-18	4.45482e-19
11924.90000	1.37667e-18	4.44284e-19
11926.20000	1.17607e-19	4.52593e-19
11927.50000	-7.73682e-19	4.58305e-19
11928.80000	-6.07430e-19	4.73157e-19
11930.10000	1.10091e-19	4.39033e-19
11931.40000	-2.41179e-19	4.60208e-19
11932.70000	-5.66167e-19	5.38109e-19
11934.00000	-4.63433e-19	5.92991e-19
11935.30000	6.21295e-19	6.37381e-19
11936.60000	2.85804e-19	7.81182e-19
11937.90000	2.33306e-19	9.12961e-19
11939.20000	-4.61020e-19	8.63448e-19
11940.50000	-1.08631e-18	6.43075e-19
11941.80000	3.49746e-19	5.00744e-19
11943.10000	1.69672e-19	4.57052e-19
11944.40000	4.68550e-19	4.45655e-19
11945.70000	-4.63769e-19	4.41425e-19
11947.00000	-5.47449e-19	4.65952e-19
11948.30000	-4.60417e-19	5.65263e-19
11949.60000	1.27136e-19	8.82711e-19
11950.90000	-1.00311e-18	1.06112e-18
11952.20000	-5.81952e-21	1.03296e-18
11953.50000	2.96577e-19	7.98244e-19
11954.80000	-1.93934e-19	5.53163e-19
11956.10000	-1.02381e-19	4.57473e-19
11957.40000	-5.26384e-19	4.39429e-19
11958.70000	5.34368e-19	4.38056e-19
11960.00000	-4.27777e-19	4.44684e-19
11961.30000	2.60366e-19	4.43452e-19
11962.70000	3.90357e-19	4.65328e-19
11964.00000	2.43544e-19	4.78405e-19
11965.30000	-4.70588e-19	6.20536e-19
11966.60000	1.07912e-19	1.09161e-18
11967.90000	8.48069e-19	1.55197e-18
11969.20000	-1.84218e-19	1.66387e-18
11970.50000	-2.57292e-19	1.46103e-18
11971.80000	6.48438e-19	1.56636e-18
11973.10000	8.28608e-19	1.78393e-18
11974.40000	1.08027e-18	2.26104e-18
11975.70000	-1.11369e-18	2.07001e-18
11977.00000	2.63163e-19	1.63168e-18
11978.30000	-1.12191e-18	9.03194e-19
11979.60000	-3.02260e-19	6.78886e-19
11980.90000	9.07901e-19	8.63775e-19
11982.20000	2.16289e-19	1.33831e-18
11983.50000	2.95923e-19	1.58722e-18
11984.80000	1.87920e-18	1.58452e-18
11986.10000	6.60744e-19	1.69663e-18
11987.40000	-9.26066e-19	2.41280e-18
11988.70000	6.39329e-19	2.75718e-18
11990.00000	-2.35821e-19	2.12607e-18
11991.30000	-1.44339e-18	9.41177e-19
11992.60000	-6.23444e-19	5.20764e-19
11993.90000	-6.88777e-19	4.75727e-19
11995.20000	4.48588e-19	4.72581e-19
11996.50000	1.74900e-20	5.60130e-19
11997.80000	7.05418e-19	1.00545e-18
11999.10000	8.07654e-19	1.76375e-18
12000.40000	2.44657e-18	1.94879e-18
12001.70000	8.67503e-19	1.62656e-18
12003.10000	9.92280e-19	1.23906e-18
12004.40000	-3.62646e-19	1.59841e-18
12005.70000	-1.60132e-18	2.89808e-18
12007.00000	-1.88360e-18	3.37185e-18
12008.30000	-4.65650e-18	2.86228e-18
12009.60000	-1.32544e-18	1.32041e-18
12010.90000	-6.16818e-19	6.04695e-19
12012.20000	-1.99115e-19	5.26008e-19
12013.50000	7.34985e-20	5.61090e-19
12014.80000	1.45063e-19	5.46263e-19
12016.10000	1.14481e-19	4.94086e-19
12017.40000	4.71546e-19	4.47756e-19
12018.70000	3.77691e-19	4.51725e-19
12020.00000	3.58439e-19	4.94339e-19
12021.30000	4.73054e-19	7.70566e-19
12022.60000	-7.61178e-19	1.71648e-18
12023.90000	1.98677e-18	2.25908e-18
12025.20000	1.01176e-18	2.17138e-18
12026.50000	4.17178e-19	1.52504e-18
12027.80000	-8.67383e-20	1.47854e-18
12029.10000	-5.36086e-19	2.57034e-18
12030.40000	-5.39013e-18	4.01168e-18
12031.70000	-5.14788e-18	3.81277e-18
12033.00000	-6.68944e-19	1.90573e-18
12034.30000	7.78182e-19	8.86816e-19
12035.60000	1.05598e-18	6.68596e-19
12036.90000	1.07968e-19	5.47638e-19
12038.20000	-8.08399e-20	4.67995e-19
12039.50000	-2.22464e-19	4.75694e-19
12040.80000	6.18714e-21	5.78841e-19
12042.10000	1.03908e-19	7.30158e-19
12043.40000	6.12274e-20	8.24350e-19
12044.80000	-6.87930e-21	7.87318e-19
12046.10000	6.34067e-19	7.16021e-19
12047.40000	3.86209e-19	5.07414e-19
12048.70000	6.60232e-19	4.39497e-19
12050.00000	5.89276e-19	4.50055e-19
12051.30000	8.78003e-20	4.76854e-19
12052.60000	5.11800e-19	6.55444e-19
12053.90000	6.20989e-19	1.43380e-18
12055.20000	1.23849e-18	2.25390e-18
12056.50000	2.65686e-18	2.30502e-18
12057.80000	-2.53113e-19	1.63984e-18
12059.10000	-1.31455e-18	1.05642e-18
12060.40000	1.39968e-19	7.73521e-19
12061.70000	7.63422e-19	6.09859e-19
12063.00000	9.37563e-19	5.48023e-19
12064.30000	3.25131e-19	6.43574e-19
12065.60000	4.25128e-19	6.10299e-19
12066.90000	4.90477e-19	5.95013e-19
12068.20000	1.14701e-18	5.35430e-19
12069.50000	-4.47095e-19	4.75776e-19
12070.80000	3.83546e-19	4.70664e-19
12072.10000	2.12733e-19	4.70262e-19
12073.40000	2.45220e-19	4.39194e-19
12074.70000	7.31887e-20	4.15838e-19
12076.00000	5.80624e-19	4.35343e-19
12077.30000	-1.44205e-19	5.11052e-19
12078.60000	8.10703e-19	4.38934e-19
12079.90000	1.84773e-19	4.45479e-19
12081.20000	1.37232e-19	5.29249e-19
12082.50000	3.25910e-19	5.14886e-19
12083.80000	6.20258e-21	5.31790e-19
12085.20000	-5.68943e-19	4.99199e-19
12086.50000	1.58514e-19	4.57062e-19
12087.80000	6.02564e-19	4.54101e-19
12089.10000	-2.03561e-20	4.37934e-19
12090.40000	6.19039e-19	4.63629e-19
12091.70000	-3.46819e-19	4.66236e-19
12093.00000	8.79535e-19	4.74609e-19
12094.30000	-2.32237e-19	5.48602e-19
12095.60000	-5.31565e-19	6.80453e-19
12096.90000	8.53750e-20	7.55546e-19
12098.20000	-4.67255e-19	6.81822e-19
12099.50000	3.18387e-19	5.52215e-19
12100.80000	3.16648e-19	4.65106e-19
12102.10000	1.06420e-18	4.36474e-19
12103.40000	6.34872e-20	4.81482e-19
12104.70000	2.83982e-19	4.28490e-19
12106.00000	-4.03253e-19	4.62322e-19
12107.30000	3.97825e-19	4.53846e-19
12108.60000	1.17408e-19	4.19680e-19
12109.90000	-7.39255e-20	4.19036e-19
12111.20000	4.64321e-20	4.69374e-19
12112.50000	3.65366e-19	4.63808e-19
12113.80000	-3.63857e-19	5.39892e-19
12115.10000	-4.29110e-19	4.74433e-19
12116.40000	4.08842e-19	5.18941e-19
12117.70000	-5.18490e-19	8.37447e-19
12119.00000	2.38775e-19	1.71846e-18
12120.30000	-1.29365e-18	3.22339e-18
12121.60000	4.58280e-18	5.12268e-18
12122.90000	9.54196e-18	5.23999e-18
12124.20000	5.58602e-19	3.57458e-18
12125.50000	9.97521e-19	1.20748e-18
12126.90000	6.35399e-19	5.80904e-19
12128.20000	-5.75943e-19	5.83500e-19
12129.50000	6.33524e-19	9.01177e-19
12130.80000	-1.99529e-18	1.15205e-18
12132.10000	-1.95468e-18	1.20765e-18
12133.40000	-1.10273e-18	1.63647e-18
12134.70000	5.87302e-19	2.82223e-18
12136.00000	4.32962e-19	3.18514e-18
12137.30000	3.51632e-19	2.52466e-18
12138.60000	9.36231e-19	1.09267e-18
12139.90000	4.32768e-19	7.10776e-19
12141.20000	1.71752e-19	8.01788e-19
12142.50000	-8.86814e-19	9.06861e-19
12143.80000	1.93054e-19	8.82651e-19
12145.10000	-3.67540e-19	7.07485e-19
12146.40000	-4.55997e-19	6.75814e-19
12147.70000	1.97443e-19	7.81378e-19
12149.00000	2.53783e-19	8.02016e-19
12150.30000	3.71015e-19	6.76268e-19
12151.60000	2.75276e-19	6.87695e-19
12152.90000	-1.89746e-19	1.28110e-18
12154.20000	1.77659e-18	1.97151e-18
12155.50000	1.33086e-18	1.88306e-18
12156.80000	1.11621e-18	1.29328e-18
12158.10000	7.21799e-19	7.41306e-19
12159.40000	2.72542e-19	5.91891e-19
12160.70000	-6.23082e-19	5.84164e-19
12162.00000	-7.25914e-19	6.17243e-19
12163.30000	5.80572e-19	6.03910e-19
12164.60000	7.66004e-19	5.96429e-19
12165.90000	1.78227e-19	6.36982e-19
12167.20000	7.66454e-20	7.42012e-19
12168.60000	-2.84647e-19	5.12277e-19
12169.90000	5.91512e-21	4.52944e-19
12171.20000	2.73308e-19	4.93892e-19
12172.50000	6.02929e-19	5.59500e-19
12173.80000	4.10766e-19	5.65745e-19
12175.10000	5.15385e-19	4.95572e-19
12176.40000	-5.21540e-19	5.39141e-19
12177.70000	-9.73526e-19	8.21723e-19
12179.00000	1.85866e-19	1.10868e-18
12180.30000	6.60695e-19	1.16634e-18
12181.60000	-1.00319e-18	9.35642e-19
12182.90000	-1.84556e-19	5.99087e-19
12184.20000	1.85163e-19	4.36352e-19
12185.50000	3.13257e-19	4.12074e-19
12186.80000	6.73280e-19	4.14329e-19
12188.10000	5.83269e-21	4.11938e-19
12189.40000	-4.98887e-20	4.05122e-19
12190.70000	2.03629e-19	4.14886e-19
12192.00000	-1.95092e-19	4.88374e-19
12193.30000	-2.05631e-19	8.20453e-19
12194.60000	-2.61975e-18	1.74471e-18
12195.90000	-2.09364e-18	2.48927e-18
12197.20000	1.44778e-18	2.34007e-18
12198.50000	5.80200e-20	1.24014e-18
12199.80000	1.16713e-18	5.57968e-19
12201.10000	1.37559e-19	4.31345e-19
12202.40000	-3.44237e-19	4.39669e-19
12203.70000	-5.24689e-19	4.57198e-19
12205.00000	-4.95418e-19	4.42717e-19
12206.30000	-4.03402e-19	4.35390e-19
12207.60000	-2.09151e-20	4.77196e-19
12209.00000	1.30866e-19	5.89717e-19
12210.30000	-9.01615e-20	6.69237e-19
12211.60000	-7.01861e-21	6.96343e-19
12212.90000	7.97486e-19	6.39608e-19
12214.20000	6.60114e-19	5.40256e-19
12215.50000	5.24943e-19	4.32029e-19
12216.80000	-4.65143e-19	4.03159e-19
12218.10000	-1.83339e-19	4.12618e-19
12219.40000	-1.49364e-19	4.21979e-19
12220.70000	-2.07431e-19	4.70597e-19
12222.00000	3.77982e-19	5.03832e-19
12223.30000	6.01220e-19	5.30281e-19
12224.60000	1.36106e-18	5.73335e-19
12225.90000	1.39052e-18	8.77174e-19
12227.20000	1.85361e-18	2.54127e-18
12228.50000	1.43294e-18	4.54594e-18
12229.80000	3.52544e-18	4.58911e-18
12231.10000	3.09111e-18	2.82914e-18
12232.40000	-4.64245e-20	9.63572e-19
12233.70000	1.21751e-18	5.45514e-19
12235.00000	3.80964e-19	4.74146e-19
12236.30000	5.54897e-20	5.40880e-19
12237.60000	-1.02470e-19	7.57206e-19
12238.90000	3.67957e-19	8.73801e-19
12240.20000	-3.10637e-19	7.81360e-19
12241.50000	-3.05682e-19	6.32381e-19
12242.80000	-2.13132e-19	5.05784e-19
12244.10000	-4.16765e-19	4.62516e-19
12245.40000	-1.85105e-19	5.13710e-19
12246.70000	2.80306e-19	6.55870e-19
12248.00000	1.19480e-18	7.65305e-19
12249.30000	6.02734e-19	8.34929e-19
12250.70000	5.60532e-20	7.62886e-19
12252.00000	1.24273e-18	6.46498e-19
12253.30000	-4.29638e-20	5.69049e-19
12254.60000	8.83924e-19	7.71953e-19
12255.90000	1.29004e-18	1.90736e-18
12257.20000	-6.94167e-19	2.81358e-18
12258.50000	-3.20960e-19	2.87219e-18
12259.80000	-4.23712e-19	1.62022e-18
12261.10000	-7.87356e-19	5.77437e-19
12262.40000	-3.45102e-19	4.23746e-19
12263.70000	2.27603e-19	4.03156e-19
12265.00000	3.76774e-20	3.93446e-19
12266.30000	-2.04181e-19	3.96320e-19
12267.60000	6.26527e-19	3.88564e-19
12268.90000	5.67616e-19	3.95324e-19
12270.20000	6.87130e-20	4.01252e-19
12271.50000	6.29039e-19	4.11167e-19
12272.80000	3.67354e-19	3.96527e-19
12274.10000	3.60063e-19	3.85504e-19
12275.40000	4.35066e-19	3.95818e-19
12276.70000	6.06607e-19	3.94383e-19
12278.00000	1.06994e-19	3.84282e-19
12279.30000	2.03021e-19	3.98791e-19
12280.60000	7.74464e-19	4.20952e-19
12281.90000	4.92607e-19	4.74416e-19
12283.20000	1.52401e-19	7.21161e-19
12284.50000	3.66461e-19	1.90237e-18
12285.80000	-1.73477e-18	4.19692e-18
12287.10000	-1.81034e-18	4.61252e-18
12288.40000	2.77850e-18	3.51258e-18
12289.70000	9.14890e-19	1.33873e-18
12291.10000	-1.92576e-19	7.11727e-19
12292.40000	5.79073e-19	5.71658e-19
12293.70000	6.97173e-19	5.10947e-19
12295.00000	-1.55164e-19	4.95473e-19
12296.30000	2.33217e-19	5.85158e-19
12297.60000	8.09981e-19	6.67343e-19
12298.90000	-3.26480e-20	6.57595e-19
12300.20000	-5.78620e-20	5.99408e-19
12301.50000	-3.44681e-19	5.86432e-19
12302.80000	-4.05646e-19	6.77188e-19
12304.10000	7.38765e-19	6.30622e-19
12305.40000	1.14409e-18	5.32089e-19
12306.70000	1.39777e-19	5.11119e-19
12308.00000	-3.73335e-19	5.21053e-19
12309.30000	-1.75300e-19	4.82818e-19
12310.60000	-2.72677e-19	4.42435e-19
12311.90000	-8.11306e-20	4.70006e-19
12313.20000	-5.20995e-19	6.07351e-19
12314.50000	-1.21563e-18	6.73949e-19
12315.80000	-8.41245e-19	6.19619e-19
12317.10000	-2.78290e-19	4.69735e-19
12318.40000	-1.68956e-19	3.96349e-19
12319.70000	-6.17165e-20	3.94918e-19
12321.00000	-4.11417e-19	4.84242e-19
12322.30000	-3.08447e-19	5.35861e-19
12323.60000	6.63281e-19	1.36126e-18
12324.90000	2.78535e-18	2.92868e-18
12326.20000	3.11335e-18	3.11576e-18
12327.50000	-3.69422e-19	1.86256e-18
12328.80000	-1.11375e-18	7.39043e-19
12330.10000	-3.40124e-19	4.36498e-19
12331.40000	2.54284e-20	4.11264e-19
12332.80000	-6.35114e-20	4.46545e-19
12334.10000	2.39166e-19	3.93369e-19
12335.40000	1.07558e-19	3.81982e-19
12336.70000	-3.32040e-19	3.88140e-19
12338.00000	-5.57495e-19	4.04261e-19
12339.30000	-9.85505e-20	4.20826e-19
12340.60000	7.51689e-19	4.33047e-19
12341.90000	4.83817e-19	4.30455e-19
12343.20000	9.06776e-20	4.34207e-19
12344.50000	4.06922e-19	4.43152e-19
12345.80000	4.44417e-19	4.42851e-19
12347.10000	-1.36749e-19	4.86246e-19
12348.40000	7.11492e-19	8.09274e-19
12349.70000	2.37884e-18	2.60689e-18
12351.00000	-6.19094e-18	3.99285e-18
12352.30000	-1.62184e-18	3.93628e-18
12353.60000	1.48734e-18	2.44501e-18
12354.90000	-3.15101e-19	1.04829e-18
12356.20000	-8.57642e-21	6.45447e-19
12357.50000	-2.93743e-19	4.99226e-19
12358.80000	-2.33145e-19	4.47050e-19
12360.10000	-3.18163e-19	5.28512e-19
12361.40000	-9.09993e-20	6.45120e-19
12362.70000	1.07326e-19	7.11342e-19
12364.00000	1.70373e-19	7.01950e-19
12365.30000	-4.67178e-20	6.13734e-19
12366.60000	-2.17770e-20	5.03641e-19
12367.90000	3.69447e-19	5.25885e-19
12369.20000	-4.38586e-20	5.25752e-19
12370.50000	-6.60327e-19	4.23386e-19
12371.80000	4.87095e-19	4.20629e-19
12373.20000	-2.00377e-20	4.29111e-19
12374.50000	-6.87891e-20	4.48814e-19
12375.80000	-1.81871e-19	4.68248e-19
12377.10000	-5.61593e-19	4.69600e-19
12378.40000	-4.82986e-19	4.45457e-19
12379.70000	-1.66749e-19	4.15354e-19
12381.00000	-2.55441e-19	4.02895e-19
12382.30000	6.80875e-19	3.87764e-19
12383.60000	-3.19788e-19	4.00864e-19
12384.90000	-6.52024e-19	4.57753e-19
12386.20000	5.66248e-19	3.88156e-19
12387.50000	7.95838e-19	3.83210e-19
12388.80000	1.66479e-19	4.13440e-19
12390.10000	5.09621e-19	4.70625e-19
12391.40000	-4.04323e-19	6.08689e-19
12392.70000	-2.68632e-19	7.36971e-19
12394.00000	6.54471e-19	7.21906e-19
12395.30000	5.35619e-19	5.83674e-19
12396.60000	-4.39749e-19	4.95124e-19
12397.90000	-6.10849e-19	6.78218e-19
12399.20000	-3.97743e-19	1.71750e-18
12400.50000	2.85766e-20	2.26861e-18
12401.80000	-5.51728e-19	1.99237e-18
12403.10000	-3.22069e-19	1.00479e-18
12404.40000	2.79493e-19	5.38793e-19
12405.70000	4.26821e-19	4.44615e-19
12407.00000	7.12366e-19	4.01336e-19
12408.30000	4.11141e-21	4.40025e-19
12409.60000	-5.34568e-19	4.03569e-19
12410.90000	-5.66105e-19	3.87226e-19
12412.20000	-8.21645e-19	4.04088e-19
12413.50000	-2.64279e-19	4.27961e-19
12414.90000	4.20064e-19	3.91112e-19
12416.20000	4.75914e-19	4.01449e-19
12417.50000	-3.61118e-19	4.25641e-19
12418.80000	5.43163e-20	4.62947e-19
12420.10000	-8.34966e-19	7.11387e-19
12421.40000	-3.19955e-18	1.92619e-18
12422.70000	-4.32224e-18	3.09862e-18
12424.00000	2.57958e-18	3.02522e-18
12425.30000	1.84813e-19	1.95148e-18
12426.60000	-1.73302e-18	9.87256e-19
12427.90000	-7.35070e-19	7.35405e-19
12429.20000	5.81423e-19	6.00587e-19
12430.50000	7.53732e-19	4.60139e-19
12431.80000	5.76047e-20	4.10608e-19
12433.10000	-4.93455e-19	4.13624e-19
12434.40000	-7.17736e-19	4.01555e-19
12435.70000	-5.84261e-19	3.85535e-19
12437.00000	-2.16511e-19	3.84240e-19
12438.30000	-1.04373e-19	3.85693e-19
12439.60000	1.53914e-19	3.93843e-19
12440.90000	-1.21620e-19	4.10021e-19
12442.20000	-2.28486e-19	4.17061e-19
12443.50000	2.26705e-19	4.10173e-19
12444.80000	3.53216e-19	4.12643e-19
12446.10000	1.62593e-19	4.76347e-19
12447.40000	1.73149e-19	5.47365e-19
12448.70000	7.36565e-20	5.55009e-19
12450.00000	-8.33609e-20	6.00289e-19
12451.30000	2.86066e-19	6.70020e-19
12452.60000	3.50515e-19	6.45662e-19
12453.90000	-4.09017e-19	5.65705e-19
12455.30000	-5.38492e-19	5.10539e-19
12456.60000	-2.76121e-19	5.26149e-19
12457.90000	-2.86876e-19	5.21817e-19
12459.20000	4.06812e-19	4.75855e-19
12460.50000	2.09184e-19	4.36078e-19
12461.80000	5.53521e-19	4.36054e-19
12463.10000	-6.66166e-20	4.20176e-19
12464.40000	-1.88976e-19	4.14738e-19
12465.70000	3.42845e-19	4.36120e-19
12467.00000	7.49665e-19	4.59455e-19
12468.30000	2.51825e-19	4.57347e-19
12469.60000	-1.60800e-19	4.48235e-19
12470.90000	3.70452e-19	4.55454e-19
12472.20000	-2.66156e-19	5.25781e-19
12473.50000	-8.56487e-19	6.19928e-19
12474.80000	-8.90916e-19	7.00804e-19
12476.10000	3.61638e-20	7.25171e-19
12477.40000	4.15833e-19	7.04470e-19
12478.70000	2.02438e-19	6.44414e-19
12480.00000	-2.73580e-19	8.72581e-19
12481.30000	1.18041e-18	1.42262e-18
12482.60000	-5.21505e-19	1.75450e-18
12483.90000	-1.13110e-19	1.54287e-18
12485.20000	-1.01272e-19	9.64442e-19
12486.50000	-3.54653e-19	6.96297e-19
12487.80000	6.90256e-20	6.20021e-19
12489.10000	-5.82899e-19	5.00110e-19
12490.40000	-5.95795e-20	4.21588e-19
12491.70000	-1.63668e-19	3.97407e-19
12493.00000	2.28125e-19	4.29448e-19
12494.30000	-1.02690e-18	5.62467e-19
12495.60000	-8.47734e-19	6.69797e-19
12497.00000	4.16380e-19	6.75018e-19
12498.30000	6.86279e-19	5.98344e-19
12499.60000	6.67362e-19	8.59466e-19
12500.90000	1.31768e-18	1.71512e-18
12502.20000	4.01475e-19	2.14471e-18
12503.50000	-1.57810e-18	1.91301e-18
12504.80000	-1.70851e-18	1.14374e-18
12506.10000	3.27830e-20	5.39000e-19
12507.40000	6.15204e-20	4.41289e-19
12508.70000	1.12483e-18	5.30026e-19
12510.00000	1.33818e-18	7.77341e-19
12511.30000	4.32709e-19	9.08300e-19
12512.60000	3.43211e-19	7.50430e-19
12513.90000	2.39795e-19	5.05056e-19
12515.20000	6.11196e-19	4.54578e-19
12516.50000	2.25127e-19	4.67629e-19
12517.80000	7.39092e-19	4.72879e-19
12519.10000	-5.86724e-19	4.68980e-19
12520.40000	5.30858e-19	4.62121e-19
12521.70000	3.72474e-19	4.65680e-19
12523.00000	-7.15180e-19	4.97557e-19
12524.30000	-6.54897e-20	7.22481e-19
12525.60000	6.20357e-19	1.02279e-18
12526.90000	-4.58029e-19	1.03992e-18
12528.20000	-1.40119e-18	7.90792e-19
12529.50000	-8.65449e-20	5.30494e-19
12530.80000	-7.73759e-19	4.98063e-19
12532.10000	-6.00066e-19	4.96613e-19
12533.40000	6.36196e-19	4.40778e-19
12534.70000	5.09747e-19	4.14318e-19
12536.00000	-4.78264e-20	4.26418e-19
12537.40000	-7.04954e-20	4.45758e-19
12538.70000	7.99910e-19	4.77960e-19
12540.00000	3.20935e-19	7.26719e-19
12541.30000	-8.71601e-20	1.10452e-18
12542.60000	-1.17779e-18	1.14626e-18
12543.90000	3.91657e-19	8.55530e-19
12545.20000	-1.93071e-19	5.35821e-19
12546.50000	3.92703e-19	4.81999e-19
12547.80000	-1.53857e-20	4.79595e-19
12549.10000	3.92646e-19	4.78626e-19
12550.40000	1.56606e-19	4.64559e-19
12551.70000	2.70457e-19	4.56905e-19
12553.00000	5.72038e-19	4.64114e-19
12554.30000	1.72961e-19	4.91097e-19
12555.60000	-2.48211e-19	6.72670e-19
12556.90000	-2.02543e-19	1.09658e-18
12558.20000	-2.21923e-19	1.19132e-18
12559.50000	8.61813e-19	9.72749e-19
12560.80000	-7.62316e-19	5.63444e-19
12562.10000	-2.77925e-19	4.53231e-19
12563.40000	-5.19140e-19	4.54642e-19
12564.70000	-2.60894e-19	4.31254e-19
12566.00000	4.21152e-19	4.28908e-19
12567.30000	-4.02272e-19	4.73747e-19
12568.60000	-9.26972e-19	6.18139e-19
12569.90000	-4.90988e-19	1.03052e-18
12571.20000	-1.30766e-18	1.30990e-18
12572.50000	6.29994e-19	1.45904e-18
12573.80000	1.10192e-18	1.34874e-18
12575.10000	8.58733e-19	1.20243e-18
12576.40000	9.66799e-19	8.14259e-19
12577.70000	3.75010e-19	5.42975e-19
12579.10000	-1.96887e-19	5.13963e-19
12580.40000	-2.39314e-19	5.26549e-19
12581.70000	-1.65310e-19	5.36267e-19
12583.00000	-3.03387e-20	5.52917e-19
12584.30000	-6.30227e-19	5.94748e-19
12585.60000	-3.17601e-20	7.44201e-19
12586.90000	-5.58943e-19	1.13755e-18
12588.20000	1.37381e-18	1.58486e-18
12589.50000	1.61629e-18	1.85136e-18
12590.80000	-3.08345e-20	1.71290e-18
12592.10000	-1.35138e-18	1.33150e-18
12593.40000	-1.49421e-20	9.71644e-19
12594.70000	-4.81002e-19	8.28936e-19
12596.00000	2.09996e-20	8.69974e-19
12597.30000	-3.50946e-19	1.06025e-18
12598.60000	1.59723e-19	1.12212e-18
12599.90000	3.45032e-19	1.19547e-18
12601.20000	-2.70208e-19	1.04453e-18
12602.50000	1.34601e-18	1.13553e-18
12603.80000	-7.21912e-20	1.27438e-18
12605.10000	1.32715e-19	1.39432e-18
12606.40000	4.91104e-19	1.60106e-18
12607.70000	1.78866e-19	1.70859e-18
12609.00000	-1.87622e-18	1.71719e-18
12610.30000	-3.96535e-19	1.57928e-18
12611.60000	1.10077e-18	1.49685e-18
12612.90000	6.96936e-19	1.56785e-18
12614.20000	2.07457e-18	1.54544e-18
12615.50000	1.36354e-18	1.54106e-18
12616.80000	5.07621e-19	1.53378e-18
12618.10000	5.02196e-20	1.46029e-18
12619.50000	-1.17289e-18	1.44591e-18
12620.80000	-1.32737e-18	1.49954e-18
12622.10000	4.07191e-20	1.37580e-18
12623.40000	-2.06693e-18	1.47842e-18
12624.70000	-1.04383e-18	1.63613e-18
12626.00000	-4.26914e-19	1.66360e-18
12627.30000	5.91378e-19	1.46837e-18
12628.60000	-3.09978e-20	1.19138e-18
12629.90000	1.22522e-18	1.08801e-18
12631.20000	1.13828e-18	1.05355e-18
12632.50000	1.67142e-18	1.09407e-18
12633.80000	9.19925e-19	1.14516e-18
12635.10000	1.10918e-18	1.08137e-18
12636.40000	6.24406e-19	9.65911e-19
12637.70000	1.80946e-19	9.08204e-19
12639.00000	1.66463e-18	9.69890e-19
12640.30000	2.62267e-18	1.20314e-18
12641.60000	8.56523e-19	1.56775e-18
12642.90000	1.29271e-18	1.61722e-18
12644.20000	2.97051e-18	1.33114e-18
12645.50000	2.20013e-18	9.25954e-19
12646.80000	3.27756e-18	8.87157e-19
12648.10000	2.12076e-18	9.90798e-19
12649.40000	3.69884e-19	1.01557e-18
12650.70000	3.24800e-18	9.27064e-19
12652.00000	2.72497e-18	8.28034e-19
12653.30000	2.24388e-18	7.57421e-19
12654.60000	2.63214e-18	8.15162e-19
12655.90000	1.74767e-18	1.06800e-18
12657.20000	9.79268e-19	1.19260e-18
12658.50000	4.88212e-20	1.45798e-18
12659.80000	-4.01934e-19	1.72360e-18
12661.20000	-1.38708e-18	1.67565e-18
12662.50000	1.48360e-18	1.35754e-18
12663.80000	-1.97123e-19	1.29312e-18
12665.10000	-6.29567e-19	1.56259e-18
12666.40000	-2.20865e-18	1.92152e-18
12667.70000	-9.20245e-20	1.49805e-18
12669.00000	7.81056e-19	1.22050e-18
12670.30000	4.88192e-19	9.21683e-19
12671.60000	6.36576e-19	9.33115e-19
12672.90000	1.62109e-18	1.55969e-18
12674.20000	1.20844e-18	1.91696e-18
12675.50000	3.50553e-19	1.81104e-18
12676.80000	5.56436e-20	1.25459e-18
12678.10000	-2.30925e-19	9.41533e-19
12679.40000	-5.30481e-19	8.45221e-19
12680.70000	1.14018e-18	1.17079e-18
12682.00000	4.68659e-18	2.41600e-18
12683.30000	1.84214e-18	3.95017e-18
12684.60000	3.63362e-18	4.96385e-18
12685.90000	4.72939e-18	5.17659e-18
12687.20000	1.61886e-18	4.82726e-18
12688.50000	4.71445e-18	4.31189e-18
12689.80000	1.22685e-18	3.89647e-18
12691.10000	1.69671e-18	3.51223e-18
12692.40000	4.68219e-19	3.26717e-18
12693.70000	-3.52993e-18	3.06116e-18
12695.00000	1.31464e-18	3.09165e-18
12696.30000	-3.93474e-19	3.23187e-18
12697.60000	1.99341e-18	3.20508e-18
12698.90000	1.29186e-18	3.00423e-18
12700.20000	1.64768e-19	2.66131e-18
12701.50000	-2.58934e-18	2.30782e-18
12702.90000	-8.56839e-20	1.76632e-18
12704.20000	9.49790e-20	1.46224e-18
12705.50000	5.69475e-19	1.72732e-18
12706.80000	8.16706e-19	1.93656e-18
12708.10000	3.20191e-18	2.13757e-18
12709.40000	2.30487e-18	2.50714e-18
12710.70000	1.53666e-18	2.04584e-18
12712.00000	1.07304e-18	1.60073e-18
12713.30000	-4.02549e-19	8.87314e-19
12714.60000	-8.86390e-20	8.62213e-19
12715.90000	-6.47565e-20	1.25703e-18
12717.20000	6.96567e-19	1.45911e-18
12718.50000	-9.74036e-19	1.72470e-18
12719.80000	9.98577e-20	1.80045e-18
12721.10000	1.01211e-18	1.75406e-18
12722.40000	9.80164e-19	1.37588e-18
12723.70000	5.33205e-19	1.51663e-18
12725.00000	5.98532e-19	2.03357e-18
12726.30000	-1.73921e-18	2.13055e-18
12727.60000	7.36898e-20	1.79923e-18
12728.90000	1.98808e-18	2.01003e-18
12730.20000	-2.99120e-19	2.19414e-18
12731.50000	-2.05223e-18	1.53436e-18
12732.80000	-1.63339e-19	8.90308e-19
12734.10000	4.01026e-19	6.38936e-19
12735.40000	-4.22921e-19	8.18397e-19
12736.70000	-1.29468e-19	1.35778e-18
12738.00000	1.87854e-19	1.57808e-18
12739.30000	-5.92840e-19	1.81788e-18
12740.60000	1.61661e-18	1.81916e-18
12741.90000	1.45611e-18	1.82728e-18
12743.30000	-1.00247e-18	2.07195e-18
12744.60000	-1.42832e-18	2.14154e-18
12745.90000	-1.63455e-18	2.37958e-18
12747.20000	2.39665e-18	2.38470e-18
12748.50000	1.04047e-18	2.95747e-18
12749.80000	-2.58679e-18	3.04893e-18
12751.10000	-5.95007e-19	2.88797e-18
12752.40000	6.02333e-19	3.12984e-18
12753.70000	2.44601e-19	3.09435e-18
12755.00000	1.04950e-18	1.57477e-18
12756.30000	7.24602e-19	1.00163e-18
12757.60000	9.94000e-19	1.27196e-18
12758.90000	-3.25094e-19	2.14580e-18
12760.20000	-1.13288e-18	2.65606e-18
12761.50000	-4.97231e-19	3.07318e-18
12762.80000	-1.30561e-18	3.76607e-18
12764.10000	2.03565e-19	3.84986e-18
12765.40000	1.47819e-18	3.25255e-18
12766.70000	3.44299e-18	1.58036e-18
12768.00000	1.83375e-19	8.95249e-19
12769.30000	-6.56892e-19	1.25518e-18
12770.60000	-2.00790e-18	1.84762e-18
12771.90000	-1.25205e-18	2.06472e-18
12773.20000	7.48855e-19	2.08628e-18
12774.50000	1.35058e-18	2.12300e-18
12775.80000	6.16345e-19	2.48934e-18
12777.10000	-2.82009e-19	2.35972e-18
12778.40000	1.35959e-18	1.91046e-18
12779.70000	3.43540e-18	1.65551e-18
12781.00000	2.08704e-18	3.02936e-18
12782.30000	-4.40829e-18	4.20007e-18
12783.60000	-1.30636e-18	4.25430e-18
12785.00000	-9.06101e-20	3.18126e-18
12786.30000	-1.84500e-18	2.18598e-18
12787.60000	-1.69682e-18	1.33284e-18
12788.90000	-3.49577e-20	6.65988e-19
12790.20000	1.91128e-19	4.79025e-19
12791.50000	-9.90735e-20	5.07368e-19
12792.80000	7.89022e-19	8.15428e-19
12794.10000	1.23248e-18	1.23910e-18
12795.40000	1.05048e-18	1.37872e-18
12796.70000	4.36584e-19	1.43583e-18
12798.00000	-1.22970e-19	1.37662e-18
12799.30000	1.15235e-18	1.77953e-18
12800.60000	1.09742e-18	2.42819e-18
12801.90000	4.64807e-19	2.65721e-18
12803.20000	2.78144e-18	2.68091e-18
12804.50000	2.78632e-18	2.71862e-18
12805.80000	2.96768e-18	3.64855e-18
12807.10000	3.88116e-18	3.71534e-18
12808.40000	1.15545e-18	2.98157e-18
12809.70000	-6.78691e-19	1.50222e-18
12811.00000	-4.20890e-19	9.30883e-19
12812.30000	-5.24713e-20	6.05606e-19
12813.60000	-3.67074e-19	4.90594e-19
12814.90000	2.67712e-20	4.82869e-19
12816.20000	7.30687e-19	4.98404e-19
12817.50000	4.77723e-19	6.00818e-19
12818.80000	6.80488e-19	7.32041e-19
12820.10000	5.82062e-19	8.49852e-19
12821.40000	-1.75484e-19	9.41769e-19
12822.70000	-8.42638e-19	1.30176e-18
12824.00000	-3.67068e-19	1.86211e-18
12825.40000	1.27157e-18	1.85105e-18
12826.70000	-9.17091e-20	1.21046e-18
12828.00000	5.46765e-19	6.51489e-19
12829.30000	-5.50416e-20	6.19229e-19
12830.60000	-4.51161e-19	8.23708e-19
12831.90000	-4.56181e-19	1.16425e-18
12833.20000	-1.24405e-18	2.02844e-18
12834.50000	-1.89075e-18	2.32884e-18
12835.80000	-1.96423e-19	1.95886e-18
12837.10000	1.80719e-19	9.73041e-19
12838.40000	7.52185e-19	5.36949e-19
12839.70000	2.59104e-19	4.46044e-19
12841.00000	1.12879e-18	4.38193e-19
12842.30000	-2.44158e-19	5.32865e-19
12843.60000	-9.46229e-19	1.06052e-18
12844.90000	-3.07633e-19	1.60017e-18
12846.20000	1.98402e-18	1.59599e-18
12847.50000	7.42173e-20	1.05272e-18
12848.80000	2.51097e-19	5.96621e-19
12850.10000	6.06889e-19	4.83554e-19
12851.40000	7.65775e-20	4.42984e-19
12852.70000	1.53800e-20	4.43093e-19
12854.00000	6.62577e-19	5.63094e-19
12855.30000	9.86191e-19	4.76906e-19
12856.60000	-5.81463e-20	4.48086e-19
12857.90000	2.54871e-19	4.51773e-19
12859.20000	1.57137e-19	4.62372e-19
12860.50000	-6.42309e-19	4.70130e-19
12861.80000	-1.38304e-19	4.75625e-19
12863.10000	8.12472e-19	5.17448e-19
12864.40000	6.16358e-19	8.31393e-19
12865.70000	9.48016e-19	1.36362e-18
12867.10000	-4.69152e-19	1.33710e-18
12868.40000	2.36543e-19	1.00338e-18
12869.70000	1.38312e-19	6.61850e-19
12871.00000	-6.96441e-19	6.45774e-19
12872.30000	-4.07077e-19	6.91943e-19
12873.60000	-2.71285e-19	6.47180e-19
12874.90000	2.46459e-19	5.33324e-19
12876.20000	4.98194e-19	4.49217e-19
12877.50000	3.24766e-19	4.20829e-19
12878.80000	1.96452e-19	4.24720e-19
12880.10000	7.56542e-19	5.25031e-19
12881.40000	4.15279e-19	7.43273e-19
12882.70000	5.23490e-19	8.57461e-19
12884.00000	6.51585e-19	8.07189e-19
12885.30000	3.03307e-19	7.70674e-19
12886.60000	-8.85087e-19	1.03617e-18
12887.90000	-5.79287e-20	1.06516e-18
12889.20000	-4.26764e-19	9.54303e-19
12890.50000	6.42050e-19	6.27804e-19
12891.80000	-2.28199e-19	5.83101e-19
12893.10000	-1.11802e-18	7.55229e-19
12894.40000	-2.80198e-19	8.92492e-19
12895.70000	9.30858e-19	9.41628e-19
12897.00000	1.16224e-18	8.62476e-19
12898.30000	4.76232e-19	7.82408e-19
12899.60000	-1.50576e-19	7.15528e-19
12900.90000	-2.07925e-18	9.40672e-19
12902.20000	-1.94963e-20	1.75596e-18
12903.50000	-2.49445e-18	3.24230e-18
12904.80000	-1.25715e-18	5.16668e-18
12906.10000	5.00055e-18	5.30672e-18
12907.50000	2.44797e-18	3.84475e-18
12908.80000	-6.32481e-19	1.45088e-18
12910.10000	-1.38602e-18	9.48745e-19
12911.40000	-7.16948e-19	7.46823e-19
12912.70000	-1.77420e-19	6.40445e-19
12914.00000	5.30787e-19	8.24460e-19
12915.30000	1.07440e-18	1.09475e-18
12916.60000	7.75415e-19	1.17706e-18
12917.90000	3.12172e-19	1.12108e-18
12919.20000	3.27895e-19	2.01248e-18
12920.50000	1.35784e-19	3.26756e-18
12921.80000	1.05883e-18	3.21519e-18
12923.10000	2.72513e-19	1.91627e-18
12924.40000	-3.01455e-20	7.84608e-19
12925.70000	-1.03009e-19	5.00447e-19
12927.00000	2.77336e-19	4.60030e-19
12928.30000	5.80898e-20	4.69123e-19
12929.60000	8.33016e-19	5.32000e-19
12930.90000	3.82643e-19	6.10789e-19
12932.20000	1.93154e-19	6.13225e-19
12933.50000	1.03593e-19	6.28968e-19
12934.80000	1.60889e-18	6.99193e-19
12936.10000	3.39697e-20	8.09907e-19
12937.40000	2.77925e-19	7.02957e-19
12938.70000	1.59980e-19	5.31539e-19
12940.00000	4.39590e-19	6.46267e-19
12941.30000	9.37584e-19	1.39671e-18
12942.60000	2.38975e-19	2.01585e-18
12943.90000	-1.84840e-18	2.08721e-18
12945.20000	-3.35750e-19	1.28080e-18
12946.50000	5.46708e-19	6.04209e-19
12947.80000	-5.36646e-20	4.62191e-19
12949.20000	1.33968e-19	4.66920e-19
12950.50000	3.32255e-19	5.06504e-19
12951.80000	3.75507e-19	6.12444e-19
12953.10000	-4.25001e-19	6.38204e-19
12954.40000	2.57639e-19	6.79187e-19
12955.70000	1.42764e-18	6.19737e-19
12957.00000	3.83738e-19	5.04653e-19
12958.30000	9.34194e-19	4.64022e-19
12959.60000	4.27325e-19	4.66071e-19
12960.90000	3.72200e-19	4.80911e-19
12962.20000	4.26357e-19	5.27075e-19
12963.50000	1.11656e-18	5.74897e-19
12964.80000	-5.10355e-19	5.95604e-19
12966.10000	-4.81147e-19	5.78705e-19
12967.40000	7.32770e-19	4.40530e-19
12968.70000	1.07423e-18	5.19127e-19
12970.00000	-6.90503e-19	8.69390e-19
12971.30000	-3.91398e-19	1.19072e-18
12972.60000	-1.62255e-19	1.21409e-18
12973.90000	1.37315e-18	9.56649e-19
12975.20000	1.61628e-18	6.53187e-19
12976.50000	3.42904e-19	5.22296e-19
12977.80000	-5.65834e-19	5.08138e-19
12979.10000	3.58099e-19	4.79647e-19
12980.40000	6.74972e-19	4.53453e-19
12981.70000	1.37968e-18	4.87931e-19
12983.00000	1.91886e-18	8.56248e-19
12984.30000	-1.09010e-18	2.07681e-18
12985.60000	-3.24540e-18	2.50750e-18
12986.90000	-2.31654e-18	2.04879e-18
12988.20000	-5.26864e-19	8.85524e-19
12989.60000	2.67508e-19	4.67218e-19
12990.90000	2.31701e-19	3.88975e-19
12992.20000	-2.50605e-19	3.79275e-19
12993.50000	-1.85866e-19	4.77634e-19
12994.80000	4.01608e-19	4.35426e-19
12996.10000	3.89614e-19	4.26642e-19
12997.40000	7.79440e-19	4.39910e-19
12998.70000	1.07627e-19	4.78328e-19
13000.00000	-4.31386e-19	5.73402e-19
13001.30000	-3.33110e-19	7.20178e-19
13002.60000	9.79923e-20	7.75184e-19
13003.90000	1.49337e-18	7.22811e-19
13005.20000	1.15328e-18	6.60405e-19
13006.50000	4.72410e-19	6.56883e-19
13007.80000	-2.66593e-19	7.31007e-19
13009.10000	5.78641e-19	7.11874e-19
13010.40000	1.51311e-20	7.10950e-19
13011.70000	8.73278e-19	6.90374e-19
13013.00000	5.09171e-19	7.50363e-19
13014.30000	2.31355e-19	8.03931e-19
13015.60000	8.01108e-19	7.93378e-19
13016.90000	5.67164e-19	6.79054e-19
13018.20000	1.39441e-18	8.26790e-19
13019.50000	1.19665e-18	2.12941e-18
13020.80000	1.17676e-18	4.13282e-18
13022.10000	4.11092e-18	4.27940e-18
13023.40000	-2.20384e-18	2.75515e-18
13024.70000	-1.33852e-18	1.06638e-18
13026.00000	2.66719e-19	5.88317e-19
13027.30000	-6.59300e-19	4.12564e-19
13028.60000	-4.42320e-19	3.80094e-19
13029.90000	-6.69992e-19	3.76825e-19
13031.30000	-1.96222e-20	3.75665e-19
13032.60000	1.07242e-19	3.79503e-19
13033.90000	-4.01752e-20	3.93772e-19
13035.20000	7.15328e-20	4.06023e-19
13036.50000	3.62013e-19	3.57378e-19
13037.80000	4.45743e-19	3.48692e-19
13039.10000	3.22864e-19	3.61572e-19
13040.40000	-3.84776e-19	3.87222e-19
13041.70000	-7.23367e-19	4.50080e-19
13043.00000	5.03291e-19	4.98541e-19
13044.30000	8.03529e-19	4.80558e-19
13045.60000	1.33070e-19	4.48413e-19
13046.90000	-2.07414e-19	4.44533e-19
13048.20000	-3.40043e-19	5.70641e-19
13049.50000	2.27537e-20	8.57926e-19
13050.80000	1.00024e-18	1.90968e-18
13052.10000	4.17383e-18	2.91035e-18
13053.40000	2.59252e-18	2.81445e-18
13054.70000	3.73140e-18	2.24995e-18
13056.00000	1.38820e-18	9.54054e-19
13057.30000	9.86463e-19	5.95520e-19
13058.60000	7.62566e-19	4.83026e-19
13059.90000	-1.64723e-19	5.05694e-19
13061.20000	2.43206e-19	5.13812e-19
13062.50000	4.03518e-19	4.73689e-19
13063.80000	1.42093e-19	4.26093e-19
13065.10000	5.19001e-19	3.88455e-19
13066.40000	2.49083e-20	3.88886e-19
13067.70000	-1.03917e-19	3.53912e-19
13069.00000	3.15295e-19	3.50983e-19
13070.30000	9.27225e-20	3.34857e-19
13071.70000	3.27919e-19	3.34523e-19
13073.00000	9.28404e-19	3.47548e-19
13074.30000	8.90407e-19	3.69450e-19
13075.60000	2.95062e-19	3.77602e-19
13076.90000	1.32991e-19	3.71571e-19
13078.20000	1.84864e-19	3.67767e-19
13079.50000	-2.43002e-19	3.96119e-19
13080.80000	1.06238e-19	4.73555e-19
13082.10000	1.23598e-18	8.73016e-19
13083.40000	-1.12489e-18	2.86443e-18
13084.70000	-2.00465e-19	4.58928e-18
13086.00000	-6.36610e-18	4.47250e-18
13087.30000	-2.53618e-18	2.84849e-18
13088.60000	1.83458e-18	9.14460e-19
13089.90000	7.42894e-19	5.10731e-19
13091.20000	7.00812e-19	4.04079e-19
13092.50000	3.44418e-19	3.72727e-19
13093.80000	-2.16392e-19	3.65716e-19
13095.10000	3.02091e-19	3.63282e-19
13096.40000	1.77739e-19	3.63734e-19
13097.70000	4.67677e-19	3.69294e-19
13099.00000	4.84538e-19	3.87995e-19
13100.30000	2.82509e-19	4.27937e-19
13101.60000	5.53904e-19	4.31207e-19
13102.90000	-3.97624e-20	4.14769e-19
13104.20000	1.80051e-19	4.44726e-19
13105.50000	2.28793e-19	5.12896e-19
13106.80000	8.32190e-19	5.34265e-19
13108.10000	5.17602e-19	4.78691e-19
13109.40000	8.78446e-19	4.01913e-19
13110.70000	1.62327e-19	3.56631e-19
13112.00000	2.34930e-19	3.28031e-19
13113.40000	-3.70797e-19	3.16015e-19
13114.70000	-4.91025e-19	3.13992e-19
13116.00000	4.16525e-20	3.09347e-19
13117.30000	-5.20537e-19	3.29570e-19
13118.60000	-5.51777e-19	3.50689e-19
13119.90000	-1.91798e-19	3.43696e-19
13121.20000	3.42689e-19	3.62766e-19
13122.50000	6.00577e-19	4.65371e-19
13123.80000	3.24357e-19	6.50935e-19
13125.10000	-4.30232e-19	1.06769e-18
13126.40000	-6.79005e-19	2.24856e-18
13127.70000	-7.41069e-19	2.79061e-18
13129.00000	9.62764e-19	2.42487e-18
13130.30000	5.77790e-19	1.30129e-18
13131.60000	7.77465e-19	7.95044e-19
13132.90000	1.36559e-18	5.95562e-19
13134.20000	1.03168e-18	4.40604e-19
13135.50000	6.09653e-19	3.77233e-19
13136.80000	1.23008e-19	4.06211e-19
13138.10000	-3.48121e-19	5.21313e-19
13139.40000	-8.78298e-19	6.76177e-19
13140.70000	-1.97055e-19	7.48443e-19
13142.00000	4.17072e-19	7.70051e-19
13143.30000	4.32213e-19	6.84919e-19
13144.60000	-9.97156e-20	5.58204e-19
13145.90000	5.70775e-19	4.16046e-19
13147.20000	1.84506e-19	3.94428e-19
13148.50000	-5.01726e-19	4.10699e-19
13149.80000	-2.48521e-19	4.07339e-19
13151.10000	-1.45011e-19	4.01292e-19
13152.40000	3.50515e-19	4.62623e-19
13153.80000	3.99625e-19	8.88872e-19
13155.10000	7.58690e-19	2.81096e-18
13156.40000	2.19194e-18	4.28110e-18
13157.70000	5.59019e-18	3.67743e-18
13159.00000	4.22245e-18	2.00366e-18
13160.30000	1.44464e-18	7.30496e-19
13161.60000	6.07354e-19	4.56614e-19
13162.90000	6.29833e-21	4.12812e-19
13164.20000	6.05815e-20	4.22864e-19
13165.50000	-1.30507e-19	4.17075e-19
13166.80000	-3.18866e-19	4.04444e-19
13168.10000	-3.12464e-19	3.72311e-19
13169.40000	1.61032e-19	3.59721e-19
13170.70000	1.56618e-19	3.57645e-19
13172.00000	3.93025e-19	3.77318e-19
13173.30000	5.19282e-19	3.66029e-19
13174.60000	5.40791e-20	3.56875e-19
13175.90000	4.37163e-19	3.42081e-19
13177.20000	2.88030e-19	3.50791e-19
13178.50000	1.24199e-19	3.69427e-19
13179.80000	-1.74498e-20	3.79357e-19
13181.10000	-1.17763e-19	3.54675e-19
13182.40000	4.43876e-19	3.48285e-19
13183.70000	6.29480e-19	3.50649e-19
13185.00000	3.23580e-19	3.53985e-19
13186.30000	3.44518e-19	3.44655e-19
13187.60000	4.18349e-19	3.41795e-19
13188.90000	-1.82709e-19	3.35914e-19
13190.20000	1.98176e-20	3.24713e-19
13191.50000	2.12393e-19	3.15096e-19
13192.80000	-5.08793e-20	3.08941e-19
13194.10000	5.41072e-19	3.04209e-19
13195.50000	-2.83069e-19	3.08292e-19
13196.80000	-2.10802e-19	3.14608e-19
13198.10000	-2.96450e-20	3.33323e-19
13199.40000	-7.44202e-19	3.49320e-19
13200.70000	-2.52856e-19	4.44267e-19
13202.00000	-7.07510e-19	3.79328e-19
13203.30000	2.79787e-19	3.60002e-19
13204.60000	5.47056e-19	3.63460e-19
13205.90000	2.48505e-19	3.68351e-19
13207.20000	-2.71403e-19	5.07654e-19
13208.50000	7.62056e-19	1.13777e-18
13209.80000	-8.64018e-19	2.17556e-18
13211.10000	-1.68652e-18	2.39062e-18
13212.40000	-1.88040e-18	1.92219e-18
13213.70000	-1.00406e-18	8.11451e-19
13215.00000	-3.24613e-21	5.09452e-19
13216.30000	3.61232e-19	5.23900e-19
13217.60000	4.25458e-19	5.17162e-19
13218.90000	1.10143e-19	4.98766e-19
13220.20000	-1.35718e-19	5.32252e-19
13221.50000	-4.87125e-19	6.06894e-19
13222.80000	-4.72650e-19	5.94192e-19
13224.10000	5.85653e-19	5.13210e-19
13225.40000	4.51621e-20	4.67580e-19
13226.70000	5.15465e-19	4.93941e-19
13228.00000	2.62621e-19	5.04072e-19
13229.30000	-7.30755e-19	4.83247e-19
13230.60000	-2.21839e-19	4.57231e-19
13231.90000	3.00164e-20	4.48645e-19
13233.20000	6.44790e-19	7.63009e-19
13234.50000	1.71475e-19	2.03863e-18
13235.80000	6.45503e-19	3.09973e-18
13237.20000	-2.75369e-18	3.07981e-18
13238.50000	-1.43416e-18	1.93116e-18
13239.80000	3.13627e-19	7.51550e-19
13241.10000	2.11314e-19	4.35041e-19
13242.40000	1.17384e-19	3.64313e-19
13243.70000	-7.87962e-19	3.68585e-19
13245.00000	-1.02127e-19	4.52709e-19
13246.30000	2.64301e-19	5.97922e-19
13247.60000	5.52651e-19	6.23636e-19
13248.90000	2.48085e-19	5.12381e-19
13250.20000	7.53470e-20	3.76403e-19
13251.50000	9.16210e-20	3.30968e-19
13252.80000	-1.30412e-20	3.34097e-19
13254.10000	2.49954e-19	3.33255e-19
13255.40000	6.42214e-19	3.39064e-19
13256.70000	2.14870e-19	3.55289e-19
13258.00000	2.20232e-19	3.39641e-19
13259.30000	9.30496e-20	3.33972e-19
13260.60000	3.81871e-19	3.23290e-19
13261.90000	5.41411e-20	3.03322e-19
13263.20000	6.33563e-19	3.07776e-19
13264.50000	4.66041e-19	3.56317e-19
13265.80000	1.03274e-18	4.94584e-19
13267.10000	5.56794e-19	6.21012e-19
13268.40000	2.30902e-19	6.52467e-19
13269.70000	1.83197e-19	5.75924e-19
13271.00000	3.48704e-19	4.64709e-19
13272.30000	-6.12968e-19	3.56446e-19
13273.60000	-9.71747e-20	3.53397e-19
13274.90000	-7.03183e-19	4.87649e-19
13276.20000	5.76064e-19	6.37008e-19
13277.60000	8.89589e-19	6.76648e-19
13278.90000	-2.41393e-19	6.76880e-19
13280.20000	3.84060e-20	6.36056e-19
13281.50000	1.12840e-19	5.40890e-19
13282.80000	2.06562e-19	3.80113e-19
13284.10000	6.41008e-19	3.23129e-19
13285.40000	4.01264e-19	3.15129e-19
13286.70000	2.23185e-19	3.21495e-19
13288.00000	-7.68856e-20	3.59578e-19
13289.30000	4.93232e-19	3.35421e-19
13290.60000	-1.14801e-19	3.78095e-19
13291.90000	1.26202e-19	3.06242e-19
13293.20000	4.54838e-19	3.07911e-19
13294.50000	4.60076e-19	3.28245e-19
13295.80000	-2.01041e-19	3.91493e-19
13297.10000	-5.19434e-20	5.27907e-19
13298.40000	5.63449e-19	6.58574e-19
13299.70000	6.11988e-19	9.94937e-19
13301.00000	1.06005e-18	1.51744e-18
13302.30000	9.78431e-19	1.55841e-18
13303.60000	3.33725e-19	1.07269e-18
13304.90000	4.82788e-19	4.98172e-19
13306.20000	2.25246e-19	3.45679e-19
13307.50000	4.44852e-19	3.25960e-19
13308.80000	2.63496e-20	3.27357e-19
13310.10000	4.76743e-20	3.27412e-19
13311.40000	1.32870e-19	3.28279e-19
13312.70000	2.29991e-19	3.28201e-19
13314.00000	-3.47876e-19	3.26068e-19
13315.30000	-5.97526e-19	3.37068e-19
13316.60000	-9.12723e-20	3.38819e-19
13317.90000	6.63856e-19	3.62546e-19
13319.30000	7.92546e-19	3.70999e-19
13320.60000	3.49793e-19	4.49162e-19
13321.90000	1.72762e-19	9.75165e-19
13323.20000	9.48923e-19	2.00631e-18
13324.50000	-9.62013e-19	2.44813e-18
13325.80000	-5.26274e-19	2.11233e-18
13327.10000	1.10411e-18	1.17103e-18
13328.40000	1.01299e-18	5.06794e-19
13329.70000	1.64648e-19	3.61530e-19
13331.00000	-2.07097e-19	3.41402e-19
13332.30000	1.09361e-19	3.35886e-19
13333.60000	8.07761e-21	3.36903e-19
13334.90000	2.47226e-19	3.65739e-19
13336.20000	3.42423e-20	3.98340e-19
13337.50000	7.84456e-19	4.23788e-19
13338.80000	6.16048e-19	4.40683e-19
13340.10000	-3.15380e-20	4.33026e-19
13341.40000	-1.79072e-19	4.19142e-19
13342.70000	-2.16927e-19	3.69554e-19
13344.00000	-2.23146e-19	3.44124e-19
13345.30000	-1.29500e-19	3.42868e-19
13346.60000	2.59155e-20	3.70057e-19
13347.90000	1.67313e-19	3.86744e-19
13349.20000	2.46853e-19	3.78299e-19
13350.50000	2.68047e-19	3.85833e-19
13351.80000	-2.32214e-20	4.46194e-19
13353.10000	-6.79171e-19	4.66990e-19
13354.40000	-1.82891e-19	4.19852e-19
13355.70000	-7.60980e-20	3.59069e-19
13357.00000	3.22916e-19	3.54470e-19
13358.30000	7.31421e-19	3.57327e-19
13359.70000	1.65152e-19	4.01443e-19
13361.00000	2.83615e-19	4.84047e-19
13362.30000	8.02273e-20	4.72978e-19
13363.60000	-8.46601e-20	4.13524e-19
13364.90000	-7.76573e-19	3.62564e-19
13366.20000	-3.97114e-19	3.06245e-19
13367.50000	-2.14496e-19	2.97860e-19
13368.80000	-3.86180e-21	3.05133e-19
13370.10000	-1.38399e-19	3.09766e-19
13371.40000	-2.14966e-19	3.15369e-19
13372.70000	-2.59561e-20	3.24836e-19
13374.00000	4.16636e-19	3.18480e-19
13375.30000	-5.22516e-19	3.02623e-19
13376.60000	5.37953e-19	3.04556e-19
13377.90000	5.34101e-19	3.11983e-19
13379.20000	-3.84635e-19	3.17076e-19
13380.50000	-3.26522e-19	3.19832e-19
13381.80000	-2.50961e-19	3.19796e-19
13383.10000	6.64141e-19	3.17091e-19
13384.40000	1.18177e-18	3.31121e-19
13385.70000	6.28316e-19	3.41057e-19
13387.00000	8.83915e-19	3.33081e-19
13388.30000	5.60484e-19	3.26011e-19
13389.60000	4.00085e-19	3.41748e-19
13390.90000	2.10552e-19	3.77054e-19
13392.20000	-9.92300e-20	4.71545e-19
13393.50000	3.93985e-19	5.28895e-19
13394.80000	1.18815e-20	5.40308e-19
13396.10000	-3.89683e-20	5.07814e-19
13397.40000	2.81398e-19	5.80112e-19
13398.70000	1.11339e-18	9.52760e-19
13400.00000	-1.11496e-18	1.51818e-18
13401.40000	-9.98799e-19	1.49184e-18
13402.70000	1.34806e-18	1.16439e-18
13404.00000	1.06919e-18	6.62275e-19
13405.30000	4.40780e-19	5.00275e-19
13406.60000	7.42107e-19	4.37501e-19
13407.90000	2.52866e-19	3.62055e-19
13409.20000	5.00167e-19	3.18834e-19
13410.50000	2.13033e-22	3.29807e-19
13411.80000	-2.38613e-19	4.36037e-19
13413.10000	-6.40550e-20	6.29933e-19
13414.40000	1.27246e-19	7.40151e-19
13415.70000	9.77561e-20	7.08052e-19
13417.00000	3.74708e-19	6.81539e-19
13418.30000	-2.57257e-19	8.27863e-19
13419.60000	-1.08734e-18	1.42669e-18
13420.90000	-9.95569e-19	1.90971e-18
13422.20000	9.60171e-19	1.85925e-18
13423.50000	1.03067e-18	1.50205e-18
13424.80000	-2.71109e-19	9.27845e-19
13426.10000	1.88593e-19	6.71097e-19
13427.40000	-6.69865e-19	5.90662e-19
13428.70000	1.14583e-19	4.51668e-19
13430.00000	-4.48591e-19	3.54874e-19
13431.30000	1.95802e-19	3.46012e-19
13432.60000	1.84205e-19	3.28953e-19
13433.90000	7.91756e-19	3.30092e-19
13435.20000	2.18548e-19	3.72104e-19
13436.50000	5.75445e-19	4.15142e-19
13437.80000	6.90367e-19	4.33857e-19
13439.10000	-1.89616e-19	4.23044e-19
13440.40000	4.62586e-19	3.82719e-19
13441.80000	4.91200e-19	3.96976e-19
13443.10000	8.75849e-19	4.22062e-19
13444.40000	-1.10504e-18	3.98693e-19
13445.70000	5.16087e-19	4.14766e-19
13447.00000	-3.75351e-19	5.42797e-19
13448.30000	2.69868e-19	5.79207e-19
13449.60000	1.33493e-18	5.16371e-19
13450.90000	4.17817e-19	3.88447e-19
13452.20000	9.30547e-20	3.47306e-19
13453.50000	6.79259e-19	3.70600e-19
13454.80000	4.56811e-19	4.08710e-19
13456.10000	8.99721e-19	3.70131e-19
13457.40000	8.05550e-20	4.00676e-19
13458.70000	5.45653e-19	3.71696e-19
13460.00000	3.47370e-19	3.75869e-19
13461.30000	-3.48588e-19	3.80337e-19
13462.60000	-4.64738e-19	4.01916e-19
13463.90000	-1.96680e-19	4.01679e-19
13465.20000	-8.30647e-19	3.97979e-19
13466.50000	-2.00981e-19	3.86376e-19
13467.80000	-3.75384e-19	3.74778e-19
13469.10000	6.70252e-20	3.62637e-19
13470.40000	9.45967e-19	3.66807e-19
13471.70000	6.83925e-19	3.73648e-19
13473.00000	-4.95974e-20	4.10269e-19
13474.30000	8.17046e-19	4.83367e-19
13475.60000	1.97686e-18	5.13795e-19
13476.90000	1.15976e-18	5.23325e-19
13478.20000	8.44392e-19	5.32347e-19
13479.50000	-6.11336e-19	5.40051e-19
13480.80000	-3.06837e-20	5.29545e-19
13482.10000	-1.59785e-19	5.31537e-19
13483.50000	-3.28770e-19	5.19434e-19
13484.80000	5.51800e-19	5.19052e-19
13486.10000	-8.68614e-19	5.40614e-19
13487.40000	1.77583e-18	5.64801e-19
13488.70000	-6.40906e-19	5.48365e-19
13490.00000	-2.63127e-19	5.00427e-19
13491.30000	2.29294e-19	4.80842e-19
13492.60000	1.17027e-19	4.59671e-19
13493.90000	-6.23328e-19	4.77406e-19
13495.20000	-3.97353e-19	4.80662e-19
13496.50000	-8.83046e-19	4.90646e-19
13497.80000	-1.48084e-18	4.90916e-19
13499.10000	1.68810e-19	5.48944e-19
13500.40000	-3.42512e-19	5.85587e-19
13501.70000	9.83245e-20	6.52243e-19
13503.00000	-2.64283e-18	6.90974e-19
13504.30000	-1.42981e-18	7.60966e-19
13505.60000	-1.71358e-18	9.26814e-19
13506.90000	-2.21049e-18	1.56750e-18
13508.20000	-2.57997e-19	2.02185e-18
13509.50000	-2.64489e-18	2.03831e-18
13510.80000	-1.04033e-18	1.51461e-18
13512.10000	-1.44188e-19	9.89890e-19
13513.40000	-9.15056e-20	8.56695e-19
13514.70000	5.12754e-19	9.17450e-19
13516.00000	-4.45337e-19	8.37905e-19
13517.30000	-7.22007e-19	8.19492e-19
13518.60000	-1.06065e-18	7.85705e-19
13519.90000	-7.91500e-19	6.40888e-19
