#A1689_1.rest_UV.1059.resampled_noDC.txt
#Rest Wavelengths (A) | Resampled Luminosities (A^-1) | Resampled Lum. Errors
#
1195.00000	   0.00000	   0.00000
1195.65870	   0.02049	   0.01007
1196.31740	  -0.00154	   0.00970
1196.97610	   0.00587	   0.00930
1197.63480	   0.01002	   0.00895
1198.29350	   0.00779	   0.00849
1198.95220	  -0.00020	   0.00808
1199.61090	   0.00401	   0.00781
1200.26960	   0.01339	   0.00753
1200.92830	   0.01425	   0.00724
1201.58700	   0.01565	   0.00699
1202.24570	   0.01287	   0.00665
1202.90440	   0.01675	   0.00654
1203.56310	   0.00262	   0.00638
1204.22180	   0.00180	   0.00647
1204.88050	   0.00250	   0.00652
1205.53920	  -0.01190	   0.00656
1206.19790	  -0.00656	   0.00667
1206.85660	  -0.00294	   0.00675
1207.51530	   0.00085	   0.00694
1208.17400	   0.00593	   0.00714
1208.83270	   0.00097	   0.00736
1209.49140	   0.00132	   0.00766
1210.15010	   0.00849	   0.00794
1210.80880	  -0.01991	   0.00822
1211.46750	  -0.02469	   0.00855
1212.12620	  -0.00447	   0.00876
1212.78490	  -0.00996	   0.00912
1213.44360	  -0.00439	   0.00914
1214.10230	   0.00130	   0.00862
1214.76100	   0.00761	   0.00827
1215.41970	   0.00524	   0.00786
1216.07840	   0.00771	   0.00765
1216.73710	  -0.00050	   0.00736
1217.39580	  -0.00038	   0.00712
1218.05450	   0.01371	   0.00720
1218.71320	   0.01383	   0.00720
1219.37190	   0.00571	   0.00714
1220.03060	  -0.00804	   0.00703
1220.68930	  -0.00198	   0.00707
1221.34800	   0.00463	   0.00715
1222.00670	  -0.00442	   0.00717
1222.66540	  -0.00629	   0.00711
1223.32410	  -0.01278	   0.00703
1223.98280	  -0.00830	   0.00695
1224.64150	  -0.00050	   0.00687
1225.30020	   0.00232	   0.00694
1225.95890	   0.01044	   0.00705
1226.61760	   0.00290	   0.00702
1227.27630	   0.00165	   0.00706
1227.93500	   0.00486	   0.00720
1228.59370	   0.00466	   0.00748
1229.25240	   0.01401	   0.00783
1229.91110	   0.00178	   0.00782
1230.56980	   0.00359	   0.00785
1231.22850	  -0.00619	   0.00794
1231.88720	   0.00507	   0.00818
1232.54590	   0.01629	   0.00841
1233.20460	  -0.00331	   0.00809
1233.86330	  -0.00356	   0.00784
1234.52200	   0.00823	   0.00775
1235.18070	   0.00604	   0.00742
1235.83940	   0.01412	   0.00720
1236.49810	   0.00174	   0.00688
1237.15680	  -0.01054	   0.00670
1237.81550	  -0.00239	   0.00651
1238.47420	   0.00932	   0.00634
1239.13290	  -0.00865	   0.00599
1239.79160	  -0.00027	   0.00593
1240.45030	   0.01502	   0.00597
1241.10900	   0.01659	   0.00604
1241.76770	   0.01710	   0.00605
1242.42640	   0.00359	   0.00586
1243.08510	  -0.00014	   0.00581
1243.74380	   0.01185	   0.00598
1244.40250	   0.02388	   0.00632
1245.06120	   0.00486	   0.00629
1245.71990	   0.00339	   0.00637
1246.37860	   0.00104	   0.00648
1247.03730	  -0.00501	   0.00663
1247.69600	   0.01339	   0.00700
1248.35470	   0.00232	   0.00688
1249.01340	   0.01019	   0.00714
1249.67210	   0.03098	   0.00779
1250.33080	   0.01894	   0.00769
1250.98950	  -0.01223	   0.00783
1251.64820	  -0.00249	   0.00790
1252.30690	   0.00651	   0.00802
1252.96560	  -0.00306	   0.00801
1253.62430	   0.00958	   0.00813
1254.28300	  -0.00355	   0.00785
1254.94170	  -0.00555	   0.00769
1255.60040	   0.00435	   0.00748
1256.25910	   0.01731	   0.00748
1256.91780	   0.00690	   0.00695
1257.57650	   0.00751	   0.00670
1258.23520	   0.00414	   0.00656
1258.89390	  -0.00705	   0.00645
1259.55260	  -0.01494	   0.00638
1260.21130	  -0.00442	   0.00609
1260.87000	   0.00317	   0.00586
1261.52870	   0.00025	   0.00565
1262.18740	  -0.00248	   0.00556
1262.84610	  -0.00561	   0.00558
1263.50480	  -0.00042	   0.00562
1264.16350	   0.01048	   0.00590
1264.82220	   0.02391	   0.00626
1265.48090	   0.02210	   0.00642
1266.13960	   0.00441	   0.00639
1266.79830	  -0.00337	   0.00627
1267.45700	  -0.00188	   0.00612
1268.11570	  -0.00374	   0.00603
1268.77440	   0.00275	   0.00616
1269.43310	   0.00331	   0.00636
1270.09180	   0.01839	   0.00686
1270.75050	   0.00837	   0.00677
1271.40920	   0.01560	   0.00692
1272.06790	   0.02021	   0.00696
1272.72660	   0.01647	   0.00699
1273.38530	   0.01771	   0.00725
1274.04400	   0.01584	   0.00758
1274.70270	   0.02307	   0.00804
1275.36140	   0.00128	   0.00792
1276.02010	  -0.00826	   0.00811
1276.67880	   0.00732	   0.00819
1277.33750	  -0.01743	   0.00816
1277.99620	  -0.00027	   0.00804
1278.65490	   0.01484	   0.00804
1279.31360	   0.01101	   0.00773
1279.97230	   0.00097	   0.00740
1280.63100	   0.01627	   0.00736
1281.28970	   0.00567	   0.00696
1281.94840	   0.00628	   0.00680
1282.60710	   0.01495	   0.00678
1283.26580	   0.01668	   0.00672
1283.92450	   0.02217	   0.00681
1284.58320	   0.01235	   0.00645
1285.24190	   0.01128	   0.00619
1285.90060	   0.00848	   0.00597
1286.55930	   0.00643	   0.00591
1287.21800	   0.00100	   0.00591
1287.87670	  -0.00251	   0.00590
1288.53540	   0.00573	   0.00594
1289.19410	   0.00492	   0.00601
1289.85280	   0.00981	   0.00613
1290.51150	   0.01377	   0.00621
1291.17020	   0.00713	   0.00628
1291.82890	   0.02045	   0.00671
1292.48760	   0.02001	   0.00680
1293.14630	   0.00776	   0.00678
1293.80500	   0.00304	   0.00682
1294.46370	   0.00259	   0.00689
1295.12240	   0.00768	   0.00702
1295.78110	   0.00913	   0.00714
1296.43980	  -0.01025	   0.00727
1297.09850	   0.00482	   0.00742
1297.75720	   0.00717	   0.00739
1298.41590	   0.01402	   0.00763
1299.07460	   0.00956	   0.00764
1299.73330	   0.00046	   0.00754
1300.39200	   0.00985	   0.00788
1301.05070	  -0.00350	   0.00801
1301.70940	   0.01092	   0.00963
1302.36810	   0.00368	   0.00869
1303.02680	  -0.01474	   0.00855
1303.68550	   0.00152	   0.00846
1304.34420	  -0.00403	   0.00831
1305.00290	   0.00878	   0.00809
1305.66160	   0.01419	   0.00780
1306.32030	   0.00872	   0.00758
1306.97900	  -0.02394	   0.00745
1307.63770	   0.00622	   0.00706
1308.29640	   0.00250	   0.00694
1308.95510	   0.01150	   0.00692
1309.61380	   0.01919	   0.00695
1310.27250	   0.00706	   0.00665
1310.93120	  -0.00380	   0.00651
1311.58990	  -0.01399	   0.00654
1312.24860	   0.00362	   0.00641
1312.90730	   0.00753	   0.00636
1313.56600	   0.00659	   0.00622
1314.22470	   0.02230	   0.00631
1314.88340	   0.01108	   0.00628
1315.54210	  -0.00042	   0.00610
1316.20080	   0.00525	   0.00605
1316.85950	   0.00501	   0.00599
1317.51820	   0.01120	   0.00605
1318.17690	   0.00690	   0.00604
1318.83560	   0.00271	   0.00598
1319.49430	  -0.00031	   0.00598
1320.15300	   0.01406	   0.00627
1320.81170	   0.01847	   0.00629
1321.47040	  -0.00609	   0.00627
1322.12910	   0.00385	   0.00638
1322.78780	   0.01737	   0.00646
1323.44650	   0.01082	   0.00640
1324.10520	  -0.00502	   0.00639
1324.76390	  -0.00146	   0.00651
1325.42260	  -0.01052	   0.00668
1326.08130	   0.00546	   0.00685
1326.74000	   0.01565	   0.00701
1327.39870	   0.00256	   0.00698
1328.05740	   0.01202	   0.00725
1328.71610	   0.01306	   0.00744
1329.37480	   0.00421	   0.00750
1330.03350	   0.00863	   0.00777
1330.69220	   0.00283	   0.00786
1331.35090	   0.00837	   0.00813
1332.00960	   0.02023	   0.00849
1332.66830	   0.01598	   0.00847
1333.32700	  -0.00833	   0.00843
1333.98570	  -0.00560	   0.00843
1334.64440	  -0.00350	   0.00839
1335.30310	  -0.00254	   0.00814
1335.96180	   0.00622	   0.00805
1336.62050	  -0.00230	   0.00782
1337.27920	   0.00652	   0.00777
1337.93790	  -0.01147	   0.00804
1338.59660	   0.01920	   0.00823
1339.25530	   0.01004	   0.00829
1339.91400	  -0.01048	   0.00893
1340.57270	   0.00315	   0.00678
1341.23140	   0.01005	   0.00677
1341.89010	   0.01535	   0.00682
1342.54880	   0.01503	   0.00682
1343.20750	   0.02430	   0.00709
1343.86620	  -0.00385	   0.00649
1344.52490	  -0.00722	   0.00643
1345.18360	   0.01069	   0.00639
1345.84230	   0.01332	   0.00632
1346.50100	   0.00771	   0.00620
1347.15970	  -0.00164	   0.00599
1347.81840	  -0.00128	   0.00592
1348.47710	   0.00179	   0.00588
1349.13580	   0.00596	   0.00585
1349.79450	   0.00230	   0.00583
1350.45320	  -0.00468	   0.00581
1351.11190	   0.00868	   0.00594
1351.77060	   0.02114	   0.00608
1352.42930	   0.00885	   0.00594
1353.08800	   0.00409	   0.00583
1353.74670	   0.00882	   0.00587
1354.40540	   0.00807	   0.00589
1355.06410	   0.01384	   0.00600
1355.72280	   0.01147	   0.00604
1356.38150	  -0.00638	   0.00604
1357.04020	  -0.01438	   0.00609
1357.69890	   0.00163	   0.00616
1358.35760	   0.00873	   0.00615
1359.01630	   0.01352	   0.00629
1359.67500	   0.00539	   0.00622
1360.33370	   0.00593	   0.00633
1360.99240	  -0.00115	   0.00632
1361.65110	   0.00010	   0.00640
1362.30980	   0.00210	   0.00649
1362.96850	  -0.00226	   0.00652
1363.62720	   0.01303	   0.00683
1364.28590	   0.00886	   0.00687
1364.94460	  -0.01096	   0.00707
1365.60330	  -0.00685	   0.00729
1366.26200	   0.01938	   0.00780
1366.92070	   0.01400	   0.00776
1367.57940	   0.00648	   0.00818
1368.23810	  -0.01009	   0.00754
1368.89680	   0.00793	   0.00801
1369.55550	   0.01734	   0.00837
1370.21420	   0.00670	   0.00813
1370.87290	   0.00047	   0.00826
1371.53160	  -0.00388	   0.00896
1372.19030	   0.00917	   0.00779
1372.84900	  -0.00615	   0.00759
1373.50770	   0.00418	   0.00751
1374.16640	   0.02250	   0.00772
1374.82510	   0.01334	   0.00735
1375.48380	   0.01665	   0.00725
1376.14250	   0.01874	   0.00721
1376.80120	   0.00743	   0.00690
1377.45990	   0.00329	   0.00676
1378.11860	  -0.00737	   0.00655
1378.77730	   0.00335	   0.00640
1379.43600	   0.00071	   0.00630
1380.09470	   0.00604	   0.00633
1380.75340	   0.01957	   0.00655
1381.41210	  -0.00067	   0.00618
1382.07080	  -0.00393	   0.00611
1382.72950	   0.00608	   0.00611
1383.38820	   0.00739	   0.00612
1384.04690	  -0.00479	   0.00597
1384.70560	  -0.00048	   0.00595
1385.36430	   0.00349	   0.00590
1386.02300	   0.01307	   0.00586
1386.68170	   0.00402	   0.00604
1387.34040	  -0.01005	   0.00617
1387.99910	   0.00009	   0.00560
1388.65780	   0.00560	   0.00563
1389.31650	   0.00559	   0.00563
1389.97520	   0.00435	   0.00564
1390.63390	   0.00470	   0.00563
1391.29260	   0.00313	   0.00563
1391.95130	  -0.00561	   0.00561
1392.61000	  -0.00281	   0.00561
1393.26870	  -0.00803	   0.00560
1393.92740	  -0.00526	   0.00560
1394.58610	   0.00422	   0.00564
1395.24480	  -0.00289	   0.00564
1395.90350	   0.00359	   0.00573
1396.56220	  -0.00432	   0.00575
1397.22090	  -0.00368	   0.00575
1397.87960	   0.00740	   0.00616
1398.53830	   0.01173	   0.00596
1399.19700	   0.00614	   0.00597
1399.85570	  -0.00084	   0.00604
1400.51440	   0.02006	   0.00646
1401.17310	   0.01180	   0.00625
1401.83180	   0.00820	   0.00629
1402.49050	   0.00010	   0.00625
1403.14920	   0.00917	   0.00645
1403.80790	   0.00860	   0.00649
1404.46660	   0.00468	   0.00656
1405.12530	  -0.00010	   0.00665
1405.78400	   0.01169	   0.00692
1406.44270	   0.02346	   0.00723
1407.10140	   0.00467	   0.00692
1407.76010	   0.00389	   0.00705
1408.41880	  -0.00031	   0.00714
1409.07750	   0.01493	   0.00738
1409.73620	  -0.00330	   0.00730
1410.39490	   0.00390	   0.00745
1411.05360	  -0.00943	   0.00863
1411.71230	   0.00123	   0.00794
1412.37100	   0.00864	   0.00809
1413.02970	   0.00022	   0.00823
1413.68840	   0.00642	   0.00837
1414.34710	  -0.01412	   0.00834
1415.00580	   0.00227	   0.00816
1415.66450	  -0.00362	   0.00802
1416.32320	   0.01807	   0.00821
1416.98190	  -0.01679	   0.00797
1417.64060	   0.00102	   0.00780
1418.29930	  -0.00433	   0.00769
1418.95800	  -0.00955	   0.00748
1419.61670	   0.00710	   0.00748
1420.27540	  -0.01854	   0.00741
1420.93410	   0.00763	   0.00717
1421.59280	   0.01345	   0.00716
1422.25150	   0.00205	   0.00687
1422.91020	  -0.00196	   0.00663
1423.56890	  -0.00004	   0.00651
1424.22760	  -0.00622	   0.00633
1424.88630	   0.00212	   0.00619
1425.54500	   0.00067	   0.00617
1426.20370	  -0.00609	   0.00609
1426.86240	  -0.00489	   0.00607
1427.52110	  -0.00812	   0.00604
1428.17980	   0.00610	   0.00600
1428.83850	   0.01249	   0.00604
1429.49720	   0.01271	   0.00597
1430.15590	   0.01787	   0.00611
1430.81460	   0.01129	   0.00613
1431.47330	  -0.00554	   0.00594
1432.13200	  -0.00296	   0.00594
1432.79070	   0.00061	   0.00589
1433.44940	  -0.00261	   0.00583
1434.10810	  -0.00791	   0.00579
1434.76680	  -0.00238	   0.00580
1435.42550	   0.00878	   0.00580
1436.08420	   0.00450	   0.00578
1436.74290	   0.00266	   0.00575
1437.40160	   0.00166	   0.00578
1438.06030	  -0.00275	   0.00576
1438.71900	   0.01136	   0.00582
1439.37770	   0.01914	   0.00586
1440.03640	   0.01850	   0.00583
1440.69510	   0.01276	   0.00575
1441.35380	   0.00328	   0.00564
1442.01250	   0.00825	   0.00565
1442.67120	   0.00769	   0.00562
1443.32990	  -0.00072	   0.00559
1443.98860	  -0.00288	   0.00567
1444.64730	  -0.00947	   0.00578
1445.30600	  -0.01169	   0.00583
1445.96470	  -0.01283	   0.00588
1446.62340	  -0.00200	   0.00591
1447.28210	  -0.00575	   0.00592
1447.94080	  -0.00748	   0.00595
1448.59950	   0.00613	   0.00607
1449.25820	   0.00077	   0.00602
1449.91690	   0.00998	   0.00622
1450.57560	   0.00496	   0.00618
1451.23430	   0.00360	   0.00627
1451.89300	  -0.00409	   0.00633
1452.55170	   0.00371	   0.00636
1453.21040	  -0.00081	   0.00628
1453.86910	  -0.00829	   0.00632
1454.52780	  -0.00246	   0.00638
1455.18650	   0.00082	   0.00655
1455.84520	  -0.00323	   0.00667
1456.50390	   0.00144	   0.00677
1457.16260	  -0.00901	   0.00686
1457.82130	   0.00483	   0.00696
1458.48000	  -0.01081	   0.00700
1459.13870	   0.00393	   0.00709
1459.79740	   0.00441	   0.00703
1460.45610	  -0.01022	   0.00697
1461.11480	  -0.00639	   0.00696
1461.77350	   0.01500	   0.00731
1462.43220	  -0.00552	   0.00726
1463.09090	  -0.00611	   0.00744
1463.74960	   0.00335	   0.00759
1464.40830	   0.00076	   0.00764
1465.06700	   0.03323	   0.00837
1465.72570	  -0.00110	   0.00774
1466.38440	   0.00641	   0.00788
1467.04310	   0.00418	   0.00782
1467.70180	  -0.00312	   0.00779
1468.36050	  -0.01155	   0.00784
1469.01920	  -0.00402	   0.00771
1469.67790	   0.01418	   0.00784
1470.33660	  -0.00140	   0.00750
1470.99530	   0.00098	   0.00742
1471.65400	   0.00082	   0.00733
1472.31270	   0.01752	   0.00749
1472.97140	   0.00257	   0.00719
1473.63010	   0.00922	   0.00718
1474.28880	   0.00246	   0.00711
1474.94750	  -0.00849	   0.00702
1475.60620	   0.00626	   0.00699
1476.26490	   0.01526	   0.00715
1476.92360	  -0.00895	   0.00679
1477.58230	   0.00665	   0.00668
1478.24100	  -0.00632	   0.00659
1478.89970	   0.00435	   0.00655
1479.55840	   0.01859	   0.00677
1480.21710	   0.00429	   0.00647
1480.87580	  -0.00166	   0.00635
1481.53450	   0.00434	   0.00629
1482.19320	   0.00672	   0.00633
1482.85190	   0.00618	   0.00634
1483.51060	  -0.00001	   0.00630
1484.16930	  -0.00635	   0.00623
1484.82800	   0.00855	   0.00615
1485.48670	   0.01165	   0.00619
1486.14540	   0.00434	   0.00607
1486.80410	   0.00036	   0.00597
1487.46280	   0.00532	   0.00595
1488.12150	   0.01597	   0.00600
1488.78020	   0.00841	   0.00595
1489.43890	  -0.00637	   0.00576
1490.09760	  -0.00316	   0.00570
1490.75630	  -0.00378	   0.00572
1491.41500	  -0.00127	   0.00576
1492.07370	   0.00168	   0.00578
1492.73240	   0.00089	   0.00576
1493.39110	   0.01009	   0.00579
1494.04980	   0.01219	   0.00580
1494.70850	   0.00020	   0.00560
1495.36720	  -0.00437	   0.00558
1496.02590	   0.00685	   0.00571
1496.68460	   0.01846	   0.00580
1497.34330	   0.00302	   0.00561
1498.00200	  -0.00225	   0.00554
1498.66070	   0.00607	   0.00557
1499.31940	   0.00411	   0.00561
1499.97810	   0.00341	   0.00566
1500.63680	   0.00151	   0.00565
1501.29550	   0.00003	   0.00560
1501.95420	   0.00016	   0.00557
1502.61290	   0.00189	   0.00558
1503.27160	   0.00777	   0.00564
1503.93030	   0.01421	   0.00580
1504.58900	   0.00534	   0.00581
1505.24770	  -0.01313	   0.00585
1505.90640	   0.00347	   0.00598
1506.56510	   0.00757	   0.00592
1507.22380	   0.00848	   0.00594
1507.88250	   0.00616	   0.00592
1508.54120	   0.00625	   0.00597
1509.19990	   0.01166	   0.00602
1509.85860	   0.00117	   0.00595
1510.51730	   0.00208	   0.00601
1511.17600	  -0.00821	   0.00606
1511.83470	  -0.00056	   0.00611
1512.49340	  -0.00360	   0.00614
1513.15210	  -0.01080	   0.00615
1513.81080	   0.00815	   0.00620
1514.46950	  -0.00467	   0.00605
1515.12820	   0.00000	   0.00000
