#abell1689_z2_3.J.1464.fc.1d.esc.txt
#Wavelength in (A) | Flux (erg/sec/cm2/A)| Flux Error
11530.00000	1.86015e-18	2.10376e-18
11531.30000	4.38258e-18	1.88227e-18
11532.60000	1.19799e-18	1.79660e-18
11533.90000	-2.29526e-18	1.74082e-18
11535.20000	1.24226e-18	2.13432e-18
11536.50000	4.32688e-18	4.27338e-18
11537.80000	9.19234e-18	8.80403e-18
11539.10000	-9.32781e-19	9.52076e-18
11540.40000	-6.04009e-18	6.59525e-18
11541.70000	-1.52139e-18	2.90832e-18
11543.00000	-1.23021e-18	1.73780e-18
11544.30000	9.10907e-19	1.64147e-18
11545.60000	5.48029e-18	1.62210e-18
11546.90000	1.88185e-19	1.50632e-18
11548.20000	3.23450e-18	1.32527e-18
11549.50000	6.85576e-19	1.35790e-18
11550.90000	1.86689e-18	1.31117e-18
11552.20000	-5.88601e-20	1.32341e-18
11553.50000	2.17165e-19	1.34861e-18
11554.80000	8.55202e-19	1.39364e-18
11556.10000	4.46223e-18	1.44871e-18
11557.40000	1.43560e-18	1.37741e-18
11558.70000	8.52376e-19	1.37003e-18
11560.00000	-3.91746e-18	1.39360e-18
11561.30000	-1.56312e-18	1.48051e-18
11562.60000	-2.88227e-18	2.18064e-18
11563.90000	5.19828e-18	4.17836e-18
11565.20000	6.79126e-19	4.99389e-18
11566.50000	6.30612e-18	4.39690e-18
11567.80000	2.71502e-18	2.51740e-18
11569.10000	2.35266e-18	1.62831e-18
11570.40000	-4.58971e-19	1.42375e-18
11571.70000	1.81008e-18	1.28814e-18
11573.00000	-1.57981e-18	1.25050e-18
11574.30000	6.02455e-19	1.42472e-18
11575.60000	2.54095e-19	1.53272e-18
11576.90000	1.39043e-18	1.65164e-18
11578.20000	-6.47992e-19	1.60134e-18
11579.50000	-1.01226e-18	1.47255e-18
11580.80000	-2.46917e-19	1.26381e-18
11582.10000	-4.80639e-19	1.29242e-18
11583.40000	-1.25215e-18	1.28322e-18
11584.70000	1.82745e-18	1.34835e-18
11586.00000	2.20258e-18	1.44899e-18
11587.30000	8.46096e-19	1.54165e-18
11588.60000	-1.32710e-18	2.50274e-18
11589.90000	-6.19413e-18	6.05609e-18
11591.20000	2.88550e-18	8.34986e-18
11592.60000	9.66193e-18	8.09508e-18
11593.90000	1.68025e-18	4.34491e-18
11595.20000	-2.23251e-18	1.80877e-18
11596.50000	-3.33347e-19	1.19240e-18
11597.80000	3.75088e-19	1.14735e-18
11599.10000	-1.47140e-18	1.13197e-18
11600.40000	2.96681e-19	1.10689e-18
11601.70000	-1.27614e-18	1.08576e-18
11603.00000	8.63638e-19	1.10211e-18
11604.30000	4.92114e-19	1.16758e-18
11605.60000	-6.38748e-19	1.14585e-18
11606.90000	2.78912e-19	1.20106e-18
11608.20000	2.80409e-18	1.36227e-18
11609.50000	-1.60077e-18	1.53585e-18
11610.80000	-1.21217e-18	1.49198e-18
11612.10000	7.23226e-20	1.27653e-18
11613.40000	1.69023e-18	1.14098e-18
11614.70000	1.70040e-18	1.06391e-18
11616.00000	-2.48766e-19	1.06950e-18
11617.30000	-1.44987e-19	1.12799e-18
11618.60000	2.00939e-18	1.12966e-18
11619.90000	1.40543e-18	1.08530e-18
11621.20000	4.10697e-19	1.02157e-18
11622.50000	1.16528e-18	1.02459e-18
11623.80000	4.49848e-19	1.17005e-18
11625.10000	-2.59554e-19	1.70911e-18
11626.40000	2.64053e-19	3.45650e-18
11627.70000	-3.48251e-18	4.24367e-18
11629.00000	-1.44141e-18	3.55453e-18
11630.30000	-1.29355e-19	1.89922e-18
11631.60000	-5.31541e-19	1.18744e-18
11633.00000	-7.09273e-19	1.08987e-18
11634.30000	-6.39174e-19	1.07001e-18
11635.60000	-1.29062e-19	1.06045e-18
11636.90000	-2.29305e-19	1.09818e-18
11638.20000	2.49503e-19	1.13961e-18
11639.50000	2.17574e-18	1.16417e-18
11640.80000	1.22981e-18	1.16162e-18
11642.10000	1.96691e-18	1.15564e-18
11643.40000	-5.37108e-19	1.11618e-18
11644.70000	-3.96017e-19	1.05067e-18
11646.00000	-8.98736e-19	1.05621e-18
11647.30000	2.48999e-19	1.42814e-18
11648.60000	-9.84634e-19	3.40649e-18
11649.90000	8.08813e-20	5.91097e-18
11651.20000	-2.65080e-18	6.07349e-18
11652.50000	4.86150e-18	4.00375e-18
11653.80000	1.82095e-18	4.81235e-18
11655.10000	1.01303e-18	1.13519e-18
11656.40000	-3.89822e-19	1.07487e-18
11657.70000	1.28670e-18	1.18998e-18
11659.00000	2.82535e-18	1.34634e-18
11660.30000	1.80587e-18	1.07447e-18
11661.60000	-7.94416e-19	9.08980e-19
11662.90000	2.24633e-19	9.35106e-19
11664.20000	-2.05359e-19	9.68823e-19
11665.50000	7.89746e-19	9.56939e-19
11666.80000	-2.13589e-19	9.42187e-19
11668.10000	7.41091e-19	8.90557e-19
11669.40000	-6.86541e-19	9.49219e-19
11670.70000	2.19126e-18	1.14355e-18
11672.00000	2.76328e-18	1.30537e-18
11673.30000	5.32074e-18	1.40582e-18
11674.70000	1.49947e-18	1.22801e-18
11676.00000	9.29190e-19	1.05618e-18
11677.30000	3.33418e-19	1.13684e-18
11678.60000	3.99341e-19	1.35349e-18
11679.90000	-3.59416e-19	1.48751e-18
11681.20000	-1.30209e-18	1.66351e-18
11682.50000	-1.76869e-18	1.77253e-18
11683.80000	1.93713e-18	1.60654e-18
11685.10000	1.08563e-18	1.27678e-18
11686.40000	1.70299e-18	1.00669e-18
11687.70000	2.74914e-19	9.28046e-19
11689.00000	1.38250e-18	9.28632e-19
11690.30000	-2.26485e-19	9.16781e-19
11691.60000	5.13551e-19	9.24329e-19
11692.90000	1.06527e-18	1.07225e-18
11694.20000	6.82466e-19	1.83441e-18
11695.50000	-1.38672e-18	3.14025e-18
11696.80000	1.27283e-18	3.46833e-18
11698.10000	2.04598e-18	2.46936e-18
11699.40000	1.48601e-18	1.35382e-18
11700.70000	3.92086e-19	1.06317e-18
11702.00000	-1.16858e-19	1.01205e-18
11703.30000	1.88929e-18	9.59188e-19
11704.60000	3.17696e-18	9.43620e-19
11705.90000	-1.00583e-19	9.57190e-19
11707.20000	2.30677e-19	9.19460e-19
11708.50000	-5.11657e-19	9.49444e-19
11709.80000	1.50245e-18	1.02983e-18
11711.10000	6.10476e-19	1.04905e-18
11712.40000	2.37795e-19	1.27166e-18
11713.70000	-8.37112e-19	2.40990e-18
11715.00000	2.19289e-18	4.20609e-18
11716.40000	-3.21215e-19	4.54925e-18
11717.70000	-1.88959e-19	3.36220e-18
11719.00000	1.04460e-18	1.61351e-18
11720.30000	3.37045e-18	9.97822e-19
11721.60000	7.20130e-19	8.68058e-19
11722.90000	1.06095e-18	8.77912e-19
11724.20000	1.71572e-18	9.18504e-19
11725.50000	1.72801e-19	9.31064e-19
11726.80000	-7.54424e-19	1.11979e-18
11728.10000	2.16721e-19	1.13674e-18
11729.40000	-1.95202e-18	1.01592e-18
11730.70000	2.44559e-18	1.01162e-18
11732.00000	4.05162e-18	1.03736e-18
11733.30000	-3.31297e-19	9.35664e-19
11734.60000	-7.21692e-19	8.95899e-19
11735.90000	3.47421e-19	8.76627e-19
11737.20000	1.58376e-18	8.64238e-19
11738.50000	2.25588e-18	9.29670e-19
11739.80000	-1.52808e-18	1.08430e-18
11741.10000	8.67407e-19	9.88349e-19
11742.40000	2.29724e-18	9.37734e-19
11743.70000	3.05059e-18	1.00362e-18
11745.00000	1.31672e-18	9.31584e-19
11746.30000	8.43967e-19	9.76989e-19
11747.60000	-1.61605e-18	9.28586e-19
11748.90000	1.25107e-18	9.51736e-19
11750.20000	-9.34858e-19	1.06776e-18
11751.50000	7.79426e-20	1.06712e-18
11752.80000	7.89150e-19	9.27834e-19
11754.10000	2.08760e-18	8.81531e-19
11755.40000	8.77963e-19	9.48285e-19
11756.80000	3.92201e-19	1.07616e-18
11758.10000	-2.11406e-19	1.09443e-18
11759.40000	1.25364e-18	1.02055e-18
11760.70000	9.59921e-19	9.58903e-19
11762.00000	3.09196e-19	9.35514e-19
11763.30000	-6.28535e-19	8.98735e-19
11764.60000	-1.34407e-18	8.90866e-19
11765.90000	-1.21704e-19	9.03579e-19
11767.20000	1.00745e-18	9.83260e-19
11768.50000	-6.42186e-19	1.40272e-18
11769.80000	9.25822e-19	2.07277e-18
11771.10000	1.83809e-18	2.24339e-18
11772.40000	2.43025e-18	1.80375e-18
11773.70000	2.46561e-18	1.29951e-18
11775.00000	4.41177e-19	1.02577e-18
11776.30000	-1.26220e-18	9.03113e-19
11777.60000	-9.59845e-19	9.13767e-19
11778.90000	-4.99863e-19	9.22646e-19
11780.20000	3.65929e-19	1.01674e-18
11781.50000	2.83571e-18	1.24439e-18
11782.80000	3.83834e-18	1.34255e-18
11784.10000	2.12449e-18	1.34420e-18
11785.40000	-5.46052e-19	1.69218e-18
11786.70000	-1.07685e-18	2.61678e-18
11788.00000	-1.24088e-18	3.03427e-18
11789.30000	4.64066e-19	2.61934e-18
11790.60000	-1.06386e-18	1.68361e-18
11791.90000	4.69902e-19	1.21362e-18
11793.20000	1.17529e-18	1.06825e-18
11794.50000	1.47396e-18	9.55240e-19
11795.80000	3.26750e-18	9.35866e-19
11797.10000	5.62780e-19	9.00475e-19
11798.50000	7.90807e-19	8.92906e-19
11799.80000	-1.45493e-18	9.38146e-19
11801.10000	7.95813e-19	9.40084e-19
11802.40000	2.13052e-18	9.76546e-19
11803.70000	-1.63024e-19	9.86384e-19
11805.00000	9.82731e-19	1.04633e-18
11806.30000	-5.13712e-19	1.07366e-18
11807.60000	-9.73327e-19	1.10508e-18
11808.90000	8.99900e-19	1.11692e-18
11810.20000	1.85656e-18	1.04769e-18
11811.50000	9.34757e-19	1.02853e-18
11812.80000	4.48705e-19	9.50601e-19
11814.10000	1.25691e-18	9.31621e-19
11815.40000	1.27419e-18	1.01212e-18
11816.70000	5.37385e-19	1.03229e-18
11818.00000	2.13749e-19	8.94366e-19
11819.30000	4.01428e-19	9.03476e-19
11820.60000	-2.81948e-19	9.23704e-19
11821.90000	1.66378e-18	9.15280e-19
11823.20000	8.94618e-19	8.93722e-19
11824.50000	6.44664e-19	9.27657e-19
11825.80000	1.79716e-18	8.94295e-19
11827.10000	2.45586e-19	8.64868e-19
11828.40000	-4.33028e-19	8.51071e-19
11829.70000	-7.42950e-19	7.28220e-19
11831.00000	2.10498e-19	6.73589e-19
11832.30000	4.80002e-19	6.78149e-19
11833.60000	1.63109e-20	7.02637e-19
11834.90000	6.35547e-19	7.38935e-19
11836.20000	-3.61304e-19	8.25328e-19
11837.50000	3.49573e-19	9.34185e-19
11838.90000	9.27906e-19	9.42938e-19
11840.20000	-6.10425e-19	9.08208e-19
11841.50000	5.27289e-19	9.12936e-19
11842.80000	-1.25522e-19	9.02216e-19
11844.10000	-9.60534e-19	8.78990e-19
11845.40000	-9.57292e-19	8.90128e-19
11846.70000	-1.33829e-19	8.43517e-19
11848.00000	8.76865e-19	9.28504e-19
11849.30000	1.03361e-18	1.19331e-18
11850.60000	-1.39162e-18	1.55783e-18
11851.90000	-2.06200e-18	1.61679e-18
11853.20000	2.59949e-19	1.31701e-18
11854.50000	2.15029e-18	1.03080e-18
11855.80000	1.62024e-18	9.55452e-19
11857.10000	-1.32765e-18	9.38318e-19
11858.40000	-1.55528e-18	8.98784e-19
11859.70000	-2.85353e-19	8.84794e-19
11861.00000	-1.15804e-18	8.84850e-19
11862.30000	1.16343e-18	9.00964e-19
11863.60000	1.35181e-18	1.11938e-18
11864.90000	2.49927e-18	1.59770e-18
11866.20000	3.15544e-18	1.87960e-18
11867.50000	8.68597e-19	1.72136e-18
11868.80000	5.59196e-19	1.29001e-18
11870.10000	4.93144e-19	1.03925e-18
11871.40000	7.42643e-19	9.92175e-19
11872.70000	5.83111e-19	9.59747e-19
11874.00000	-3.26176e-19	9.48265e-19
11875.30000	2.83159e-19	9.35916e-19
11876.60000	1.82021e-19	9.02768e-19
11877.90000	1.34985e-18	9.03622e-19
11879.20000	2.43341e-18	9.53264e-19
11880.60000	-8.78633e-19	9.60598e-19
11881.90000	-6.02792e-19	9.03101e-19
11883.20000	1.22791e-18	8.78495e-19
11884.50000	2.54931e-18	9.03921e-19
11885.80000	2.39798e-19	1.01160e-18
11887.10000	-6.45952e-19	1.14142e-18
11888.40000	-9.29819e-19	1.23653e-18
11889.70000	-3.84562e-19	9.74364e-19
11891.00000	-1.91892e-19	9.61947e-19
11892.30000	8.87189e-19	9.10848e-19
11893.60000	1.86251e-18	8.57712e-19
11894.90000	5.93919e-19	8.49082e-19
11896.20000	1.87645e-18	8.77287e-19
11897.50000	1.65030e-18	8.69728e-19
11898.80000	2.05860e-19	9.71162e-19
11900.10000	-7.13139e-20	1.07530e-18
11901.40000	-2.97389e-19	1.09578e-18
11902.70000	6.00798e-19	1.01765e-18
11904.00000	1.20880e-18	1.04135e-18
11905.30000	-6.97879e-19	1.08019e-18
11906.60000	3.23746e-19	1.09986e-18
11907.90000	-2.94731e-19	1.13770e-18
11909.20000	1.54625e-18	1.10744e-18
11910.50000	8.68236e-19	1.02042e-18
11911.80000	3.01117e-18	9.61420e-19
11913.10000	2.26456e-18	9.45950e-19
11914.40000	5.00069e-19	9.85699e-19
11915.70000	-5.80782e-19	1.00788e-18
11917.00000	-9.63972e-20	9.97003e-19
11918.30000	7.64745e-21	9.53525e-19
11919.60000	9.23965e-19	9.25562e-19
11921.00000	8.11802e-19	9.31927e-19
11922.30000	1.58106e-18	9.16694e-19
11923.60000	-4.90309e-19	1.04678e-18
11924.90000	-1.37911e-18	1.10912e-18
11926.20000	-1.06881e-18	9.04041e-19
11927.50000	1.57503e-18	8.50948e-19
11928.80000	1.06055e-18	8.35506e-19
11930.10000	1.77541e-18	8.48181e-19
11931.40000	-3.11583e-19	8.79774e-19
11932.70000	9.88914e-19	9.72285e-19
11934.00000	1.43457e-18	1.02283e-18
11935.30000	1.45372e-18	1.10137e-18
11936.60000	6.11513e-19	1.22497e-18
11937.90000	-6.09540e-19	1.40156e-18
11939.20000	-3.72058e-19	1.34019e-18
11940.50000	1.38936e-18	1.07383e-18
11941.80000	8.26045e-19	9.00725e-19
11943.10000	-1.14692e-18	9.49151e-19
11944.40000	-1.14430e-18	8.60654e-19
11945.70000	2.53230e-19	8.43144e-19
11947.00000	9.72727e-19	8.76716e-19
11948.30000	1.38323e-18	9.82517e-19
11949.60000	9.76147e-19	1.21877e-18
11950.90000	1.69730e-18	1.47141e-18
11952.20000	-6.50930e-19	1.48347e-18
11953.50000	-4.51044e-19	1.24006e-18
11954.80000	-3.36456e-19	9.51191e-19
11956.10000	9.76590e-20	8.46852e-19
11957.40000	1.98778e-19	8.36729e-19
11958.70000	5.81255e-19	8.39392e-19
11960.00000	3.23982e-19	8.59745e-19
11961.30000	1.08353e-18	8.91427e-19
11962.70000	1.58717e-18	8.93628e-19
11964.00000	8.96930e-19	8.97475e-19
11965.30000	5.13358e-19	1.01506e-18
11966.60000	1.28444e-18	1.50011e-18
11967.90000	6.15344e-19	2.07733e-18
11969.20000	-2.95169e-19	2.25045e-18
11970.50000	-5.86470e-19	1.97855e-18
11971.80000	2.59385e-19	2.01853e-18
11973.10000	1.44356e-18	2.36730e-18
11974.40000	-3.02795e-18	2.90437e-18
11975.70000	-2.31049e-19	2.92456e-18
11977.00000	-7.31216e-19	2.24266e-18
11978.30000	-4.17849e-19	1.28178e-18
11979.60000	-1.02104e-18	1.03074e-18
11980.90000	-9.15822e-20	1.24339e-18
11982.20000	-1.78205e-18	1.81242e-18
11983.50000	-8.58426e-19	2.35460e-18
11984.80000	-8.74872e-19	2.09755e-18
11986.10000	8.43977e-19	2.22368e-18
11987.40000	2.14158e-18	3.20412e-18
11988.70000	1.82588e-18	3.58186e-18
11990.00000	4.53990e-18	2.88094e-18
11991.30000	1.85574e-18	1.30653e-18
11992.60000	7.61628e-19	9.12185e-19
11993.90000	1.80392e-18	8.88045e-19
11995.20000	5.57345e-20	8.70563e-19
11996.50000	-2.25084e-19	9.25275e-19
11997.80000	8.86293e-19	1.40114e-18
11999.10000	-1.14779e-18	2.33703e-18
12000.40000	-6.04957e-19	2.68106e-18
12001.70000	-1.09367e-18	2.31980e-18
12003.10000	-5.04699e-19	1.77476e-18
12004.40000	-7.36053e-19	2.33051e-18
12005.70000	-4.38854e-20	4.44553e-18
12007.00000	-8.97962e-19	4.81890e-18
12008.30000	5.96697e-18	4.12647e-18
12009.60000	1.83485e-18	1.80575e-18
12010.90000	-4.30600e-19	9.76471e-19
12012.20000	-1.81876e-19	8.98779e-19
12013.50000	1.60797e-18	9.01470e-19
12014.80000	-2.92545e-19	9.52038e-19
12016.10000	-1.21841e-18	9.41095e-19
12017.40000	-5.75183e-19	9.73046e-19
12018.70000	1.04135e-19	9.59509e-19
12020.00000	1.32400e-18	9.05026e-19
12021.30000	-3.89398e-20	1.15339e-18
12022.60000	-2.02393e-18	2.27165e-18
12023.90000	3.18799e-18	3.05829e-18
12025.20000	2.90014e-18	2.98151e-18
12026.50000	-1.00767e-18	2.08345e-18
12027.80000	-1.07657e-18	2.04805e-18
12029.10000	-2.30058e-18	3.70426e-18
12030.40000	-5.82900e-19	5.17261e-18
12031.70000	-1.83784e-19	4.91941e-18
12033.00000	2.66969e-18	2.69015e-18
12034.30000	-3.95650e-19	1.33656e-18
12035.60000	9.22783e-19	1.03744e-18
12036.90000	-1.89420e-19	8.83941e-19
12038.20000	-1.28518e-18	8.76641e-19
12039.50000	1.45042e-18	8.74573e-19
12040.80000	9.20541e-19	9.91740e-19
12042.10000	3.15877e-19	1.20239e-18
12043.40000	3.20592e-19	1.36344e-18
12044.80000	6.07050e-19	1.25721e-18
12046.10000	-5.27927e-19	1.21274e-18
12047.40000	1.02486e-19	9.54306e-19
12048.70000	-4.71201e-19	8.73389e-19
12050.00000	-6.04884e-19	8.30325e-19
12051.30000	-1.13361e-18	8.19744e-19
12052.60000	2.60224e-19	9.74140e-19
12053.90000	1.03732e-18	1.90964e-18
12055.20000	-1.83670e-18	3.03358e-18
12056.50000	9.53869e-19	3.22059e-18
12057.80000	2.44047e-18	2.34598e-18
12059.10000	1.09248e-18	1.52752e-18
12060.40000	2.94943e-18	1.20857e-18
12061.70000	2.59542e-18	1.19470e-18
12063.00000	1.02875e-18	1.03370e-18
12064.30000	2.44325e-18	9.81871e-19
12065.60000	2.39075e-19	9.86330e-19
12066.90000	-8.86895e-20	9.55835e-19
12068.20000	-2.08181e-18	8.82977e-19
12069.50000	1.41650e-18	8.36160e-19
12070.80000	1.61872e-18	9.34820e-19
12072.10000	4.95428e-19	8.68030e-19
12073.40000	6.33310e-19	8.12979e-19
12074.70000	7.78419e-19	8.88106e-19
12076.00000	-2.93659e-19	8.06123e-19
12077.30000	-2.85743e-19	8.02423e-19
12078.60000	-1.62822e-18	8.01630e-19
12079.90000	-1.53623e-18	7.95914e-19
12081.20000	3.98316e-19	8.34111e-19
12082.50000	9.65924e-19	8.75067e-19
12083.80000	7.69137e-19	8.51040e-19
12085.20000	1.08325e-18	8.29081e-19
12086.50000	-8.17026e-19	8.20186e-19
12087.80000	7.51748e-19	8.41128e-19
12089.10000	-1.64828e-19	8.42462e-19
12090.40000	1.13202e-18	8.48020e-19
12091.70000	8.56378e-19	8.45539e-19
12093.00000	9.53649e-19	9.78332e-19
12094.30000	4.82426e-19	1.25372e-18
12095.60000	1.91954e-19	1.20892e-18
12096.90000	1.79994e-18	1.15979e-18
12098.20000	4.71383e-19	1.08611e-18
12099.50000	-4.09035e-19	9.39109e-19
12100.80000	-9.22282e-19	8.38593e-19
12102.10000	-6.72939e-19	8.46556e-19
12103.40000	-1.87599e-19	8.31799e-19
12104.70000	-1.68281e-19	7.94048e-19
12106.00000	7.16079e-19	8.10728e-19
12107.30000	1.13197e-18	8.01107e-19
12108.60000	-1.13021e-18	8.37578e-19
12109.90000	-7.94412e-19	8.11587e-19
12111.20000	1.26938e-18	8.34556e-19
12112.50000	7.09674e-19	8.46445e-19
12113.80000	-1.80182e-18	8.51119e-19
12115.10000	-6.14324e-19	8.84788e-19
12116.40000	1.58865e-19	9.61736e-19
12117.70000	7.80162e-19	1.35401e-18
12119.00000	1.82249e-18	2.55702e-18
12120.30000	2.17725e-18	4.72334e-18
12121.60000	-4.17646e-18	7.82391e-18
12122.90000	5.61594e-19	7.97364e-18
12124.20000	-1.17550e-18	5.26003e-18
12125.50000	1.81206e-19	1.76771e-18
12126.90000	1.35682e-18	9.88413e-19
12128.20000	1.16537e-18	9.94656e-19
12129.50000	5.06808e-19	1.44053e-18
12130.80000	6.72757e-19	1.83311e-18
12132.10000	5.51643e-19	1.89895e-18
12133.40000	-1.20889e-19	2.45544e-18
12134.70000	-5.85689e-18	4.60484e-18
12136.00000	-1.45793e-18	4.84531e-18
12137.30000	3.94225e-18	3.77478e-18
12138.60000	7.41450e-19	1.61416e-18
12139.90000	7.04321e-19	1.10800e-18
12141.20000	1.53227e-18	1.29435e-18
12142.50000	-5.11199e-19	1.42878e-18
12143.80000	1.47954e-18	1.33760e-18
12145.10000	8.66507e-19	1.14341e-18
12146.40000	1.13845e-18	1.09699e-18
12147.70000	-3.93630e-19	1.23092e-18
12149.00000	-3.65107e-19	1.26645e-18
12150.30000	1.05271e-18	1.09022e-18
12151.60000	7.18675e-19	1.07070e-18
12152.90000	-1.00362e-18	1.84971e-18
12154.20000	-2.30141e-18	2.79460e-18
12155.50000	-2.61884e-18	2.64138e-18
12156.80000	9.68581e-19	1.85313e-18
12158.10000	2.02537e-18	1.11247e-18
12159.40000	3.18991e-19	9.67622e-19
12160.70000	4.67803e-19	9.73096e-19
12162.00000	-1.86231e-19	1.06823e-18
12163.30000	-1.32878e-18	1.02542e-18
12164.60000	-1.04783e-18	1.00216e-18
12165.90000	3.63301e-20	9.56635e-19
12167.20000	-2.63969e-19	9.42846e-19
12168.60000	3.99979e-19	8.86672e-19
12169.90000	7.32044e-19	8.87289e-19
12171.20000	8.43545e-19	8.84511e-19
12172.50000	-1.31603e-18	9.37837e-19
12173.80000	2.33049e-19	9.99044e-19
12175.10000	-7.63019e-19	9.75507e-19
12176.40000	1.26126e-18	1.00245e-18
12177.70000	2.90384e-18	1.27859e-18
12179.00000	5.33836e-19	1.61356e-18
12180.30000	1.92842e-18	1.69186e-18
12181.60000	2.52773e-18	1.39528e-18
12182.90000	-6.00272e-19	9.46468e-19
12184.20000	-1.22743e-18	8.21423e-19
12185.50000	9.28706e-19	7.86051e-19
12186.80000	7.19221e-19	7.83796e-19
12188.10000	-1.13206e-18	7.82186e-19
12189.40000	-8.52695e-19	8.16477e-19
12190.70000	-4.40362e-19	8.74113e-19
12192.00000	1.54661e-18	8.29432e-19
12193.30000	-3.65339e-19	1.15352e-18
12194.60000	1.07909e-18	2.66513e-18
12195.90000	1.34809e-19	3.70828e-18
12197.20000	-2.37805e-18	3.43440e-18
12198.50000	-2.36462e-19	1.89042e-18
12199.80000	1.68794e-18	1.01326e-18
12201.10000	-1.09018e-20	8.01118e-19
12202.40000	-3.41489e-19	7.94928e-19
12203.70000	5.38466e-19	8.02001e-19
12205.00000	5.62474e-19	8.13715e-19
12206.30000	-9.71695e-21	7.91455e-19
12207.60000	1.29556e-19	8.20419e-19
12209.00000	7.35496e-19	9.17394e-19
12210.30000	1.03222e-18	9.83039e-19
12211.60000	1.50285e-19	1.02222e-18
12212.90000	1.55838e-18	9.37180e-19
12214.20000	-7.13669e-19	8.45732e-19
12215.50000	8.39497e-19	8.02040e-19
12216.80000	-8.34556e-19	8.19910e-19
12218.10000	-4.05616e-19	7.55484e-19
12219.40000	1.44939e-18	7.97589e-19
12220.70000	1.07722e-18	8.83030e-19
12222.00000	1.13107e-19	8.53551e-19
12223.30000	8.71141e-19	8.93645e-19
12224.60000	-1.46253e-18	9.90706e-19
12225.90000	3.84004e-20	1.29059e-18
12227.20000	-1.93443e-18	3.51838e-18
12228.50000	-9.12976e-19	7.25950e-18
12229.80000	9.33507e-18	6.90622e-18
12231.10000	2.12617e-18	4.03943e-18
12232.40000	-9.44440e-19	1.53636e-18
12233.70000	-4.09584e-19	9.31900e-19
12235.00000	-7.70255e-19	8.59248e-19
12236.30000	5.69955e-19	9.19624e-19
12237.60000	2.22631e-19	1.10224e-18
12238.90000	1.38357e-18	1.21699e-18
12240.20000	-1.91715e-18	1.18765e-18
12241.50000	-1.55563e-18	1.06600e-18
12242.80000	1.19959e-18	8.33900e-19
12244.10000	1.16059e-18	7.97299e-19
12245.40000	7.87320e-19	8.49972e-19
12246.70000	-1.03753e-19	1.02102e-18
12248.00000	9.50627e-19	1.22811e-18
12249.30000	1.60802e-18	1.41401e-18
12250.70000	-5.64192e-19	1.13287e-18
12252.00000	-6.91159e-19	1.00872e-18
12253.30000	5.96355e-19	9.61613e-19
12254.60000	9.67922e-20	1.22996e-18
12255.90000	4.13241e-19	2.78791e-18
12257.20000	-2.31432e-18	4.16145e-18
12258.50000	9.55640e-19	4.03237e-18
12259.80000	2.40075e-18	2.19539e-18
12261.10000	1.34939e-18	9.99673e-19
12262.40000	1.60519e-18	8.14170e-19
12263.70000	1.44553e-19	7.65383e-19
12265.00000	1.56477e-18	7.58075e-19
12266.30000	2.40563e-20	7.55872e-19
12267.60000	-7.96549e-21	7.75847e-19
12268.90000	-1.05539e-18	7.82165e-19
12270.20000	-1.35701e-19	7.95423e-19
12271.50000	-1.56704e-19	7.88577e-19
12272.80000	-1.83185e-19	7.79726e-19
12274.10000	-1.63049e-19	7.72483e-19
12275.40000	4.85205e-19	8.84307e-19
12276.70000	1.70876e-18	7.81633e-19
12278.00000	1.06040e-18	7.69061e-19
12279.30000	-3.35056e-19	7.86607e-19
12280.60000	1.16713e-18	7.99032e-19
12281.90000	1.68922e-18	8.30226e-19
12283.20000	3.84061e-19	1.04088e-18
12284.50000	-3.43238e-18	2.63334e-18
12285.80000	1.38581e-18	6.29876e-18
12287.10000	-2.36518e-18	7.08695e-18
12288.40000	8.99865e-18	5.36324e-18
12289.70000	2.57022e-18	1.98654e-18
12291.10000	9.68421e-20	1.03460e-18
12292.40000	7.84910e-19	8.96762e-19
12293.70000	-9.72418e-20	8.62403e-19
12295.00000	-1.45533e-19	8.60661e-19
12296.30000	-4.48028e-20	9.86042e-19
12297.60000	-1.45733e-18	1.07584e-18
12298.90000	2.80961e-19	1.04705e-18
12300.20000	-4.16442e-20	9.87340e-19
12301.50000	8.26532e-19	9.85925e-19
12302.80000	-2.17001e-18	1.06653e-18
12304.10000	6.36940e-19	1.06367e-18
12305.40000	-2.76601e-19	9.11457e-19
12306.70000	7.94574e-19	8.82802e-19
12308.00000	-2.06000e-19	8.84594e-19
12309.30000	2.29769e-19	8.11396e-19
12310.60000	-9.69542e-19	7.58113e-19
12311.90000	1.98359e-18	8.22433e-19
12313.20000	4.13513e-19	1.00440e-18
12314.50000	9.08870e-19	1.08718e-18
12315.80000	7.73182e-19	1.07473e-18
12317.10000	9.31013e-19	8.73234e-19
12318.40000	2.75484e-19	7.86656e-19
12319.70000	8.92509e-19	7.59026e-19
12321.00000	-5.07185e-19	7.78882e-19
12322.30000	1.49725e-18	8.90650e-19
12323.60000	5.73784e-19	1.77922e-18
12324.90000	1.84014e-18	3.47857e-18
12326.20000	2.68055e-18	3.66174e-18
12327.50000	1.19018e-18	2.49064e-18
12328.80000	1.04865e-18	1.09839e-18
12330.10000	1.00863e-18	7.56903e-19
12331.40000	-1.11339e-18	7.11120e-19
12332.80000	9.09012e-19	7.14775e-19
12334.10000	9.51614e-19	7.82403e-19
12335.40000	1.52542e-18	7.85455e-19
12336.70000	2.44961e-18	7.25425e-19
12338.00000	9.08914e-19	7.39963e-19
12339.30000	5.59056e-19	7.86058e-19
12340.60000	6.74995e-19	7.27375e-19
12341.90000	2.19381e-19	7.32212e-19
12343.20000	9.86763e-19	7.30565e-19
12344.50000	1.18837e-19	7.27210e-19
12345.80000	6.26526e-19	7.68084e-19
12347.10000	7.86272e-20	8.45928e-19
12348.40000	3.76561e-19	1.27492e-18
12349.70000	-2.78273e-18	3.76564e-18
12351.00000	-1.70541e-18	5.93648e-18
12352.30000	9.93562e-19	5.81460e-18
12353.60000	-7.11213e-19	3.59317e-18
12354.90000	-2.79102e-18	1.64164e-18
12356.20000	6.29045e-19	1.01661e-18
12357.50000	4.75045e-19	8.37767e-19
12358.80000	-6.84425e-19	7.76760e-19
12360.10000	-8.00177e-19	8.95389e-19
12361.40000	1.12935e-18	1.07519e-18
12362.70000	-1.62277e-19	1.11198e-18
12364.00000	8.04235e-19	1.09560e-18
12365.30000	2.97769e-19	9.96733e-19
12366.60000	1.24028e-19	8.37712e-19
12367.90000	4.16147e-19	7.35220e-19
12369.20000	-9.35382e-19	7.28952e-19
12370.50000	-9.67256e-20	7.22131e-19
12371.80000	4.04947e-19	7.32245e-19
12373.20000	-7.04731e-19	5.06423e-19
12374.50000	1.19147e-18	7.81049e-19
12375.80000	1.22201e-18	7.83227e-19
12377.10000	1.56178e-18	8.15923e-19
12378.40000	2.26821e-19	7.93358e-19
12379.70000	6.08589e-20	7.56185e-19
12381.00000	-1.41148e-18	7.47761e-19
12382.30000	-6.00439e-19	7.34422e-19
12383.60000	6.26479e-19	7.15162e-19
12384.90000	-1.19505e-18	7.18127e-19
12386.20000	7.78953e-20	7.10533e-19
12387.50000	-1.37043e-19	7.18311e-19
12388.80000	8.54439e-19	8.14707e-19
12390.10000	2.11917e-19	8.05684e-19
12391.40000	5.96421e-20	9.93034e-19
12392.70000	-1.99919e-19	1.18518e-18
12394.00000	-1.18506e-19	1.18350e-18
12395.30000	8.13016e-19	1.00201e-18
12396.60000	1.01251e-19	8.21980e-19
12397.90000	-1.16673e-18	1.06821e-18
12399.20000	-1.81808e-19	2.08970e-18
12400.50000	1.73245e-18	2.90527e-18
12401.80000	2.65034e-18	2.60454e-18
12403.10000	4.20250e-19	1.38463e-18
12404.40000	1.12178e-18	8.52637e-19
12405.70000	7.78082e-19	7.51052e-19
12407.00000	1.12524e-19	7.22568e-19
12408.30000	2.02370e-18	7.28618e-19
12409.60000	1.97793e-18	7.24194e-19
12410.90000	1.61989e-18	6.91223e-19
12412.20000	6.42953e-19	6.74475e-19
12413.50000	1.17496e-18	6.76462e-19
12414.90000	2.51527e-19	6.99620e-19
12416.20000	3.93156e-19	7.09389e-19
12417.50000	-6.78955e-20	7.24673e-19
12418.80000	2.30322e-19	7.74147e-19
12420.10000	-7.37878e-19	1.07174e-18
12421.40000	2.99075e-19	2.53421e-18
12422.70000	-2.03526e-18	4.07995e-18
12424.00000	-1.73072e-18	3.92959e-18
12425.30000	-3.21608e-19	2.46977e-18
12426.60000	-9.31270e-19	1.42014e-18
12427.90000	1.02228e-19	1.12252e-18
12429.20000	1.52009e-19	9.30126e-19
12430.50000	3.18829e-19	7.71503e-19
12431.80000	3.80286e-19	7.21774e-19
12433.10000	2.42537e-19	7.24229e-19
12434.40000	7.25581e-19	7.51646e-19
12435.70000	-8.70812e-20	7.26226e-19
12437.00000	4.53985e-19	7.22089e-19
12438.30000	4.76794e-19	7.14738e-19
12439.60000	-3.84316e-19	7.05494e-19
12440.90000	9.61849e-19	7.87342e-19
12442.20000	1.16218e-19	7.35927e-19
12443.50000	-1.90443e-19	7.00224e-19
12444.80000	-7.27504e-19	7.41845e-19
12446.10000	3.65291e-19	7.92445e-19
12447.40000	9.44804e-19	9.21166e-19
12448.70000	1.86610e-19	9.37211e-19
12450.00000	1.09660e-19	9.36971e-19
12451.30000	1.04053e-18	1.00336e-18
12452.60000	5.91207e-19	1.02399e-18
12453.90000	2.59899e-20	9.87243e-19
12455.30000	-4.82744e-20	9.43095e-19
12456.60000	-8.06842e-19	9.33511e-19
12457.90000	2.70472e-20	9.26942e-19
12459.20000	-2.87311e-19	8.55288e-19
12460.50000	2.63390e-19	8.09915e-19
12461.80000	3.00880e-19	8.70365e-19
12463.10000	-2.88479e-19	1.06194e-18
12464.40000	4.55416e-19	9.55279e-19
12465.70000	3.29106e-19	8.49043e-19
12467.00000	7.30355e-19	8.54719e-19
12468.30000	4.88142e-19	7.77175e-19
12469.60000	5.51821e-19	7.40723e-19
12470.90000	9.97797e-20	7.63893e-19
12472.20000	1.52206e-18	8.87329e-19
12473.50000	1.11224e-18	1.02170e-18
12474.80000	4.26550e-19	1.15710e-18
12476.10000	7.73929e-19	1.18395e-18
12477.40000	5.99578e-19	1.15382e-18
12478.70000	-3.89400e-19	1.06077e-18
12480.00000	-2.12251e-20	1.25791e-18
12481.30000	7.85517e-20	2.23496e-18
12482.60000	-6.59913e-19	2.41950e-18
12483.90000	1.27526e-19	2.00790e-18
12485.20000	-3.03039e-19	1.37539e-18
12486.50000	5.91916e-21	1.11909e-18
12487.80000	-5.74609e-19	9.94839e-19
12489.10000	6.57905e-20	9.04488e-19
12490.40000	6.23255e-19	8.43518e-19
12491.70000	2.09746e-19	7.62059e-19
12493.00000	-9.88932e-21	7.67103e-19
12494.30000	-5.34391e-19	8.76199e-19
12495.60000	1.27319e-18	9.90115e-19
12497.00000	4.86606e-19	9.87227e-19
12498.30000	9.64512e-19	9.04321e-19
12499.60000	1.49795e-18	1.24949e-18
12500.90000	6.18686e-19	2.40481e-18
12502.20000	2.84300e-18	2.96295e-18
12503.50000	6.21848e-18	2.65555e-18
12504.80000	4.07935e-18	1.52430e-18
12506.10000	3.46044e-18	9.20187e-19
12507.40000	3.70823e-18	8.37114e-19
12508.70000	2.94185e-18	9.54668e-19
12510.00000	4.74284e-18	1.15780e-18
12511.30000	3.94664e-18	1.22398e-18
12512.60000	4.17370e-18	1.06337e-18
12513.90000	6.07479e-18	8.68416e-19
12515.20000	3.90168e-18	8.53045e-19
12516.50000	3.82529e-18	8.89174e-19
12517.80000	2.88029e-18	8.17460e-19
12519.10000	1.59771e-18	7.96151e-19
12520.40000	1.96784e-18	7.72917e-19
12521.70000	6.09979e-19	7.60581e-19
12523.00000	-4.40179e-19	8.10982e-19
12524.30000	1.59482e-18	1.09796e-18
12525.60000	6.95387e-19	1.45268e-18
12526.90000	-7.66167e-19	1.47643e-18
12528.20000	-3.38588e-19	1.11049e-18
12529.50000	1.18034e-18	8.79604e-19
12530.80000	8.34756e-19	9.19864e-19
12532.10000	4.48199e-19	9.86493e-19
12533.40000	3.08681e-19	9.47083e-19
12534.70000	1.91353e-18	9.41888e-19
12536.00000	2.38771e-18	9.82109e-19
12537.40000	1.27585e-18	9.38353e-19
12538.70000	1.27486e-18	8.95901e-19
12540.00000	6.75702e-19	1.15931e-18
12541.30000	1.48741e-18	1.56579e-18
12542.60000	1.93106e-18	1.57800e-18
12543.90000	6.47150e-19	1.19640e-18
12545.20000	1.45010e-18	8.77220e-19
12546.50000	1.57472e-18	8.22827e-19
12547.80000	8.51851e-19	8.51665e-19
12549.10000	-1.59051e-19	8.59678e-19
12550.40000	-5.19753e-19	8.27593e-19
12551.70000	1.38943e-18	8.00842e-19
12553.00000	2.49210e-18	8.08411e-19
12554.30000	1.86864e-20	8.20511e-19
12555.60000	6.55637e-19	1.00973e-18
12556.90000	-6.69578e-19	1.68057e-18
12558.20000	6.48728e-20	1.70973e-18
12559.50000	-1.22437e-18	1.44576e-18
12560.80000	1.80279e-18	9.43633e-19
12562.10000	7.16588e-19	8.90424e-19
12563.40000	1.70210e-18	9.14225e-19
12564.70000	-4.69505e-19	8.25250e-19
12566.00000	1.45609e-18	7.80173e-19
12567.30000	4.83963e-19	8.08548e-19
12568.60000	-7.70717e-19	9.48315e-19
12569.90000	-1.50930e-18	1.41113e-18
12571.20000	2.01275e-18	1.74504e-18
12572.50000	3.59455e-19	1.96289e-18
12573.80000	7.55208e-19	1.86766e-18
12575.10000	-1.38587e-18	1.65135e-18
12576.40000	2.21682e-18	1.16764e-18
12577.70000	-8.29756e-19	9.79664e-19
12579.10000	-7.45899e-19	1.04970e-18
12580.40000	1.28042e-18	8.78775e-19
12581.70000	9.52495e-19	8.53241e-19
12583.00000	8.27035e-19	8.64121e-19
12584.30000	-2.81918e-19	9.52023e-19
12585.60000	3.35707e-19	1.10962e-18
12586.90000	3.19814e-18	1.50301e-18
12588.20000	-3.58804e-19	2.04117e-18
12589.50000	-3.68451e-18	2.44868e-18
12590.80000	-2.10627e-19	2.30250e-18
12592.10000	-5.87094e-19	1.80693e-18
12593.40000	-7.66055e-20	1.31096e-18
12594.70000	1.58516e-18	1.25304e-18
12596.00000	2.04231e-18	1.19291e-18
12597.30000	8.07366e-19	1.36261e-18
12598.60000	-1.39413e-18	1.35370e-18
12599.90000	7.51965e-19	1.38754e-18
12601.20000	-3.20242e-19	1.40146e-18
12602.50000	-5.38266e-19	1.54581e-18
12603.80000	-2.14803e-18	1.69699e-18
12605.10000	-1.55418e-18	1.85239e-18
12606.40000	-4.06065e-19	2.24997e-18
12607.70000	-3.11163e-18	2.44293e-18
12609.00000	2.01596e-20	2.47535e-18
12610.30000	-5.77064e-19	2.19369e-18
12611.60000	1.86257e-18	2.02096e-18
12612.90000	4.13120e-19	2.07825e-18
12614.20000	1.59205e-18	2.05765e-18
12615.50000	2.61110e-18	2.05009e-18
12616.80000	2.20946e-18	2.06278e-18
12618.10000	8.28557e-19	2.00484e-18
12619.50000	4.12154e-19	1.99037e-18
12620.80000	2.96875e-19	1.90069e-18
12622.10000	-1.16300e-18	1.88339e-18
12623.40000	3.73259e-18	2.08749e-18
12624.70000	3.67885e-18	2.34606e-18
12626.00000	1.21408e-18	2.34012e-18
12627.30000	1.40914e-18	1.99234e-18
12628.60000	2.55737e-18	1.66206e-18
12629.90000	1.21866e-18	1.52396e-18
12631.20000	6.85556e-19	1.50065e-18
12632.50000	6.45574e-19	1.66799e-18
12633.80000	-1.55338e-18	1.81639e-18
12635.10000	2.38802e-18	1.67522e-18
12636.40000	2.82490e-18	1.48801e-18
12637.70000	1.99435e-18	1.37014e-18
12639.00000	6.48978e-19	1.44357e-18
12640.30000	7.32323e-19	1.73451e-18
12641.60000	1.29746e-18	2.24144e-18
12642.90000	2.12903e-19	2.31213e-18
12644.20000	1.47537e-18	1.98135e-18
12645.50000	-1.51065e-18	1.39771e-18
12646.80000	4.66112e-19	1.38985e-18
12648.10000	5.79456e-19	1.58531e-18
12649.40000	1.56475e-19	1.58955e-18
12650.70000	-1.06806e-18	1.46660e-18
12652.00000	1.91688e-19	1.32096e-18
12653.30000	1.35561e-18	1.15047e-18
12654.60000	7.46534e-19	1.22129e-18
12655.90000	5.46502e-20	1.57934e-18
12657.20000	1.13823e-18	1.70990e-18
12658.50000	2.21889e-18	2.02585e-18
12659.80000	-4.50825e-19	2.50454e-18
12661.20000	1.23309e-18	2.53654e-18
12662.50000	-6.79281e-19	2.02531e-18
12663.80000	1.60544e-18	1.97962e-18
12665.10000	-8.47943e-19	2.28323e-18
12666.40000	-1.00957e-18	2.41631e-18
12667.70000	-5.87206e-20	2.10086e-18
12669.00000	1.52403e-18	1.71069e-18
12670.30000	2.53324e-18	1.32977e-18
12671.60000	7.50160e-19	1.36325e-18
12672.90000	-1.62348e-18	2.25124e-18
12674.20000	-2.82952e-18	2.77641e-18
12675.50000	8.08087e-20	2.65215e-18
12676.80000	2.68096e-18	1.93707e-18
12678.10000	7.98474e-19	1.44194e-18
12679.40000	2.27913e-18	1.28488e-18
12680.70000	9.05863e-20	1.67705e-18
12682.00000	-3.14591e-18	3.51533e-18
12683.30000	-1.43767e-18	5.44875e-18
12684.60000	9.75648e-18	6.56409e-18
12685.90000	3.39880e-18	6.76839e-18
12687.20000	3.66628e-18	6.46632e-18
12688.50000	5.63724e-18	5.81114e-18
12689.80000	-1.81962e-18	5.26746e-18
12691.10000	4.71676e-18	4.78222e-18
12692.40000	4.26439e-18	4.37254e-18
12693.70000	3.62838e-18	4.02096e-18
12695.00000	1.09614e-18	4.02049e-18
12696.30000	2.36594e-18	4.24881e-18
12697.60000	3.41806e-18	4.16486e-18
12698.90000	3.01551e-19	4.19287e-18
12700.20000	-7.92788e-21	3.65666e-18
12701.50000	-1.61654e-18	3.09070e-18
12702.90000	6.69504e-19	2.31937e-18
12704.20000	1.18150e-18	1.90178e-18
12705.50000	2.92532e-18	2.35369e-18
12706.80000	1.03335e-18	2.60221e-18
12708.10000	5.48169e-20	2.88233e-18
12709.40000	2.14499e-18	3.06004e-18
12710.70000	-8.80802e-19	2.83475e-18
12712.00000	5.31603e-19	2.03096e-18
12713.30000	-5.81780e-19	1.24074e-18
12714.60000	7.52181e-19	1.32637e-18
12715.90000	1.18660e-18	1.81489e-18
12717.20000	1.78610e-18	2.05719e-18
12718.50000	2.89936e-18	2.41769e-18
12719.80000	-1.56872e-18	2.62228e-18
12721.10000	6.39448e-19	2.38578e-18
12722.40000	1.38609e-18	1.81328e-18
12723.70000	-4.24114e-19	2.13710e-18
12725.00000	-2.12411e-18	2.79579e-18
12726.30000	6.41830e-20	2.92369e-18
12727.60000	-1.06847e-18	2.43271e-18
12728.90000	-1.25353e-18	2.59395e-18
12730.20000	1.33347e-18	2.52506e-18
12731.50000	-1.01024e-18	2.09440e-18
12732.80000	1.02221e-18	1.29357e-18
12734.10000	-2.71586e-19	1.03390e-18
12735.40000	5.40599e-19	1.28563e-18
12736.70000	1.08755e-19	1.94528e-18
12738.00000	8.68012e-19	2.23819e-18
12739.30000	-2.38033e-18	2.52454e-18
12740.60000	4.46750e-19	2.52881e-18
12741.90000	1.88621e-18	2.55652e-18
12743.30000	5.46195e-19	2.89573e-18
12744.60000	-1.86596e-18	3.09140e-18
12745.90000	3.74117e-18	3.12838e-18
12747.20000	1.06056e-18	3.18503e-18
12748.50000	-2.97000e-18	3.43402e-18
12749.80000	-4.19524e-18	3.62597e-18
12751.10000	-2.20231e-18	4.11350e-18
12752.40000	2.03128e-18	4.26841e-18
12753.70000	3.23209e-18	3.79511e-18
12755.00000	1.54655e-18	2.03233e-18
12756.30000	-9.74649e-20	1.32383e-18
12757.60000	-1.38621e-18	1.74056e-18
12758.90000	-1.67096e-18	2.86937e-18
12760.20000	1.82974e-18	3.55630e-18
12761.50000	4.05121e-18	4.16202e-18
12762.80000	1.87384e-18	5.23869e-18
12764.10000	-1.92499e-19	5.28580e-18
12765.40000	-6.66695e-19	4.35317e-18
12766.70000	8.35320e-19	2.05171e-18
12768.00000	5.41064e-19	1.20218e-18
12769.30000	5.38153e-19	1.72166e-18
12770.60000	-2.63592e-18	2.50420e-18
12771.90000	-1.05707e-18	2.80252e-18
12773.20000	-3.73402e-18	2.79830e-18
12774.50000	-4.74104e-19	2.84763e-18
12775.80000	1.21476e-18	3.30346e-18
12777.10000	-1.58917e-18	3.15438e-18
12778.40000	-3.18650e-18	2.50105e-18
12779.70000	1.29835e-18	2.22795e-18
12781.00000	2.74788e-18	4.06620e-18
12782.30000	5.74873e-18	5.79807e-18
12783.60000	2.65243e-18	5.82528e-18
12785.00000	-1.06725e-18	4.27778e-18
12786.30000	1.14235e-18	2.78677e-18
12787.60000	6.98567e-19	1.75128e-18
12788.90000	1.06108e-18	1.00946e-18
12790.20000	1.53004e-18	8.12269e-19
12791.50000	1.76164e-18	8.21409e-19
12792.80000	3.39489e-18	1.20282e-18
12794.10000	1.76704e-18	1.62963e-18
12795.40000	1.20486e-18	1.81080e-18
12796.70000	-3.12685e-19	1.85242e-18
12798.00000	5.11811e-19	1.84337e-18
12799.30000	-2.56313e-19	2.48835e-18
12800.60000	-6.03228e-19	3.35182e-18
12801.90000	-7.75071e-20	3.63007e-18
12803.20000	7.15839e-19	3.61773e-18
12804.50000	1.99873e-18	3.78204e-18
12805.80000	4.03231e-18	5.11843e-18
12807.10000	7.00435e-18	5.28820e-18
12808.40000	-1.00611e-18	4.13452e-18
12809.70000	4.15260e-19	2.00315e-18
12811.00000	1.09619e-18	1.25729e-18
12812.30000	9.94649e-20	9.09803e-19
12813.60000	2.17154e-19	8.02956e-19
12814.90000	6.16853e-19	8.00492e-19
12816.20000	9.22658e-19	8.13165e-19
12817.50000	-1.58241e-18	9.08130e-19
12818.80000	1.14680e-18	1.02513e-18
12820.10000	9.02587e-19	1.08901e-18
12821.40000	1.47014e-18	1.18735e-18
12822.70000	-1.74914e-18	1.76534e-18
12824.00000	-1.24954e-18	2.53352e-18
12825.40000	1.24419e-18	2.49196e-18
12826.70000	-6.52648e-19	1.63144e-18
12828.00000	1.06651e-18	9.42334e-19
12829.30000	2.27577e-18	9.25877e-19
12830.60000	1.55150e-19	1.16536e-18
12831.90000	-1.18050e-18	1.62493e-18
12833.20000	-1.97124e-19	2.74701e-18
12834.50000	1.13604e-18	3.29365e-18
12835.80000	-1.29604e-19	2.82166e-18
12837.10000	2.45971e-19	1.34242e-18
12838.40000	-2.27392e-19	8.29680e-19
12839.70000	4.27933e-19	7.56183e-19
12841.00000	1.41518e-18	7.59699e-19
12842.30000	3.05967e-19	8.51895e-19
12843.60000	2.99222e-18	1.49645e-18
12844.90000	2.98395e-19	2.19605e-18
12846.20000	-7.86622e-20	2.13935e-18
12847.50000	2.92118e-19	1.44437e-18
12848.80000	3.71392e-19	8.87214e-19
12850.10000	1.09669e-18	7.71302e-19
12851.40000	5.41101e-19	7.53525e-19
12852.70000	2.93977e-19	7.16446e-19
12854.00000	1.94340e-18	7.41757e-19
12855.30000	3.35653e-19	8.63587e-19
12856.60000	5.61361e-19	7.67882e-19
12857.90000	5.42384e-19	7.70816e-19
12859.20000	3.85175e-19	8.42317e-19
12860.50000	-1.53973e-19	8.05534e-19
12861.80000	-4.46305e-19	7.44523e-19
12863.10000	-2.13701e-20	7.98773e-19
12864.40000	1.57373e-18	1.14606e-18
12865.70000	1.31405e-18	1.72150e-18
12867.10000	1.37391e-18	1.78770e-18
12868.40000	1.45928e-18	1.36584e-18
12869.70000	3.62953e-19	9.57750e-19
12871.00000	5.95932e-19	9.85360e-19
12872.30000	1.21273e-18	1.08675e-18
12873.60000	-7.77756e-19	1.06334e-18
12874.90000	2.23540e-19	8.74311e-19
12876.20000	-6.21024e-19	7.44339e-19
12877.50000	-2.75555e-19	6.96187e-19
12878.80000	-5.62864e-19	7.09703e-19
12880.10000	-7.07273e-19	8.19591e-19
12881.40000	1.35906e-18	1.08889e-18
12882.70000	1.85322e-18	1.23595e-18
12884.00000	6.84641e-19	1.16964e-18
12885.30000	-6.28879e-19	1.08111e-18
12886.60000	-2.01905e-18	1.27056e-18
12887.90000	2.14618e-18	1.55649e-18
12889.20000	1.11509e-18	1.36646e-18
12890.50000	3.99869e-19	1.00047e-18
12891.80000	1.20321e-19	9.39049e-19
12893.10000	-1.79884e-19	1.16625e-18
12894.40000	1.13098e-18	1.34465e-18
12895.70000	-2.80668e-19	1.40201e-18
12897.00000	3.46416e-19	1.26579e-18
12898.30000	-4.09644e-20	1.16830e-18
12899.60000	2.00533e-19	1.07570e-18
12900.90000	1.96491e-19	1.41238e-18
12902.20000	1.74843e-19	2.56784e-18
12903.50000	-4.43759e-19	4.93428e-18
12904.80000	7.83375e-18	7.93702e-18
12906.10000	2.77844e-18	7.92688e-18
12907.50000	3.30793e-18	5.17118e-18
12908.80000	1.22366e-18	2.02424e-18
12910.10000	1.02872e-18	1.32198e-18
12911.40000	2.11837e-19	1.04505e-18
12912.70000	-3.10400e-19	8.90704e-19
12914.00000	1.06325e-18	1.18623e-18
12915.30000	8.71647e-19	1.52600e-18
12916.60000	-1.16473e-20	1.53501e-18
12917.90000	-9.43114e-19	1.62075e-18
12919.20000	8.09308e-20	3.03107e-18
12920.50000	-6.04093e-19	5.13243e-18
12921.80000	6.11240e-18	4.71375e-18
12923.10000	1.07874e-18	2.78572e-18
12924.40000	-5.43937e-20	1.13867e-18
12925.70000	1.95821e-18	7.76063e-19
12927.00000	1.66630e-18	7.37779e-19
12928.30000	9.18705e-19	7.72103e-19
12929.60000	1.31445e-18	8.30216e-19
12930.90000	9.39944e-19	9.08681e-19
12932.20000	1.11632e-18	9.07612e-19
12933.50000	1.69773e-18	9.09708e-19
12934.80000	-6.59056e-19	1.04246e-18
12936.10000	5.76016e-20	1.11539e-18
12937.40000	3.76801e-19	9.92849e-19
12938.70000	1.18728e-18	8.00604e-19
12940.00000	-3.91885e-20	9.76398e-19
12941.30000	8.42649e-19	1.93669e-18
12942.60000	4.02747e-18	2.81503e-18
12943.90000	-1.77338e-18	2.68606e-18
12945.20000	-2.15450e-18	1.73153e-18
12946.50000	4.84675e-19	8.97185e-19
12947.80000	5.59561e-19	7.86449e-19
12949.20000	-8.68385e-19	8.14088e-19
12950.50000	8.66162e-19	8.34658e-19
12951.80000	2.18288e-18	8.17469e-19
12953.10000	4.45172e-19	8.92364e-19
12954.40000	-1.03603e-18	9.29663e-19
12955.70000	-7.85445e-20	8.86392e-19
12957.00000	5.64783e-20	7.64886e-19
12958.30000	8.18037e-19	7.49838e-19
12959.60000	-9.13696e-19	7.59051e-19
12960.90000	1.07482e-18	7.82230e-19
12962.20000	1.72018e-18	8.19254e-19
12963.50000	1.27061e-18	8.89244e-19
12964.80000	8.74784e-19	9.02171e-19
12966.10000	-5.67139e-19	8.20298e-19
12967.40000	-3.21537e-19	7.08771e-19
12968.70000	7.80076e-19	8.34945e-19
12970.00000	6.39966e-19	1.30749e-18
12971.30000	-8.26088e-20	1.60264e-18
12972.60000	1.14528e-18	1.81359e-18
12973.90000	1.23572e-18	1.34184e-18
12975.20000	2.56751e-19	1.01804e-18
12976.50000	6.08128e-19	9.37757e-19
12977.80000	7.70386e-20	7.97299e-19
12979.10000	2.92746e-19	7.51027e-19
12980.40000	8.86923e-19	7.31931e-19
12981.70000	1.52450e-18	7.71445e-19
12983.00000	9.41139e-19	1.34333e-18
12984.30000	3.77506e-19	3.09005e-18
12985.60000	2.39580e-18	3.61173e-18
12986.90000	-4.96063e-19	2.98589e-18
12988.20000	-7.34999e-19	1.38444e-18
12989.60000	6.56355e-19	7.73271e-19
12990.90000	5.93437e-19	7.01175e-19
12992.20000	-9.85283e-19	6.86861e-19
12993.50000	-3.15929e-19	7.24123e-19
12994.80000	5.75871e-19	7.40416e-19
12996.10000	1.11448e-18	7.57206e-19
12997.40000	-2.10143e-19	7.05820e-19
12998.70000	1.07346e-18	7.24804e-19
13000.00000	1.97934e-19	8.48425e-19
13001.30000	-3.00178e-19	1.04693e-18
13002.60000	1.86886e-20	1.14879e-18
13003.90000	2.07858e-18	1.08159e-18
13005.20000	1.24308e-18	9.77142e-19
13006.50000	8.24820e-19	1.02234e-18
13007.80000	2.12899e-18	1.00684e-18
13009.10000	3.80622e-19	9.80507e-19
13010.40000	-1.07443e-18	9.40561e-19
13011.70000	9.20448e-19	1.06126e-18
13013.00000	6.45178e-19	1.15686e-18
13014.30000	-8.09346e-19	1.19415e-18
13015.60000	7.55364e-19	1.10362e-18
13016.90000	1.59132e-18	1.02170e-18
13018.20000	6.13173e-19	1.27269e-18
13019.50000	3.50792e-18	3.35798e-18
13020.80000	8.87467e-19	6.47739e-18
13022.10000	-5.33318e-18	6.87876e-18
13023.40000	-2.31116e-18	4.35456e-18
13024.70000	-3.80841e-19	1.53024e-18
13026.00000	-1.50627e-19	8.77108e-19
13027.30000	8.92548e-19	7.42619e-19
13028.60000	3.34793e-19	6.60281e-19
13029.90000	3.24777e-19	6.62138e-19
13031.30000	8.56306e-19	6.69634e-19
13032.60000	3.95233e-19	6.73231e-19
13033.90000	4.53591e-20	6.48171e-19
13035.20000	3.85865e-19	6.35024e-19
13036.50000	1.51638e-18	6.18682e-19
13037.80000	3.67267e-19	6.39155e-19
13039.10000	6.59434e-19	6.79861e-19
13040.40000	-2.00791e-19	6.26743e-19
13041.70000	3.88223e-20	6.96751e-19
13043.00000	2.80409e-19	7.54684e-19
13044.30000	4.33165e-20	8.62644e-19
13045.60000	-2.96658e-19	7.45136e-19
13046.90000	9.05670e-19	7.28144e-19
13048.20000	8.67301e-20	8.41302e-19
13049.50000	1.35701e-18	1.23293e-18
13050.80000	9.87506e-19	2.65478e-18
13052.10000	-1.24463e-18	4.33808e-18
13053.40000	1.05565e-18	4.32757e-18
13054.70000	2.05795e-18	2.44622e-18
13056.00000	6.27599e-19	1.13017e-18
13057.30000	6.11168e-19	8.27339e-19
13058.60000	-9.14577e-19	7.80412e-19
13059.90000	1.21133e-18	7.75511e-19
13061.20000	3.61375e-19	8.62890e-19
13062.50000	-1.00593e-21	7.94246e-19
13063.80000	2.64367e-19	6.62921e-19
13065.10000	1.02135e-18	6.46977e-19
13066.40000	4.39616e-19	6.35626e-19
13067.70000	5.12213e-19	6.19217e-19
13069.00000	1.04353e-19	6.55139e-19
13070.30000	1.05271e-18	5.85346e-19
13071.70000	6.14626e-19	6.03043e-19
13073.00000	2.84534e-19	6.19256e-19
13074.30000	4.68733e-19	6.51311e-19
13075.60000	3.88974e-19	6.62168e-19
13076.90000	9.78650e-20	7.08692e-19
13078.20000	7.31123e-19	7.17670e-19
13079.50000	1.10626e-18	7.45631e-19
13080.80000	1.00425e-18	7.88291e-19
13082.10000	-1.86089e-18	1.41353e-18
13083.40000	6.19341e-19	4.17803e-18
13084.70000	4.76870e-18	6.72933e-18
13086.00000	-1.31229e-18	6.46822e-18
13087.30000	-6.66659e-19	3.64883e-18
13088.60000	-4.66409e-20	1.27461e-18
13089.90000	-2.59944e-19	8.00244e-19
13091.20000	1.11893e-18	6.99706e-19
13092.50000	9.93264e-20	6.67675e-19
13093.80000	1.69661e-18	7.41302e-19
13095.10000	7.45928e-19	8.88338e-19
13096.40000	4.40986e-20	8.12297e-19
13097.70000	-6.25060e-20	6.33429e-19
13099.00000	4.90677e-19	7.46758e-19
13100.30000	-2.46013e-19	7.10627e-19
13101.60000	8.81655e-19	6.96019e-19
13102.90000	-2.65076e-19	7.11565e-19
13104.20000	1.02774e-18	7.19683e-19
13105.50000	-7.07917e-19	8.04285e-19
13106.80000	-6.73953e-19	8.48616e-19
13108.10000	1.98235e-19	7.83482e-19
13109.40000	1.51417e-19	6.74044e-19
13110.70000	5.75675e-19	6.36778e-19
13112.00000	1.24237e-18	5.60756e-19
13113.40000	6.89714e-19	5.69016e-19
13114.70000	8.02958e-19	6.12755e-19
13116.00000	-9.33375e-20	6.31046e-19
13117.30000	2.63629e-18	5.81333e-19
13118.60000	-1.51062e-19	5.89200e-19
13119.90000	6.72539e-19	5.94383e-19
13121.20000	-2.60263e-19	7.19731e-19
13122.50000	1.87891e-19	8.71497e-19
13123.80000	-1.46243e-18	1.05167e-18
13125.10000	1.55943e-18	1.67849e-18
13126.40000	3.07779e-18	3.08982e-18
13127.70000	2.25308e-18	3.72820e-18
13129.00000	2.90927e-18	3.24115e-18
13130.30000	2.33444e-18	1.78013e-18
13131.60000	-6.45736e-19	1.12749e-18
13132.90000	6.45469e-19	9.00672e-19
13134.20000	-3.77438e-19	7.76568e-19
13135.50000	8.39763e-19	6.74229e-19
13136.80000	5.09478e-19	6.72441e-19
13138.10000	7.97529e-19	8.05196e-19
13139.40000	-2.11921e-19	1.05814e-18
13140.70000	6.03340e-20	1.12833e-18
13142.00000	-4.71335e-19	1.14894e-18
13143.30000	1.12724e-18	1.02000e-18
13144.60000	8.21746e-20	8.81385e-19
13145.90000	-1.42367e-19	6.79194e-19
13147.20000	1.28428e-19	6.47010e-19
13148.50000	8.36388e-19	6.76850e-19
13149.80000	2.88572e-19	6.70049e-19
13151.10000	4.76407e-19	6.78668e-19
13152.40000	-1.40560e-19	7.98784e-19
13153.80000	1.90243e-18	1.39730e-18
13155.10000	1.24813e-18	3.82687e-18
13156.40000	4.51844e-18	5.64804e-18
13157.70000	-2.81727e-18	5.27025e-18
13159.00000	-8.97198e-18	2.81197e-18
13160.30000	-5.28766e-19	1.06567e-18
13161.60000	9.72582e-19	7.39432e-19
13162.90000	6.24116e-19	6.82075e-19
13164.20000	9.14074e-19	6.74225e-19
13165.50000	-1.80086e-19	6.84113e-19
13166.80000	3.12035e-19	6.54175e-19
13168.10000	-2.18350e-19	6.32480e-19
13169.40000	4.83553e-19	6.08308e-19
13170.70000	5.27449e-19	5.93517e-19
13172.00000	1.32018e-18	5.88651e-19
13173.30000	3.99864e-19	6.02043e-19
13174.60000	9.09866e-19	6.06934e-19
13175.90000	5.22226e-19	5.96676e-19
13177.20000	7.81026e-19	5.84801e-19
13178.50000	5.29698e-19	6.18711e-19
13179.80000	8.22030e-19	6.19582e-19
13181.10000	-1.91164e-19	6.11643e-19
13182.40000	1.39048e-18	5.80323e-19
13183.70000	2.76723e-19	5.86790e-19
13185.00000	1.43700e-18	5.85811e-19
13186.30000	3.15305e-19	5.77417e-19
13187.60000	6.89079e-19	5.51422e-19
13188.90000	5.25658e-19	5.52587e-19
13190.20000	1.61860e-18	5.44130e-19
13191.50000	3.09247e-19	5.48340e-19
13192.80000	1.68065e-18	5.39840e-19
13194.10000	7.24869e-19	5.36402e-19
13195.50000	7.33878e-19	5.71574e-19
13196.80000	6.16694e-20	5.96949e-19
13198.10000	6.46188e-20	5.97039e-19
13199.40000	-3.96067e-19	5.75362e-19
13200.70000	6.09265e-19	5.80338e-19
13202.00000	9.44722e-19	5.82445e-19
13203.30000	1.91622e-18	5.88954e-19
13204.60000	4.55165e-19	6.08609e-19
13205.90000	9.95724e-19	6.31935e-19
13207.20000	-3.10908e-19	8.23998e-19
13208.50000	-1.76879e-18	1.62564e-18
13209.80000	1.18362e-18	2.93441e-18
13211.10000	5.75693e-19	3.13570e-18
13212.40000	-1.04768e-18	2.24406e-18
13213.70000	5.24053e-19	9.90645e-19
13215.00000	-6.91279e-19	7.44663e-19
13216.30000	9.69267e-20	8.04370e-19
13217.60000	4.02932e-19	8.19942e-19
13218.90000	1.08300e-18	8.02865e-19
13220.20000	-4.05321e-19	8.34575e-19
13221.50000	2.47968e-18	9.89893e-19
13222.80000	3.92018e-19	9.03217e-19
13224.10000	7.90185e-19	7.88481e-19
13225.40000	9.90473e-20	6.88146e-19
13226.70000	9.52849e-19	7.34627e-19
13228.00000	3.15040e-19	7.52710e-19
13229.30000	1.20985e-18	7.37636e-19
13230.60000	3.11793e-19	6.44002e-19
13231.90000	1.21316e-18	6.79737e-19
13233.20000	1.32182e-18	1.12098e-18
13234.50000	1.08940e-18	2.82484e-18
13235.80000	-5.04979e-18	4.49733e-18
13237.20000	-5.80050e-19	4.50857e-18
13238.50000	2.56020e-18	2.67954e-18
13239.80000	1.83849e-18	1.06750e-18
13241.10000	-5.17656e-19	7.01828e-19
13242.40000	-8.36832e-19	6.34449e-19
13243.70000	-1.76566e-19	6.23874e-19
13245.00000	-6.04915e-19	7.43682e-19
13246.30000	-1.15448e-18	9.43709e-19
13247.60000	1.50627e-18	1.04764e-18
13248.90000	1.55260e-18	8.54674e-19
13250.20000	3.95652e-19	6.44741e-19
13251.50000	3.30014e-20	5.92850e-19
13252.80000	4.74047e-19	6.17903e-19
13254.10000	-2.25237e-19	5.54254e-19
13255.40000	3.74042e-21	5.55329e-19
13256.70000	-7.02295e-19	5.66218e-19
13258.00000	1.19980e-18	5.76894e-19
13259.30000	9.96323e-19	5.82375e-19
13260.60000	2.13772e-18	5.58802e-19
13261.90000	8.94455e-19	5.36626e-19
13263.20000	2.65101e-19	5.59129e-19
13264.50000	-1.51544e-19	6.12894e-19
13265.80000	3.11872e-19	7.83986e-19
13267.10000	1.47949e-18	9.49180e-19
13268.40000	8.12145e-19	1.02531e-18
13269.70000	-6.66991e-19	9.04659e-19
13271.00000	7.34802e-19	7.51207e-19
13272.30000	6.92088e-20	6.11866e-19
13273.60000	-1.78187e-19	6.18312e-19
13274.90000	-5.01107e-20	7.91591e-19
13276.20000	9.51350e-19	9.79642e-19
13277.60000	8.72995e-19	1.00273e-18
13278.90000	1.65074e-18	9.91855e-19
13280.20000	6.70863e-19	9.32833e-19
13281.50000	-3.55841e-19	8.31821e-19
13282.80000	6.58691e-19	6.36146e-19
13284.10000	9.31130e-19	5.69686e-19
13285.40000	-9.79719e-19	5.74767e-19
13286.70000	9.23571e-19	5.93796e-19
13288.00000	1.23321e-18	5.64299e-19
13289.30000	1.13729e-18	5.70835e-19
13290.60000	3.16198e-20	5.75407e-19
13291.90000	1.19858e-18	6.06861e-19
13293.20000	1.14672e-18	6.01841e-19
13294.50000	1.16767e-18	6.12113e-19
13295.80000	9.81194e-19	7.00260e-19
13297.10000	6.91114e-19	8.59858e-19
13298.40000	1.41177e-18	9.93256e-19
13299.70000	6.39194e-19	1.38213e-18
13301.00000	-7.44930e-19	2.03363e-18
13302.30000	3.77925e-19	2.10442e-18
13303.60000	3.91861e-19	1.48159e-18
13304.90000	9.35557e-19	7.41700e-19
13306.20000	-2.15053e-19	6.06017e-19
13307.50000	4.81693e-19	5.70367e-19
13308.80000	-1.40223e-18	5.94717e-19
13310.10000	-7.75317e-19	5.70426e-19
13311.40000	3.27337e-19	5.56620e-19
13312.70000	8.80682e-19	5.63376e-19
13314.00000	1.83303e-19	5.53249e-19
13315.30000	1.03590e-18	5.89251e-19
13316.60000	-8.20687e-19	6.05854e-19
13317.90000	6.70013e-19	5.95845e-19
13319.30000	-7.68754e-19	6.04878e-19
13320.60000	-7.40838e-19	7.19545e-19
13321.90000	7.65678e-19	1.34291e-18
13323.20000	1.44549e-18	2.68818e-18
13324.50000	-2.85157e-18	3.35791e-18
13325.80000	6.78340e-19	2.93547e-18
13327.10000	2.68323e-18	1.61625e-18
13328.40000	6.08769e-19	7.79996e-19
13329.70000	-7.20292e-19	6.25154e-19
13331.00000	1.57628e-18	5.90723e-19
13332.30000	1.79728e-19	5.76525e-19
13333.60000	4.91496e-19	5.66990e-19
13334.90000	-1.27785e-18	5.84930e-19
13336.20000	-2.20702e-19	6.32949e-19
13337.50000	2.26822e-19	6.48916e-19
13338.80000	7.01622e-21	6.76020e-19
13340.10000	-2.11728e-20	7.26592e-19
13341.40000	9.30774e-19	7.11161e-19
13342.70000	4.09126e-20	6.68009e-19
13344.00000	1.57180e-18	6.24073e-19
13345.30000	9.42638e-19	6.21746e-19
13346.60000	4.78064e-19	6.64665e-19
13347.90000	-4.42853e-19	6.15987e-19
13349.20000	1.33065e-18	5.80104e-19
13350.50000	9.94600e-19	6.24907e-19
13351.80000	1.89134e-18	7.31308e-19
13353.10000	8.34546e-19	7.61876e-19
13354.40000	1.68881e-18	6.93340e-19
13355.70000	2.67314e-19	5.82589e-19
13357.00000	9.07182e-19	5.69753e-19
13358.30000	-3.21080e-19	5.85364e-19
13359.70000	3.21380e-19	6.31522e-19
13361.00000	4.81372e-19	7.46835e-19
13362.30000	1.08288e-18	8.13885e-19
13363.60000	9.38121e-19	7.62630e-19
13364.90000	5.22322e-19	6.76304e-19
13366.20000	5.70737e-19	6.41025e-19
13367.50000	5.20535e-19	6.25207e-19
13368.80000	1.15955e-18	5.92230e-19
13370.10000	2.48161e-20	5.59777e-19
13371.40000	4.83780e-19	5.67444e-19
13372.70000	8.94780e-19	5.68081e-19
13374.00000	5.90378e-19	5.49095e-19
13375.30000	1.73010e-18	5.29149e-19
13376.60000	4.61228e-19	5.26074e-19
13377.90000	9.80361e-19	5.58373e-19
13379.20000	6.05860e-19	5.57696e-19
13380.50000	7.99151e-19	5.88250e-19
13381.80000	1.17381e-18	6.19015e-19
13383.10000	7.88158e-19	6.25403e-19
13384.40000	-3.06599e-19	6.14277e-19
13385.70000	1.08377e-18	6.04041e-19
13387.00000	1.12299e-18	6.19876e-19
13388.30000	1.28736e-18	5.94686e-19
13389.60000	4.06283e-19	5.74652e-19
13390.90000	1.28226e-18	5.98538e-19
13392.20000	2.45472e-19	6.95107e-19
13393.50000	5.87653e-19	7.73315e-19
13394.80000	9.98290e-19	7.82247e-19
13396.10000	1.12471e-18	7.56033e-19
13397.40000	2.00896e-18	8.74893e-19
13398.70000	1.66177e-18	1.33879e-18
13400.00000	1.71198e-18	2.08042e-18
13401.40000	2.62059e-19	2.15979e-18
13402.70000	-1.15591e-19	1.47577e-18
13404.00000	-2.36608e-19	8.46996e-19
13405.30000	6.90744e-19	7.17696e-19
13406.60000	7.14967e-19	6.89679e-19
13407.90000	-1.77484e-19	6.32957e-19
13409.20000	2.28982e-19	6.27931e-19
13410.50000	2.50503e-19	6.62579e-19
13411.80000	-1.16523e-18	7.57630e-19
13413.10000	-1.52651e-18	9.42990e-19
13414.40000	9.22583e-19	1.02832e-18
13415.70000	1.82414e-18	1.05989e-18
13417.00000	2.35333e-19	9.90051e-19
13418.30000	1.23627e-18	1.15869e-18
13419.60000	-1.36841e-18	1.95759e-18
13420.90000	1.16994e-18	2.72927e-18
13422.20000	-1.28964e-18	2.80526e-18
13423.50000	-1.83945e-18	2.04492e-18
13424.80000	1.90790e-19	1.21367e-18
13426.10000	5.21795e-19	9.87655e-19
13427.40000	5.49745e-19	8.84344e-19
13428.70000	1.61871e-18	7.54249e-19
13430.00000	-8.86115e-19	5.96056e-19
13431.30000	2.13732e-19	6.27227e-19
13432.60000	1.62709e-18	6.09306e-19
13433.90000	9.09817e-19	6.22917e-19
13435.20000	9.25072e-19	6.52479e-19
13436.50000	1.07966e-18	6.87345e-19
13437.80000	8.81972e-19	6.76810e-19
13439.10000	1.56421e-19	6.24572e-19
13440.40000	2.21911e-19	5.80065e-19
13441.80000	1.61949e-18	6.11821e-19
13443.10000	1.77672e-18	5.99593e-19
13444.40000	1.88211e-18	6.12430e-19
13445.70000	9.43393e-19	6.56631e-19
13447.00000	6.61187e-19	8.39842e-19
13448.30000	3.42961e-19	9.40421e-19
13449.60000	5.89864e-19	8.85445e-19
13450.90000	-6.25179e-19	7.40427e-19
13452.20000	-2.25999e-19	5.34236e-19
13453.50000	-1.65327e-18	6.37136e-19
13454.80000	1.23986e-18	6.65685e-19
13456.10000	-2.18430e-19	6.62207e-19
13457.40000	1.50726e-18	6.16306e-19
13458.70000	1.49903e-18	6.35989e-19
13460.00000	3.34138e-20	6.77431e-19
13461.30000	-6.86042e-19	7.07863e-19
13462.60000	7.07990e-19	7.09174e-19
13463.90000	-4.60343e-19	6.96267e-19
13465.20000	1.04824e-18	6.84940e-19
13466.50000	-6.33936e-19	6.86352e-19
13467.80000	9.32351e-19	7.02558e-19
13469.10000	1.64464e-18	7.00145e-19
13470.40000	8.27781e-19	7.28057e-19
13471.70000	1.44340e-18	7.24620e-19
13473.00000	1.93553e-18	7.37059e-19
13474.30000	1.87516e-18	7.18590e-19
13475.60000	1.44485e-18	6.78389e-19
13476.90000	5.49819e-19	6.12621e-19
13478.20000	2.18166e-19	5.96522e-19
13479.50000	-9.29909e-19	6.08879e-19
13480.80000	4.91694e-19	6.54668e-19
13482.10000	-1.25562e-18	7.18621e-19
13483.50000	1.41809e-18	7.69221e-19
13484.80000	-7.81290e-19	8.11193e-19
13486.10000	-6.29468e-19	8.82448e-19
13487.40000	5.17073e-19	9.32404e-19
13488.70000	-4.10895e-19	9.32389e-19
13490.00000	1.16452e-18	9.29487e-19
13491.30000	2.63802e-18	8.87408e-19
13492.60000	1.34282e-18	8.84017e-19
13493.90000	1.30088e-18	9.10563e-19
13495.20000	-8.46166e-19	9.36047e-19
13496.50000	5.79321e-19	9.27257e-19
13497.80000	-1.19215e-18	9.42926e-19
13499.10000	1.44494e-18	9.21129e-19
13500.40000	-9.36252e-20	8.98329e-19
13501.70000	-1.64580e-19	8.61569e-19
13503.00000	-2.90830e-18	8.44413e-19
13504.30000	-7.35300e-19	8.66386e-19
13505.60000	7.13963e-20	9.75855e-19
13506.90000	1.88023e-18	1.50643e-18
13508.20000	-3.00226e-18	2.18057e-18
13509.50000	2.43854e-19	2.36235e-18
13510.80000	9.56676e-19	1.84873e-18
13512.10000	1.47134e-18	1.34085e-18
13513.40000	1.12268e-18	1.27378e-18
13514.70000	3.85264e-18	1.28987e-18
13516.00000	1.94714e-18	1.14423e-18
13517.30000	4.32506e-18	1.23949e-18
13518.60000	-1.82975e-18	1.01669e-18
13519.90000	1.09878e-18	1.05002e-18
