#a1689_z2_2p.K.1587.fc.1d.esc.txt
#Wavelength in (A) | Flux (erg/sec/cm2/A)| Flux Error
19210.00000	-2.49976e-18	2.21862e-17
19212.20000	1.03448e-17	7.29285e-18
19214.30000	3.22279e-19	8.47075e-18
19216.50000	-3.17304e-19	1.61286e-18
19218.70000	1.89094e-18	9.52248e-19
19220.90000	-1.03875e-18	6.68278e-19
19223.00000	2.30616e-19	5.05255e-19
19225.20000	2.97527e-19	4.30989e-19
19227.40000	-2.76628e-19	3.96441e-19
19229.50000	-1.92230e-20	3.90010e-19
19231.70000	-9.32177e-20	3.66285e-19
19233.90000	1.12236e-19	3.92205e-19
19236.10000	6.73592e-20	4.89774e-19
19238.20000	3.35769e-19	7.68780e-19
19240.40000	2.80893e-19	1.14171e-18
19242.60000	2.01402e-18	1.55456e-18
19244.80000	-6.63801e-18	2.70706e-18
19246.90000	-6.73486e-18	5.31369e-18
19249.10000	2.58717e-18	4.99268e-18
19251.30000	-1.93174e-18	3.25117e-18
19253.40000	-1.49305e-20	1.46235e-18
19255.60000	-2.36298e-19	6.00457e-19
19257.80000	-1.32593e-19	3.87301e-19
19260.00000	5.96371e-19	3.30780e-19
19262.10000	4.28845e-19	3.26343e-19
19264.30000	3.63939e-19	3.45535e-19
19266.50000	-4.12083e-19	4.33777e-19
19268.60000	2.25489e-19	6.10927e-19
19270.80000	-2.46833e-19	8.23029e-19
19273.00000	-9.25790e-19	1.02656e-18
19275.20000	7.20234e-19	1.18197e-18
19277.30000	5.01340e-19	1.00536e-18
19279.50000	-1.54253e-18	7.63970e-19
19281.70000	7.45756e-19	7.02369e-19
19283.80000	2.22266e-18	8.31861e-19
19286.00000	1.09825e-19	9.28360e-19
19288.20000	-1.27596e-18	8.85392e-19
19290.40000	3.28227e-19	7.59347e-19
19292.50000	-5.52043e-19	6.79588e-19
19294.70000	-8.23916e-19	6.00284e-19
19296.90000	-1.07496e-18	5.65342e-19
19299.10000	-9.97236e-19	5.60967e-19
19301.20000	-1.55633e-19	5.30558e-19
19303.40000	7.49000e-19	5.54927e-19
19305.60000	-8.84706e-20	6.42660e-19
19307.70000	-8.53219e-19	8.39792e-19
19309.90000	-2.44368e-20	1.05884e-18
19312.10000	5.99994e-19	1.08065e-18
19314.30000	7.05937e-19	9.92020e-19
19316.40000	-4.05571e-19	8.80305e-19
19318.60000	-1.02939e-18	7.28250e-19
19320.80000	-3.59416e-19	5.28778e-19
19322.90000	2.12089e-19	3.88122e-19
19325.10000	-3.40908e-19	3.31827e-19
19327.30000	-2.42927e-19	3.23098e-19
19329.50000	1.61820e-19	3.13308e-19
19331.60000	-2.46270e-19	3.08439e-19
19333.80000	7.43471e-20	3.41663e-19
19336.00000	-2.07511e-19	3.89934e-19
19338.10000	-1.49646e-19	4.66745e-19
19340.30000	-3.43494e-19	5.13674e-19
19342.50000	2.47860e-19	5.64354e-19
19344.70000	-4.64912e-19	7.11497e-19
19346.80000	-5.70827e-19	1.07193e-18
19349.00000	-1.80820e-18	1.29661e-18
19351.20000	6.02809e-19	1.10686e-18
19353.30000	6.08369e-19	6.13941e-19
19355.50000	1.22574e-19	3.52506e-19
19357.70000	-2.94416e-20	3.21392e-19
19359.90000	-3.08462e-19	3.42575e-19
19362.00000	-1.80938e-19	3.93631e-19
19364.20000	-3.04142e-19	4.85729e-19
19366.40000	-3.21074e-19	5.01539e-19
19368.60000	4.50058e-20	4.23016e-19
19370.70000	3.49463e-19	3.59863e-19
19372.90000	2.07992e-19	3.14813e-19
19375.10000	-2.09774e-21	2.94409e-19
19377.20000	-7.96422e-20	3.24886e-19
19379.40000	-2.79951e-20	3.83676e-19
19381.60000	-3.22372e-19	4.03731e-19
19383.80000	-4.12968e-19	3.80965e-19
19385.90000	-1.53524e-19	3.78772e-19
19388.10000	-5.74843e-19	4.28472e-19
19390.30000	-6.14253e-20	4.98809e-19
19392.40000	1.12594e-18	5.95869e-19
19394.60000	2.49031e-18	7.68066e-19
19396.80000	1.14097e-18	9.92117e-19
19399.00000	-1.35371e-18	9.08120e-19
19401.10000	-1.24263e-18	5.30676e-19
19403.30000	-5.99722e-19	4.38829e-19
19405.50000	-5.99636e-19	4.01154e-19
19407.60000	-6.45475e-19	4.12689e-19
19409.80000	-5.07351e-19	4.33561e-19
19412.00000	-9.49317e-20	4.24365e-19
19414.20000	-2.83786e-19	4.26413e-19
19416.30000	1.48663e-19	4.10508e-19
19418.50000	-1.21193e-19	3.98494e-19
19420.70000	-6.51442e-19	3.54839e-19
19422.90000	7.88270e-20	2.97537e-19
19425.00000	-1.17365e-19	2.83626e-19
19427.20000	-1.76324e-19	2.91416e-19
19429.40000	8.69180e-20	3.12901e-19
19431.50000	-2.45477e-19	3.22082e-19
19433.70000	-2.53815e-19	3.25567e-19
19435.90000	-3.73493e-19	3.59678e-19
19438.10000	-2.32981e-19	3.63044e-19
19440.20000	2.15698e-19	3.27208e-19
19442.40000	-2.62069e-19	3.27243e-19
19444.60000	-6.48626e-19	3.42474e-19
19446.70000	-8.78895e-19	3.75440e-19
19448.90000	-5.77898e-19	3.94040e-19
19451.10000	2.74364e-19	3.66855e-19
19453.30000	-6.33459e-19	2.96116e-19
19455.40000	-4.34520e-19	2.84700e-19
19457.60000	-3.12797e-19	3.13042e-19
19459.80000	-3.18815e-19	3.78145e-19
19461.90000	6.20363e-20	3.88314e-19
19464.10000	-9.22377e-21	3.40574e-19
19466.30000	-3.21534e-19	3.06141e-19
19468.50000	-6.37744e-20	3.19493e-19
19470.60000	3.68181e-19	3.52918e-19
19472.80000	-2.53779e-19	3.78762e-19
19475.00000	-3.33338e-19	3.42343e-19
19477.20000	-3.77379e-19	3.23445e-19
19479.30000	-1.31017e-19	3.35792e-19
19481.50000	6.15246e-20	3.15677e-19
19483.70000	5.26371e-19	3.10472e-19
19485.80000	-6.24484e-20	2.89178e-19
19488.00000	1.18625e-19	2.72450e-19
19490.20000	-3.95863e-20	2.63374e-19
19492.40000	-3.30171e-21	2.68113e-19
19494.50000	-1.76492e-19	2.69210e-19
19496.70000	3.22674e-20	2.87467e-19
19498.90000	4.07918e-19	2.77095e-19
19501.00000	-9.45272e-20	2.81771e-19
19503.20000	1.40129e-19	2.86049e-19
19505.40000	-2.78021e-19	2.73531e-19
19507.60000	-1.76590e-19	3.30367e-19
19509.70000	1.46759e-19	3.82663e-19
19511.90000	-2.68251e-19	4.20784e-19
19514.10000	-3.56685e-19	4.95184e-19
19516.20000	-1.25680e-18	6.28534e-19
19518.40000	-5.18809e-19	6.96852e-19
19520.60000	7.12750e-19	6.59937e-19
19522.80000	8.23882e-19	5.31112e-19
19524.90000	2.58986e-19	4.77933e-19
19527.10000	1.66606e-19	5.06663e-19
19529.30000	5.45196e-19	5.45393e-19
19531.40000	-8.13549e-19	5.34110e-19
19533.60000	-1.77391e-19	4.87190e-19
19535.80000	2.04282e-19	5.35384e-19
19538.00000	2.12047e-19	5.57878e-19
19540.10000	-5.32573e-20	5.51843e-19
19542.30000	-7.61938e-19	4.89148e-19
19544.50000	-1.15888e-19	4.29957e-19
19546.70000	-4.07104e-19	3.90672e-19
19548.80000	3.22422e-19	3.83384e-19
19551.00000	-1.79682e-19	4.94019e-19
19553.20000	-1.05636e-18	6.51074e-19
19555.30000	-4.89893e-19	7.57226e-19
19557.50000	-2.16364e-18	1.06957e-18
19559.70000	3.79971e-19	1.32253e-18
19561.90000	9.77504e-19	1.27479e-18
19564.00000	3.78075e-18	9.15898e-19
19566.20000	-8.05695e-19	5.93473e-19
19568.40000	-1.67900e-19	4.93059e-19
19570.50000	-1.32041e-18	5.15815e-19
19572.70000	-6.05984e-19	5.38606e-19
19574.90000	4.16223e-19	5.44385e-19
19577.10000	6.18104e-19	5.28665e-19
19579.20000	4.73486e-19	5.08025e-19
19581.40000	4.20636e-20	4.75565e-19
19583.60000	3.53334e-19	4.48748e-19
19585.70000	-2.56669e-19	4.39796e-19
19587.90000	-4.61784e-19	4.73425e-19
19590.10000	-1.29126e-19	6.99967e-19
19592.30000	2.95757e-19	9.45220e-19
19594.40000	-3.35231e-20	8.84822e-19
19596.60000	-7.01161e-19	5.77240e-19
19598.80000	-4.83790e-19	3.34217e-19
19601.00000	-4.69156e-19	2.46704e-19
19603.10000	-2.44054e-19	2.18081e-19
19605.30000	3.18553e-19	2.21371e-19
19607.50000	9.09377e-20	2.51546e-19
19609.60000	1.86045e-19	2.82549e-19
19611.80000	3.72011e-19	2.90004e-19
19614.00000	-2.63160e-19	3.32490e-19
19616.20000	-2.39590e-19	4.71004e-19
19618.30000	1.64260e-19	5.52513e-19
19620.50000	6.20883e-19	5.19265e-19
19622.70000	1.91197e-19	3.81076e-19
19624.80000	2.39186e-19	3.47471e-19
19627.00000	-6.16273e-19	3.77221e-19
19629.20000	2.44798e-19	4.03193e-19
19631.40000	-5.48947e-20	4.32602e-19
19633.50000	-1.42842e-19	4.39051e-19
19635.70000	7.92169e-20	4.61462e-19
19637.90000	1.73760e-19	6.25093e-19
19640.00000	6.27047e-19	1.12057e-18
19642.20000	-9.63349e-19	1.33522e-18
19644.40000	-1.52953e-18	1.07174e-18
19646.60000	-8.75649e-19	5.89207e-19
19648.70000	-3.14740e-19	4.03097e-19
19650.90000	-9.53654e-19	3.50720e-19
19653.10000	-7.61106e-19	3.07038e-19
19655.20000	1.58170e-19	2.75812e-19
19657.40000	2.46552e-19	2.74939e-19
19659.60000	3.87308e-19	2.78365e-19
19661.80000	6.51437e-20	2.57625e-19
19663.90000	-3.23221e-19	2.48869e-19
19666.10000	-4.10880e-19	2.68127e-19
19668.30000	-2.28153e-19	2.66025e-19
19670.50000	-1.88569e-19	2.68193e-19
19672.60000	-3.77327e-19	2.94967e-19
19674.80000	-2.45099e-19	4.34535e-19
19677.00000	-1.37625e-19	6.17853e-19
19679.10000	-4.65598e-19	6.35317e-19
19681.30000	-6.30818e-20	4.47373e-19
19683.50000	2.57616e-20	3.00228e-19
19685.70000	4.50093e-20	2.53234e-19
19687.80000	-3.23818e-19	2.32593e-19
19690.00000	-3.50132e-19	2.22489e-19
19692.20000	4.06174e-20	2.31315e-19
19694.30000	4.47777e-19	2.82769e-19
19696.50000	-4.18639e-21	4.31504e-19
19698.70000	-1.29557e-18	6.94819e-19
19700.90000	-1.54435e-18	9.50883e-19
19703.00000	-5.98148e-19	9.05704e-19
19705.20000	-5.72894e-20	5.92274e-19
19707.40000	1.15504e-19	3.28943e-19
19709.50000	-2.05556e-20	2.53773e-19
19711.70000	1.94303e-19	2.68903e-19
19713.90000	-3.29809e-19	2.81966e-19
19716.10000	2.97504e-21	2.55540e-19
19718.20000	-7.21031e-20	2.60820e-19
19720.40000	-2.83090e-19	2.41880e-19
19722.60000	-2.53619e-20	2.34298e-19
19724.80000	2.23990e-19	2.16114e-19
19726.90000	4.55475e-20	1.88705e-19
19729.10000	-5.61617e-19	2.01108e-19
19731.30000	-2.55165e-19	2.60417e-19
19733.40000	5.41812e-19	3.44356e-19
19735.60000	6.37101e-19	4.45958e-19
19737.80000	2.88720e-19	4.50963e-19
19740.00000	2.41206e-19	3.63811e-19
19742.10000	4.66204e-19	2.69402e-19
19744.30000	3.48413e-20	2.34509e-19
19746.50000	-1.12433e-18	2.70412e-19
19748.60000	-1.37146e-18	4.86697e-19
19750.80000	2.35730e-19	6.49728e-19
19753.00000	8.13029e-19	5.96814e-19
19755.20000	-6.02758e-20	3.99175e-19
19757.30000	-5.04346e-19	2.97120e-19
19759.50000	-3.61449e-19	2.78822e-19
19761.70000	-1.76956e-19	2.53722e-19
19763.80000	6.92866e-20	2.32813e-19
19766.00000	-1.69844e-19	2.55611e-19
19768.20000	5.49782e-19	4.84837e-19
19770.40000	-5.70269e-19	9.07468e-19
19772.50000	4.27228e-19	9.97809e-19
19774.70000	6.19701e-19	6.99783e-19
19776.90000	-5.68988e-20	3.68956e-19
19779.10000	-1.10755e-19	2.54607e-19
19781.20000	-1.79477e-19	2.19034e-19
19783.40000	-4.09270e-19	1.83284e-19
19785.60000	-4.50836e-19	1.55737e-19
19787.70000	-1.45819e-19	1.46448e-19
19789.90000	-3.01407e-19	1.45163e-19
19792.10000	1.02253e-19	1.46392e-19
19794.30000	2.93021e-19	1.60978e-19
19796.40000	1.89036e-19	1.92342e-19
19798.60000	2.06242e-19	2.18261e-19
19800.80000	4.09158e-20	2.34656e-19
19802.90000	1.74995e-19	2.48126e-19
19805.10000	1.90589e-19	2.52354e-19
19807.30000	-2.61967e-19	2.34625e-19
19809.50000	2.35393e-19	2.14967e-19
19811.60000	-4.25194e-20	1.88451e-19
19813.80000	1.29558e-19	1.68169e-19
19816.00000	-3.18456e-20	1.55829e-19
19818.10000	6.05085e-21	1.53407e-19
19820.30000	3.56011e-20	1.49127e-19
19822.50000	6.28996e-20	1.49346e-19
19824.70000	-2.77473e-19	1.53378e-19
19826.80000	4.19376e-20	1.58942e-19
19829.00000	-5.76691e-20	1.57114e-19
19831.20000	-1.67858e-19	1.59705e-19
19833.30000	-1.13735e-19	1.67824e-19
19835.50000	-3.08087e-19	2.54186e-19
19837.70000	-4.44518e-20	4.83780e-19
19839.90000	-6.16909e-19	5.44994e-19
19842.00000	-6.16397e-19	4.28893e-19
19844.20000	4.12161e-21	2.29699e-19
19846.40000	1.11901e-19	1.54534e-19
19848.60000	-1.95646e-20	1.46540e-19
19850.70000	2.26264e-20	1.53126e-19
19852.90000	3.06178e-19	1.55323e-19
19855.10000	1.11361e-19	1.51561e-19
19857.20000	-1.68717e-19	1.52242e-19
19859.40000	-1.96109e-19	1.45858e-19
19861.60000	-8.00822e-20	1.30126e-19
19863.80000	-2.97008e-19	1.35538e-19
19865.90000	-4.41700e-20	1.54041e-19
19868.10000	-3.55128e-19	1.84601e-19
19870.30000	-5.88564e-19	2.06165e-19
19872.40000	-1.60515e-19	2.01206e-19
19874.60000	-1.87323e-19	1.79850e-19
19876.80000	-1.62960e-19	1.57455e-19
19879.00000	-9.23934e-20	1.47778e-19
19881.10000	1.13248e-19	1.41250e-19
19883.30000	-1.82856e-19	1.34664e-19
19885.50000	-6.26752e-20	1.38148e-19
19887.60000	-1.43285e-19	1.72169e-19
19889.80000	2.17215e-19	2.55949e-19
19892.00000	-7.97247e-21	3.12812e-19
19894.20000	2.02399e-19	3.13436e-19
19896.30000	5.89960e-19	2.61663e-19
19898.50000	-3.76744e-19	2.46247e-19
19900.70000	-5.06216e-19	2.61814e-19
19902.90000	4.57062e-19	2.77096e-19
19905.00000	2.70857e-19	2.81637e-19
19907.20000	6.01971e-21	2.41065e-19
19909.40000	-8.16600e-21	1.87485e-19
19911.50000	-6.54091e-20	1.92731e-19
19913.70000	-1.26464e-19	1.98324e-19
19915.90000	2.41858e-20	1.85375e-19
19918.10000	3.56800e-19	1.65531e-19
19920.20000	3.40452e-19	1.99980e-19
19922.40000	-1.43538e-19	2.71949e-19
19924.60000	4.79034e-19	3.15792e-19
19926.70000	2.58908e-19	2.92221e-19
19928.90000	-2.31478e-19	2.33399e-19
19931.10000	1.55970e-19	1.57318e-19
19933.30000	7.52442e-20	1.34621e-19
19935.40000	-1.19236e-19	1.42927e-19
19937.60000	-3.17786e-19	1.45703e-19
19939.80000	-4.60168e-20	1.59149e-19
19941.90000	1.37132e-19	1.61093e-19
19944.10000	1.84681e-19	1.58996e-19
19946.30000	-1.39907e-19	1.62113e-19
19948.50000	1.57134e-20	1.71252e-19
19950.60000	-3.65743e-19	1.84508e-19
19952.80000	-2.04826e-19	1.94242e-19
19955.00000	4.90800e-19	2.20725e-19
19957.20000	2.11086e-19	2.15733e-19
19959.30000	1.81663e-19	2.15517e-19
19961.50000	-4.75353e-19	1.94881e-19
19963.70000	3.13357e-21	1.81765e-19
19965.80000	-1.12586e-19	1.91762e-19
19968.00000	-7.02420e-20	2.10374e-19
19970.20000	-2.26540e-19	2.15056e-19
19972.40000	-3.16306e-19	2.05867e-19
19974.50000	1.44281e-19	2.03731e-19
19976.70000	-6.58200e-19	2.16228e-19
19978.90000	-1.71085e-19	2.38626e-19
19981.00000	2.06675e-19	2.65240e-19
19983.20000	-3.46351e-19	2.82736e-19
19985.40000	-6.66050e-19	3.05244e-19
19987.60000	7.18697e-20	3.19168e-19
19989.70000	3.02908e-19	3.18855e-19
19991.90000	5.57569e-20	3.43728e-19
19994.10000	-6.55193e-20	3.53519e-19
19996.20000	-1.02362e-19	3.90089e-19
19998.40000	6.34886e-19	4.02278e-19
20000.60000	2.25591e-19	5.36071e-19
20002.80000	-1.88423e-18	9.36745e-19
20004.90000	-3.28500e-18	1.86784e-18
20007.10000	-2.86879e-18	3.04361e-18
20009.30000	-1.24318e-18	3.17562e-18
20011.40000	-1.99938e-18	1.90547e-18
20013.60000	-7.84643e-19	9.14279e-19
20015.80000	-1.38397e-18	6.71726e-19
20018.00000	5.16659e-19	6.64554e-19
20020.10000	-1.16687e-18	6.42470e-19
20022.30000	-3.03526e-19	7.26088e-19
20024.50000	-9.64424e-19	7.99010e-19
20026.70000	-3.54620e-21	8.81673e-19
20028.80000	5.75264e-19	1.24450e-18
20031.00000	2.72216e-18	2.11598e-18
20033.20000	-1.00394e-18	2.39825e-18
20035.30000	-1.29294e-18	1.95474e-18
20037.50000	1.30181e-18	1.07082e-18
20039.70000	1.96423e-20	7.44876e-19
20041.90000	-1.25922e-18	6.89406e-19
20044.00000	-1.09851e-18	6.69762e-19
20046.20000	1.13198e-18	6.63714e-19
20048.40000	7.14124e-19	6.99602e-19
20050.50000	4.22916e-19	6.77627e-19
20052.70000	7.25559e-20	7.04438e-19
20054.90000	-1.96500e-19	7.66371e-19
20057.10000	3.41140e-20	8.13120e-19
20059.20000	-6.04953e-19	7.61920e-19
20061.40000	-6.74488e-19	6.74652e-19
20063.60000	2.25358e-19	6.19761e-19
20065.70000	1.24349e-18	6.50720e-19
20067.90000	8.33392e-19	8.16040e-19
20070.10000	-1.23439e-18	8.76279e-19
20072.30000	-1.37816e-18	7.06824e-19
20074.40000	-1.93366e-19	4.77314e-19
20076.60000	2.36054e-19	4.01157e-19
20078.80000	2.24145e-19	3.85202e-19
20081.00000	6.95400e-19	3.48453e-19
20083.10000	2.99113e-19	3.18574e-19
20085.30000	-2.19951e-19	2.92055e-19
20087.50000	3.88751e-19	2.65538e-19
20089.60000	3.04565e-19	2.44774e-19
20091.80000	3.75323e-21	2.48757e-19
20094.00000	6.84304e-20	2.98125e-19
20096.20000	3.65497e-19	4.03426e-19
20098.30000	3.75329e-19	4.74243e-19
20100.50000	-5.84122e-19	4.93684e-19
20102.70000	2.90319e-19	4.82053e-19
20104.80000	1.74258e-19	4.34156e-19
20107.00000	4.65988e-19	4.20549e-19
20109.20000	5.24621e-19	4.39410e-19
20111.40000	1.21877e-19	4.76102e-19
20113.50000	-5.44347e-19	5.60564e-19
20115.70000	-9.16557e-19	5.84797e-19
20117.90000	-7.95232e-19	5.79114e-19
20120.00000	-7.97485e-19	5.73897e-19
20122.20000	-7.66908e-20	5.12275e-19
20124.40000	-8.06317e-19	5.62511e-19
20126.60000	9.47483e-19	6.40497e-19
20128.70000	-4.85209e-19	5.88984e-19
20130.90000	-7.63964e-19	5.08150e-19
20133.10000	2.49278e-19	4.80457e-19
20135.20000	-9.34837e-19	4.63303e-19
20137.40000	-7.20875e-19	4.42865e-19
20139.60000	2.23981e-20	4.55298e-19
20141.80000	-5.21411e-19	4.99441e-19
20143.90000	-3.34003e-19	4.34776e-19
20146.10000	-1.48355e-21	4.04997e-19
20148.30000	-4.55556e-20	4.12580e-19
20150.50000	1.83718e-19	4.06864e-19
20152.60000	-2.41854e-20	3.91058e-19
20154.80000	-3.73695e-19	3.91101e-19
20157.00000	-5.00481e-19	4.06775e-19
20159.10000	-6.22577e-19	4.22439e-19
20161.30000	3.14210e-20	4.46732e-19
20163.50000	1.45424e-19	4.62795e-19
20165.70000	-1.02947e-18	4.53315e-19
20167.80000	-6.37296e-19	4.49418e-19
20170.00000	-1.01429e-19	4.86969e-19
20172.20000	9.84878e-20	4.95851e-19
20174.30000	6.50149e-19	4.62502e-19
20176.50000	-1.69133e-19	4.52930e-19
20178.70000	-3.93339e-19	4.73261e-19
20180.90000	-9.73206e-19	4.04320e-19
20183.00000	-1.14755e-19	3.73517e-19
20185.20000	-7.76608e-19	3.78534e-19
20187.40000	-5.41237e-19	3.95322e-19
20189.50000	-1.83161e-19	5.80709e-19
20191.70000	2.79809e-20	8.58942e-19
20193.90000	-2.79315e-19	8.85375e-19
20196.10000	-8.42340e-19	6.16474e-19
20198.20000	-2.76819e-20	3.59230e-19
20200.40000	-2.96055e-20	2.90317e-19
20202.60000	-4.74547e-19	3.09238e-19
20204.80000	-5.61459e-19	3.35724e-19
20206.90000	-1.21842e-19	3.18142e-19
20209.10000	1.27741e-19	2.90216e-19
20211.30000	3.92738e-19	2.85875e-19
20213.40000	7.29234e-20	2.98324e-19
20215.60000	-1.78791e-19	2.98702e-19
20217.80000	4.17680e-20	2.85249e-19
20220.00000	4.90670e-19	2.77217e-19
20222.10000	-5.31605e-20	2.53366e-19
20224.30000	5.36918e-19	2.35231e-19
20226.50000	-5.75031e-20	2.24870e-19
20228.60000	1.78340e-19	2.30486e-19
20230.80000	4.12544e-19	2.29532e-19
20233.00000	4.29455e-21	2.21210e-19
20235.20000	9.28150e-20	2.21256e-19
20237.30000	-6.15449e-20	2.20306e-19
20239.50000	-3.03020e-19	2.20920e-19
20241.70000	-2.55272e-19	2.13466e-19
20243.80000	1.83714e-19	2.03019e-19
20246.00000	1.22398e-19	2.04119e-19
20248.20000	8.16344e-20	2.09602e-19
20250.40000	-9.37794e-21	2.09154e-19
20252.50000	-3.03556e-19	1.94073e-19
20254.70000	-2.35825e-19	1.85323e-19
20256.90000	8.83804e-20	1.82835e-19
20259.10000	2.17967e-19	1.85243e-19
20261.20000	-1.68743e-19	1.81271e-19
20263.40000	-2.35054e-20	1.82179e-19
20265.60000	-2.16547e-19	1.89992e-19
20267.70000	3.02051e-20	2.12130e-19
20269.90000	-2.86313e-19	2.80858e-19
20272.10000	-1.14788e-18	5.99769e-19
20274.30000	-4.23115e-19	1.19737e-18
20276.40000	-1.13658e-18	1.29307e-18
20278.60000	-1.46571e-18	8.70416e-19
20280.80000	1.41916e-19	3.92683e-19
20282.90000	5.23178e-19	2.64091e-19
20285.10000	-9.91815e-20	2.31208e-19
20287.30000	-3.29149e-20	2.20240e-19
20289.50000	-3.36624e-19	2.35225e-19
20291.60000	-6.48680e-20	2.37495e-19
20293.80000	1.46410e-19	2.25379e-19
20296.00000	1.52253e-19	2.15151e-19
20298.10000	-1.44886e-19	2.17096e-19
20300.30000	-5.03185e-20	2.09879e-19
20302.50000	3.26881e-20	1.80554e-19
20304.70000	-9.06714e-20	1.74784e-19
20306.80000	7.92347e-20	1.79748e-19
20309.00000	-5.87327e-20	1.74015e-19
20311.20000	-3.11096e-20	1.64326e-19
20313.40000	-1.94596e-19	1.70952e-19
20315.50000	-6.24875e-20	1.97689e-19
20317.70000	2.24602e-19	2.45235e-19
20319.90000	2.69615e-19	2.44337e-19
20322.00000	-8.54865e-20	2.07677e-19
20324.20000	1.85249e-19	2.00787e-19
20326.40000	2.09976e-20	1.65520e-19
20328.60000	-6.24828e-21	1.58040e-19
20330.70000	-7.50827e-20	1.68771e-19
20332.90000	-6.61525e-21	2.18543e-19
20335.10000	-1.55033e-19	3.93386e-19
20337.20000	7.15841e-19	6.89359e-19
20339.40000	1.51353e-18	7.86180e-19
20341.60000	-2.06757e-20	6.60789e-19
20343.80000	-4.86603e-19	3.60555e-19
20345.90000	-1.17053e-19	2.66130e-19
20348.10000	1.49265e-22	2.25912e-19
20350.30000	1.22055e-19	1.94598e-19
20352.40000	-2.80541e-21	1.58198e-19
20354.60000	-3.56716e-21	1.45890e-19
20356.80000	-7.68456e-20	1.43170e-19
20359.00000	-1.31335e-19	1.42107e-19
20361.10000	2.20949e-19	1.48468e-19
20363.30000	2.63247e-20	1.50729e-19
20365.50000	-6.52746e-20	1.45218e-19
20367.60000	3.08142e-20	1.46531e-19
20369.80000	-2.75933e-19	1.49152e-19
20372.00000	-1.96233e-19	1.45932e-19
20374.20000	-1.85564e-19	1.40029e-19
20376.30000	-1.10237e-19	1.37675e-19
20378.50000	-9.26065e-20	1.38125e-19
20380.70000	-5.95526e-20	1.44704e-19
20382.90000	-1.61672e-19	1.61726e-19
20385.00000	-1.67833e-19	1.58958e-19
20387.20000	2.79603e-19	1.50308e-19
20389.40000	1.27767e-20	1.62781e-19
20391.50000	-3.21913e-19	1.46008e-19
20393.70000	-1.17281e-19	1.50786e-19
20395.90000	-7.83303e-20	1.50749e-19
20398.10000	6.70942e-20	1.56882e-19
20400.20000	1.09294e-19	1.76004e-19
20402.40000	7.15273e-20	1.92621e-19
20404.60000	-8.80208e-20	2.00780e-19
20406.70000	6.94449e-20	2.76156e-19
20408.90000	-1.37881e-18	6.10493e-19
20411.10000	1.86449e-19	1.18957e-18
20413.30000	-3.10631e-19	1.27024e-18
20415.40000	-2.25137e-19	8.59007e-19
20417.60000	-8.10487e-19	3.34479e-19
20419.80000	-2.42599e-20	2.05828e-19
20421.90000	-2.54203e-19	1.74736e-19
20424.10000	1.48636e-19	1.63697e-19
20426.30000	-5.72694e-21	1.59726e-19
20428.50000	-8.25422e-20	1.58359e-19
20430.60000	-2.06461e-19	1.56404e-19
20432.80000	1.05188e-19	1.53877e-19
20435.00000	3.28105e-20	1.54135e-19
20437.20000	6.65245e-20	1.54983e-19
20439.30000	6.47589e-20	1.56932e-19
20441.50000	-3.87565e-20	1.65222e-19
20443.70000	-9.93199e-20	1.70847e-19
20445.80000	-1.17907e-19	1.63534e-19
20448.00000	-2.02295e-19	1.53654e-19
20450.20000	-1.24687e-19	1.67440e-19
20452.40000	8.48231e-20	1.76895e-19
20454.50000	-1.43424e-19	1.71035e-19
20456.70000	-3.14326e-20	1.79305e-19
20458.90000	-2.58742e-20	1.81995e-19
20461.00000	-2.10991e-19	1.71709e-19
20463.20000	1.59906e-19	1.50132e-19
20465.40000	1.93124e-19	1.46491e-19
20467.60000	1.19483e-19	1.48163e-19
20469.70000	4.87027e-20	1.50275e-19
20471.90000	-3.25998e-19	1.63794e-19
20474.10000	2.89048e-20	1.64339e-19
20476.20000	1.43567e-19	1.62128e-19
20478.40000	-5.38024e-20	1.63704e-19
20480.60000	-1.22832e-19	1.70616e-19
20482.80000	2.78470e-19	2.03434e-19
20484.90000	-1.32973e-19	2.11662e-19
20487.10000	-3.12568e-21	2.17320e-19
20489.30000	-1.84390e-19	2.20777e-19
20491.50000	-2.86427e-20	1.98584e-19
20493.60000	-6.87660e-20	2.27035e-19
20495.80000	4.86636e-19	3.91499e-19
20498.00000	1.36073e-18	6.41775e-19
20500.10000	-1.79312e-19	6.78668e-19
20502.30000	1.99648e-20	4.64303e-19
20504.50000	-2.22067e-19	2.60371e-19
20506.70000	7.85120e-20	2.34693e-19
20508.80000	-1.46330e-19	2.17693e-19
20511.00000	-1.15583e-19	2.21025e-19
20513.20000	-2.26413e-19	2.38664e-19
20515.30000	2.06911e-19	2.51514e-19
20517.50000	-1.42571e-19	2.55886e-19
20519.70000	-2.20776e-19	2.49643e-19
20521.90000	-4.08169e-19	2.71382e-19
20524.00000	-2.91661e-19	2.88847e-19
20526.20000	1.15783e-19	2.79186e-19
20528.40000	3.74171e-19	2.54789e-19
20530.50000	1.33916e-19	2.48500e-19
20532.70000	1.96832e-19	2.60048e-19
20534.90000	2.97951e-19	2.87636e-19
20537.10000	3.21021e-19	3.07839e-19
20539.20000	9.40513e-20	3.67363e-19
20541.40000	4.69972e-20	3.80172e-19
20543.60000	1.09461e-19	3.35951e-19
20545.80000	5.42160e-20	2.86951e-19
20547.90000	-2.24396e-19	2.81530e-19
20550.10000	1.12467e-19	3.23940e-19
20552.30000	3.67559e-19	3.71135e-19
20554.40000	1.74393e-19	3.85854e-19
20556.60000	1.84522e-20	3.77922e-19
20558.80000	5.80997e-19	5.65384e-19
20561.00000	8.23751e-20	1.21303e-18
20563.10000	1.54931e-19	1.55634e-18
20565.30000	-2.82238e-19	1.39904e-18
20567.50000	-2.30035e-19	6.97274e-19
20569.60000	3.20158e-19	3.66048e-19
20571.80000	5.00142e-19	3.35480e-19
20574.00000	2.27835e-19	3.71339e-19
20576.20000	-2.75521e-19	3.68137e-19
20578.30000	-5.71787e-19	3.81555e-19
20580.50000	-1.14951e-19	3.32850e-19
20582.70000	3.40364e-19	3.12271e-19
20584.80000	-2.59919e-19	2.69539e-19
20587.00000	2.27891e-19	2.39282e-19
20589.20000	2.58508e-19	2.18740e-19
20591.40000	3.26358e-20	2.05222e-19
20593.50000	4.29797e-20	1.97353e-19
20595.70000	1.00687e-19	1.88554e-19
20597.90000	1.43096e-20	1.98493e-19
20600.00000	1.89212e-19	1.73245e-19
20602.20000	2.08159e-19	1.62366e-19
20604.40000	-1.33272e-19	1.59943e-19
20606.60000	-8.28234e-20	1.63964e-19
20608.70000	4.65198e-20	1.69876e-19
20610.90000	-1.55457e-19	1.79036e-19
20613.10000	-7.94964e-20	1.87789e-19
20615.30000	-5.32495e-20	1.93482e-19
20617.40000	3.13484e-19	2.08725e-19
20619.60000	2.45402e-19	1.98857e-19
20621.80000	1.60736e-19	2.16438e-19
20623.90000	-2.54134e-19	2.16232e-19
20626.10000	6.39829e-21	2.13529e-19
20628.30000	2.80020e-19	2.32526e-19
20630.50000	-1.35040e-19	2.27830e-19
20632.60000	-2.65420e-19	2.21403e-19
20634.80000	-2.64520e-20	2.28472e-19
20637.00000	6.36070e-19	2.32087e-19
20639.10000	-3.06611e-19	2.26456e-19
20641.30000	-1.48085e-20	2.28719e-19
20643.50000	-3.38313e-19	2.35408e-19
20645.70000	-5.77122e-20	2.41157e-19
20647.80000	-1.78244e-19	2.58042e-19
20650.00000	-8.42880e-20	2.78609e-19
20652.20000	-1.18339e-19	2.70254e-19
20654.30000	-2.87002e-20	2.65963e-19
20656.50000	-2.84364e-19	2.71799e-19
20658.70000	-5.21555e-19	2.55999e-19
20660.90000	-6.44680e-20	2.53488e-19
20663.00000	-3.49660e-19	2.75532e-19
20665.20000	2.60949e-19	2.64385e-19
20667.40000	-3.28516e-19	2.41173e-19
20669.60000	2.89090e-20	2.44447e-19
20671.70000	-3.68336e-19	2.61527e-19
20673.90000	1.59326e-19	2.49231e-19
20676.10000	-8.80743e-20	2.28843e-19
20678.20000	1.37738e-19	2.31369e-19
20680.40000	3.25647e-19	2.31452e-19
20682.60000	2.03272e-19	2.22323e-19
20684.80000	1.20874e-19	2.23831e-19
20686.90000	-7.73108e-21	2.28228e-19
20689.10000	1.82234e-19	2.44381e-19
20691.30000	1.53235e-19	2.32124e-19
20693.40000	-3.63268e-21	2.20463e-19
20695.60000	-4.52971e-19	2.17247e-19
20697.80000	-1.36409e-20	2.08395e-19
20700.00000	1.68669e-19	2.07735e-19
20702.10000	6.40602e-20	2.11648e-19
20704.30000	5.29826e-20	2.07433e-19
20706.50000	-1.83604e-19	2.04874e-19
20708.60000	2.00851e-19	2.12397e-19
20710.80000	1.22656e-19	2.09616e-19
20713.00000	3.66462e-19	2.04242e-19
20715.20000	-1.51851e-19	2.04259e-19
20717.30000	2.78233e-19	2.10651e-19
20719.50000	-5.96709e-19	2.08769e-19
20721.70000	-1.90172e-19	2.22122e-19
20723.80000	-2.07962e-19	3.53885e-19
20726.00000	-9.72555e-19	6.82241e-19
20728.20000	-2.45944e-18	1.01080e-18
20730.40000	-1.20739e-18	9.43147e-19
20732.50000	-6.48409e-20	5.46188e-19
20734.70000	1.11484e-20	2.72935e-19
20736.90000	5.54831e-20	2.43299e-19
20739.10000	2.89977e-19	2.59439e-19
20741.20000	-3.41119e-19	2.53669e-19
20743.40000	1.94494e-19	2.13915e-19
20745.60000	2.40191e-19	1.87530e-19
20747.70000	-3.38411e-19	1.86185e-19
20749.90000	-7.33514e-20	1.87260e-19
20752.10000	-4.27076e-19	1.82528e-19
20754.30000	-2.88534e-19	1.77008e-19
20756.40000	-2.32588e-20	1.87365e-19
20758.60000	-3.63591e-19	1.80863e-19
20760.80000	-7.65979e-20	1.77491e-19
20762.90000	-2.61311e-19	1.72382e-19
20765.10000	2.32705e-19	1.85569e-19
20767.30000	1.83100e-19	1.80885e-19
20769.50000	9.11570e-20	1.69186e-19
20771.60000	1.16961e-19	1.70113e-19
20773.80000	1.32645e-19	1.72386e-19
20776.00000	-8.92874e-20	1.75148e-19
20778.10000	-4.65326e-19	1.70999e-19
20780.30000	-1.32404e-20	1.68096e-19
20782.50000	2.86029e-23	1.66391e-19
20784.70000	1.89021e-19	1.62420e-19
20786.80000	-1.75930e-20	1.72502e-19
20789.00000	-5.86505e-20	1.63744e-19
20791.20000	8.92048e-20	1.55831e-19
20793.40000	-1.91631e-20	1.52710e-19
20795.50000	3.72485e-20	1.56567e-19
20797.70000	5.24558e-20	1.63073e-19
20799.90000	-2.62333e-20	1.78780e-19
20802.00000	2.00285e-19	2.11573e-19
20804.20000	3.86348e-19	2.45859e-19
20806.40000	3.21089e-19	2.32772e-19
20808.60000	1.12228e-19	1.98780e-19
20810.70000	-2.45220e-20	1.75925e-19
20812.90000	-5.42824e-20	1.88411e-19
20815.10000	7.50357e-20	2.08419e-19
20817.20000	1.96745e-20	2.02660e-19
20819.40000	-2.02093e-19	1.87279e-19
20821.60000	-6.39400e-20	2.14505e-19
20823.80000	7.89293e-20	2.27126e-19
20825.90000	-3.87018e-19	2.32548e-19
20828.10000	-2.81915e-19	2.39277e-19
20830.30000	-2.07510e-19	2.24619e-19
20832.40000	-3.34874e-19	2.11382e-19
20834.60000	-2.34570e-19	2.01276e-19
20836.80000	1.26056e-19	1.67005e-19
20839.00000	3.94797e-19	1.60130e-19
20841.10000	-5.76289e-20	1.60646e-19
20843.30000	-9.71076e-20	1.62342e-19
20845.50000	2.88541e-20	1.66379e-19
20847.70000	3.75790e-19	1.71283e-19
20849.80000	-4.16773e-20	1.86050e-19
20852.00000	8.86088e-20	2.06438e-19
20854.20000	-2.06348e-20	2.13406e-19
20856.30000	1.97805e-19	2.70314e-19
20858.50000	1.36962e-19	4.23146e-19
20860.70000	2.04882e-19	4.63803e-19
20862.90000	-2.27956e-19	3.72477e-19
20865.00000	-1.43298e-20	2.45198e-19
20867.20000	1.40602e-20	1.94481e-19
20869.40000	8.41410e-20	1.95595e-19
20871.50000	6.73543e-20	2.12189e-19
20873.70000	-8.53413e-20	2.35542e-19
20875.90000	3.22922e-19	2.35436e-19
20878.10000	2.53264e-19	2.06099e-19
20880.20000	-1.63625e-20	1.80630e-19
20882.40000	2.70417e-19	1.95940e-19
20884.60000	2.54039e-19	2.16700e-19
20886.70000	6.20996e-21	1.96651e-19
20888.90000	-2.52998e-19	1.80736e-19
20891.10000	-2.01255e-19	1.64089e-19
20893.30000	-1.13543e-19	1.63547e-19
20895.40000	-1.55546e-19	1.80771e-19
20897.60000	-1.22445e-19	1.66966e-19
20899.80000	-3.15135e-19	1.69829e-19
20901.90000	1.01583e-19	1.79158e-19
20904.10000	-7.40146e-21	2.40642e-19
20906.30000	3.11984e-19	4.33036e-19
20908.50000	-1.46447e-19	5.56799e-19
20910.60000	1.03537e-18	5.67519e-19
20912.80000	1.50273e-19	3.83315e-19
20915.00000	-2.94291e-20	2.43586e-19
20917.20000	-9.57902e-20	2.09654e-19
20919.30000	-2.37862e-19	1.97396e-19
20921.50000	1.93423e-19	1.90837e-19
20923.70000	1.00717e-19	1.69763e-19
20925.80000	6.86644e-20	1.60949e-19
20928.00000	1.87436e-19	1.59654e-19
20930.20000	1.00896e-19	1.59320e-19
20932.40000	3.46665e-20	1.60329e-19
20934.50000	5.99235e-20	1.66132e-19
20936.70000	-5.19683e-20	1.67313e-19
20938.90000	1.47761e-19	1.72217e-19
20941.00000	4.94076e-20	1.74026e-19
20943.20000	-2.64125e-20	1.62650e-19
20945.40000	-6.17517e-20	1.59589e-19
20947.60000	1.32692e-21	1.60845e-19
20949.70000	2.97123e-19	1.61175e-19
20951.90000	-1.67513e-19	1.57722e-19
20954.10000	-2.67643e-19	1.56191e-19
20956.20000	-2.32390e-19	1.57380e-19
20958.40000	4.39780e-20	1.56697e-19
20960.60000	-2.05698e-19	1.58045e-19
20962.80000	2.33113e-21	1.58975e-19
20964.90000	3.25664e-20	1.60126e-19
20967.10000	2.09078e-19	1.60449e-19
20969.30000	-1.12849e-20	1.59633e-19
20971.50000	2.98071e-19	1.57422e-19
20973.60000	3.22610e-19	1.54854e-19
20975.80000	3.47133e-20	1.64171e-19
20978.00000	-9.44767e-21	1.71409e-19
20980.10000	-7.59776e-20	1.56672e-19
20982.30000	4.74651e-21	1.58701e-19
20984.50000	2.12875e-19	1.64855e-19
20986.70000	-2.27084e-19	1.77943e-19
20988.80000	-5.40295e-21	1.69106e-19
20991.00000	-3.28244e-20	1.63956e-19
20993.20000	-3.91075e-20	1.58998e-19
20995.30000	6.45834e-20	1.56767e-19
20997.50000	3.80479e-20	1.55880e-19
20999.70000	3.42748e-19	1.57499e-19
21001.90000	1.15693e-19	1.68068e-19
21004.00000	1.60539e-19	1.83766e-19
21006.20000	-6.77406e-20	1.86224e-19
21008.40000	-1.65832e-19	1.90626e-19
21010.50000	5.22155e-20	2.26867e-19
21012.70000	-6.69901e-20	2.44405e-19
21014.90000	2.53880e-19	2.27151e-19
21017.10000	3.00928e-19	2.08495e-19
21019.20000	-8.88869e-20	2.01902e-19
21021.40000	-5.20646e-20	2.05299e-19
21023.60000	1.09290e-19	2.25254e-19
21025.80000	1.67633e-19	2.27587e-19
21027.90000	1.71054e-19	2.15320e-19
21030.10000	-7.66175e-20	2.34834e-19
21032.30000	1.58982e-19	2.86290e-19
21034.40000	-7.55087e-20	2.58381e-19
21036.60000	-4.76428e-20	2.25482e-19
21038.80000	-2.21147e-19	1.88446e-19
21041.00000	-2.73135e-19	1.80810e-19
21043.10000	1.79159e-19	1.82445e-19
21045.30000	2.98957e-19	1.78911e-19
21047.50000	3.28948e-19	1.76011e-19
21049.60000	-2.97086e-20	1.87049e-19
21051.80000	-4.09546e-19	2.16009e-19
21054.00000	-1.31260e-19	2.22768e-19
21056.20000	-5.84555e-20	2.11952e-19
21058.30000	1.99362e-19	2.40281e-19
21060.50000	8.95491e-20	3.25572e-19
21062.70000	-1.76693e-19	3.49481e-19
21064.80000	2.84558e-19	3.55065e-19
21067.00000	3.36267e-19	3.62050e-19
21069.20000	4.92915e-23	3.54312e-19
21071.40000	2.38478e-19	2.96540e-19
21073.50000	1.05003e-19	2.37157e-19
21075.70000	-2.17534e-19	2.19706e-19
21077.90000	2.79319e-19	2.08601e-19
21080.00000	2.98100e-19	1.80225e-19
21082.20000	-4.99632e-20	1.68918e-19
21084.40000	8.80300e-20	1.68676e-19
21086.60000	-1.07041e-19	1.90693e-19
21088.70000	1.69096e-19	2.20006e-19
21090.90000	9.55288e-20	2.27845e-19
21093.10000	1.64742e-19	2.51731e-19
21095.30000	2.10748e-19	2.99432e-19
21097.40000	8.84603e-20	3.03108e-19
21099.60000	1.70277e-19	2.75535e-19
21101.80000	-4.81547e-19	3.40747e-19
21103.90000	-2.18908e-19	3.92860e-19
21106.10000	3.32565e-19	4.19924e-19
21108.30000	1.11006e-19	3.46909e-19
21110.50000	-2.80975e-19	2.85501e-19
21112.60000	-5.38996e-19	3.41720e-19
21114.80000	-3.28517e-19	4.72217e-19
21117.00000	-3.00985e-19	4.74215e-19
21119.10000	7.11248e-20	2.99647e-19
21121.30000	2.82710e-19	1.96893e-19
21123.50000	-8.87075e-20	1.73722e-19
21125.70000	-1.80368e-19	1.71702e-19
21127.80000	-7.05906e-20	1.73151e-19
21130.00000	-1.75194e-19	1.71827e-19
21132.20000	-8.87095e-20	1.67447e-19
21134.30000	1.43020e-19	1.63813e-19
21136.50000	-9.13846e-20	1.62594e-19
21138.70000	1.01846e-20	1.63712e-19
21140.90000	3.00935e-19	1.75366e-19
21143.00000	2.50410e-19	1.63909e-19
21145.20000	2.21879e-19	1.64000e-19
21147.40000	1.55112e-19	1.66102e-19
21149.60000	-1.75913e-19	1.79920e-19
21151.70000	-8.13512e-20	2.00768e-19
21153.90000	-4.65628e-20	2.89228e-19
21156.10000	-6.02301e-21	3.62963e-19
21158.20000	-1.22396e-19	3.10842e-19
21160.40000	-4.61375e-20	2.13957e-19
21162.60000	2.21899e-20	1.84753e-19
21164.80000	-3.02441e-20	2.01310e-19
21166.90000	-4.29358e-20	1.82044e-19
21169.10000	-1.33256e-19	1.81331e-19
21171.30000	-3.81922e-19	2.20666e-19
21173.40000	-1.52589e-19	3.90666e-19
21175.60000	-2.19760e-19	6.26911e-19
21177.80000	-9.11816e-19	6.10848e-19
21180.00000	-6.50677e-19	4.00272e-19
21182.10000	1.23591e-19	2.46084e-19
21184.30000	-2.81448e-19	2.15558e-19
21186.50000	1.42331e-19	2.07326e-19
21188.60000	9.58872e-20	2.08315e-19
21190.80000	1.07018e-19	2.21386e-19
21193.00000	1.81680e-19	2.32458e-19
21195.20000	-4.43148e-20	2.24487e-19
21197.30000	2.05798e-19	2.01162e-19
21199.50000	3.43734e-19	1.84239e-19
21201.70000	3.49540e-19	1.94133e-19
21203.80000	-3.72822e-19	2.15540e-19
21206.00000	-2.40593e-19	2.08909e-19
21208.20000	9.22166e-21	1.99422e-19
21210.40000	2.07832e-20	1.90772e-19
21212.50000	-8.54139e-20	1.86023e-19
21214.70000	-1.36283e-19	1.84981e-19
21216.90000	6.08999e-20	1.93794e-19
21219.10000	7.73783e-20	2.00845e-19
21221.20000	-7.66093e-20	1.93448e-19
21223.40000	-1.25825e-21	1.77052e-19
21225.60000	9.59565e-20	1.76566e-19
21227.70000	1.73346e-19	2.12840e-19
21229.90000	-1.32732e-19	3.27616e-19
21232.10000	-4.09455e-19	4.13980e-19
21234.30000	-2.84731e-19	3.85789e-19
21236.40000	3.00413e-19	2.40261e-19
21238.60000	9.79336e-20	1.85436e-19
21240.80000	-9.58822e-20	1.81597e-19
21242.90000	-5.34242e-20	1.94837e-19
21245.10000	2.87753e-19	2.74536e-19
21247.30000	5.69633e-20	5.08365e-19
21249.50000	1.74327e-19	6.27711e-19
21251.60000	-5.30481e-19	5.25983e-19
21253.80000	-1.57598e-19	2.70986e-19
21256.00000	-7.28262e-20	1.93627e-19
21258.10000	-5.88600e-20	1.81217e-19
21260.30000	-7.49998e-20	1.78660e-19
21262.50000	1.42405e-19	1.74384e-19
21264.70000	1.41412e-19	1.72586e-19
21266.80000	1.01189e-21	1.71345e-19
21269.00000	-1.37129e-19	1.71040e-19
21271.20000	-1.32257e-19	1.72876e-19
21273.40000	2.08030e-19	1.84944e-19
21275.50000	-2.36321e-20	2.35943e-19
21277.70000	-4.22997e-19	2.94905e-19
21279.90000	-1.24994e-19	2.92543e-19
21282.00000	3.24738e-19	2.41330e-19
21284.20000	-1.14092e-19	1.92199e-19
21286.40000	-3.75479e-19	1.78213e-19
21288.60000	-2.56535e-19	1.83258e-19
21290.70000	-1.43672e-20	1.89579e-19
21292.90000	3.14082e-20	2.01643e-19
21295.10000	-2.13864e-20	1.96587e-19
21297.20000	-2.23831e-19	1.85160e-19
21299.40000	8.92424e-20	1.74853e-19
21301.60000	2.43378e-20	1.74197e-19
21303.80000	-1.48454e-19	1.74697e-19
21305.90000	8.30792e-20	1.77192e-19
21308.10000	2.79998e-19	1.79994e-19
21310.30000	6.95355e-20	1.87957e-19
21312.40000	3.78340e-19	2.23456e-19
21314.60000	9.04116e-20	2.76227e-19
21316.80000	-1.23523e-19	3.18208e-19
21319.00000	-1.14901e-19	3.12946e-19
21321.10000	-4.83009e-20	2.97416e-19
21323.30000	6.12901e-19	3.52362e-19
21325.50000	8.01582e-19	4.02015e-19
21327.70000	-1.76406e-19	3.71698e-19
21329.80000	-2.34084e-19	2.39909e-19
21332.00000	-3.56644e-19	1.95314e-19
21334.20000	-3.93624e-20	2.13093e-19
21336.30000	-1.35352e-20	1.73827e-19
21338.50000	-1.71794e-20	1.73554e-19
21340.70000	-2.01026e-19	1.73467e-19
21342.90000	1.58297e-19	1.74345e-19
21345.00000	4.51037e-20	1.74753e-19
21347.20000	1.18455e-19	1.75471e-19
21349.40000	-5.82983e-20	1.76735e-19
21351.50000	-1.08806e-19	1.90811e-19
21353.70000	-3.09732e-20	2.07938e-19
21355.90000	-4.03960e-20	2.15422e-19
21358.10000	-4.03233e-19	2.14375e-19
21360.20000	-2.03967e-19	2.06819e-19
21362.40000	3.25206e-20	1.93919e-19
21364.60000	1.45833e-19	1.81450e-19
21366.70000	1.97555e-19	1.84648e-19
21368.90000	2.97099e-20	1.91883e-19
21371.10000	6.95027e-20	2.13806e-19
21373.30000	1.50549e-19	2.18180e-19
21375.40000	2.96828e-19	2.12458e-19
21377.60000	1.32816e-19	2.12832e-19
21379.80000	-3.68733e-20	2.09089e-19
21381.90000	-2.08405e-19	2.03667e-19
21384.10000	-5.92443e-20	1.82923e-19
21386.30000	9.96055e-20	1.79438e-19
21388.50000	-1.28361e-19	1.83725e-19
21390.60000	1.96939e-19	1.84648e-19
21392.80000	-1.53902e-19	1.85810e-19
21395.00000	-1.55377e-19	1.84847e-19
21397.20000	-3.12722e-19	1.80937e-19
21399.30000	-2.82322e-19	1.77093e-19
21401.50000	-6.96304e-20	1.84101e-19
21403.70000	-3.01736e-19	1.84923e-19
21405.80000	2.98495e-20	1.79201e-19
21408.00000	1.53783e-19	1.80334e-19
21410.20000	-5.62417e-20	1.79649e-19
21412.40000	1.16776e-19	1.80115e-19
21414.50000	-8.45988e-21	1.83709e-19
21416.70000	-2.75506e-19	1.89648e-19
21418.90000	1.11222e-19	1.93776e-19
21421.00000	2.20477e-19	2.05531e-19
21423.20000	-3.70637e-19	1.95279e-19
21425.40000	-3.25192e-19	1.92781e-19
21427.60000	3.59001e-19	1.84722e-19
21429.70000	7.32115e-21	1.85804e-19
21431.90000	3.23291e-19	1.85774e-19
21434.10000	-7.32577e-21	1.83162e-19
21436.20000	4.84952e-19	1.83095e-19
21438.40000	2.39397e-19	1.87721e-19
21440.60000	-2.94629e-19	1.88745e-19
21442.80000	2.92899e-19	1.86538e-19
21444.90000	8.34440e-20	1.83540e-19
21447.10000	-2.79548e-19	1.82779e-19
21449.30000	-2.23104e-19	1.81683e-19
21451.50000	-6.63400e-20	1.81388e-19
21453.60000	7.64799e-20	1.88161e-19
21455.80000	-1.26376e-20	1.87530e-19
21458.00000	-1.98017e-19	1.95454e-19
21460.10000	-3.40449e-19	1.93909e-19
21462.30000	-1.65774e-19	1.97552e-19
21464.50000	1.61085e-20	1.94257e-19
21466.70000	-4.18339e-19	1.86251e-19
21468.80000	-6.35174e-20	1.85627e-19
21471.00000	-3.20511e-19	1.94967e-19
21473.20000	-1.26720e-19	1.86636e-19
21475.30000	5.44594e-20	1.88912e-19
21477.50000	-1.84761e-21	1.89803e-19
21479.70000	-6.07970e-21	1.89507e-19
21481.90000	-1.29907e-19	1.88955e-19
21484.00000	2.04279e-19	1.88562e-19
21486.20000	1.63454e-20	1.87561e-19
21488.40000	2.25349e-19	1.89362e-19
21490.50000	-1.22702e-19	1.90833e-19
21492.70000	-1.39019e-19	1.93724e-19
21494.90000	7.69412e-20	1.97856e-19
21497.10000	2.31053e-19	2.02278e-19
21499.20000	-5.53341e-19	2.18746e-19
21501.40000	3.13663e-19	2.95225e-19
21503.60000	1.49909e-18	5.72947e-19
21505.80000	2.23619e-18	9.57843e-19
21507.90000	3.97133e-19	1.00836e-18
21510.10000	-1.30383e-19	7.46718e-19
21512.30000	5.96082e-19	3.82211e-19
21514.40000	-4.51800e-20	2.77979e-19
21516.60000	-1.01183e-19	2.31618e-19
21518.80000	6.25042e-20	2.16316e-19
21521.00000	2.83254e-19	2.23832e-19
21523.10000	-6.79977e-20	2.26589e-19
21525.30000	9.07991e-20	2.38555e-19
21527.50000	1.72640e-19	2.64901e-19
21529.60000	-1.08410e-19	3.07741e-19
21531.80000	9.14991e-20	2.94521e-19
21534.00000	4.83097e-19	4.08574e-19
21536.20000	8.15910e-19	6.00038e-19
21538.30000	7.66530e-19	6.27025e-19
21540.50000	2.25127e-19	4.80373e-19
21542.70000	-9.78222e-20	3.17276e-19
21544.80000	1.76604e-20	3.22758e-19
21547.00000	5.31242e-19	3.01709e-19
21549.20000	1.20999e-19	2.71190e-19
21551.40000	2.70131e-19	2.41869e-19
21553.50000	-4.74546e-19	2.04899e-19
21555.70000	3.66212e-19	1.95186e-19
21557.90000	1.03638e-19	1.94109e-19
21560.10000	-5.10498e-20	1.94061e-19
21562.20000	-1.30458e-19	1.96429e-19
21564.40000	2.39316e-19	2.13939e-19
21566.60000	4.65201e-19	2.18371e-19
21568.70000	-2.44693e-19	2.18531e-19
21570.90000	-9.71229e-20	2.08562e-19
21573.10000	1.46632e-19	2.10950e-19
21575.30000	1.33164e-19	2.16388e-19
21577.40000	1.24105e-19	2.99037e-19
21579.60000	3.69153e-19	3.86889e-19
21581.80000	-1.88511e-19	3.86207e-19
21583.90000	-2.48220e-19	3.07325e-19
21586.10000	-1.84314e-19	2.32396e-19
21588.30000	1.68288e-19	2.19649e-19
21590.50000	2.86892e-19	2.10632e-19
21592.60000	7.05317e-20	2.07218e-19
21594.80000	-2.60694e-19	2.12927e-19
21597.00000	5.39529e-20	2.22424e-19
21599.10000	2.32584e-19	2.11574e-19
21601.30000	2.94736e-19	2.04993e-19
21603.50000	-7.29987e-20	1.97421e-19
21605.70000	3.29451e-19	1.94676e-19
21607.80000	8.75724e-20	2.01744e-19
21610.00000	2.16601e-19	2.11121e-19
21612.20000	7.77862e-20	2.20354e-19
21614.30000	-1.50191e-19	1.97755e-19
21616.50000	-4.70534e-20	1.94921e-19
21618.70000	6.81778e-20	1.97274e-19
21620.90000	2.10474e-19	2.02535e-19
21623.00000	-2.69892e-19	2.04615e-19
21625.20000	2.82157e-19	2.01310e-19
21627.40000	-3.32428e-20	2.06429e-19
21629.60000	3.52492e-19	2.09039e-19
21631.70000	3.65463e-20	2.15604e-19
21633.90000	-1.13226e-19	2.53633e-19
21636.10000	4.16781e-19	2.84417e-19
21638.20000	2.32798e-19	2.73888e-19
21640.40000	1.67054e-19	2.47332e-19
21642.60000	1.53970e-19	2.16906e-19
21644.80000	2.95397e-19	1.97587e-19
21646.90000	3.85750e-19	1.94886e-19
21649.10000	1.24570e-19	1.96584e-19
21651.30000	4.64841e-19	1.98718e-19
21653.40000	2.46800e-19	2.00288e-19
21655.60000	-1.59125e-19	2.12989e-19
21657.80000	-5.88059e-20	2.18891e-19
21660.00000	-3.42087e-19	2.19846e-19
21662.10000	-3.17188e-20	2.21185e-19
21664.30000	1.68777e-19	2.21267e-19
21666.50000	-7.31293e-20	2.07934e-19
21668.60000	-2.92716e-20	2.05029e-19
21670.80000	-6.65569e-20	2.20398e-19
21673.00000	-2.73028e-19	2.42919e-19
21675.20000	-2.97344e-19	2.24700e-19
21677.30000	-5.36542e-19	2.14129e-19
21679.50000	-2.20028e-19	2.10673e-19
21681.70000	-3.40752e-19	2.18562e-19
21683.90000	2.52121e-19	2.23213e-19
21686.00000	2.53641e-19	2.18962e-19
21688.20000	4.34247e-19	2.17921e-19
21690.40000	3.46328e-19	2.14832e-19
21692.50000	-9.62513e-20	2.03240e-19
21694.70000	2.02289e-19	2.02663e-19
21696.90000	-7.58165e-20	2.01746e-19
21699.10000	-7.89973e-20	2.11198e-19
21701.20000	-5.79079e-21	2.37762e-19
21703.40000	2.58308e-19	2.37031e-19
21705.60000	-1.54303e-19	2.42146e-19
21707.70000	-1.01995e-19	3.45114e-19
21709.90000	-8.26498e-20	4.70405e-19
21712.10000	5.01526e-19	4.83441e-19
21714.30000	2.21135e-20	3.55427e-19
21716.40000	-2.20948e-19	2.34016e-19
21718.60000	-6.78273e-20	2.05909e-19
21720.80000	-2.59498e-19	2.03282e-19
21722.90000	-1.94766e-21	2.03352e-19
21725.10000	3.01722e-20	2.14718e-19
21727.30000	-8.26419e-20	2.15755e-19
21729.50000	-8.48881e-20	2.03829e-19
21731.60000	3.02147e-20	2.03250e-19
21733.80000	2.89627e-19	2.10137e-19
21736.00000	-1.33068e-19	2.29824e-19
21738.20000	7.74112e-20	2.30131e-19
21740.30000	3.56232e-19	2.23670e-19
21742.50000	9.24803e-20	2.28749e-19
21744.70000	-4.39725e-19	2.33010e-19
21746.80000	-3.38423e-19	2.11525e-19
21749.00000	9.93858e-20	2.12397e-19
21751.20000	4.97228e-20	2.04457e-19
21753.40000	-8.25850e-20	2.04940e-19
21755.50000	1.21428e-20	2.09925e-19
21757.70000	1.99361e-20	2.28031e-19
21759.90000	-5.87865e-20	2.55467e-19
21762.00000	5.77040e-20	2.66807e-19
21764.20000	-1.97773e-19	2.49843e-19
21766.40000	-1.27816e-19	2.22641e-19
21768.60000	8.43474e-20	2.07108e-19
21770.70000	-1.12319e-19	2.04311e-19
21772.90000	-2.26593e-20	2.05370e-19
21775.10000	2.15694e-19	2.07099e-19
21777.20000	-4.45499e-20	2.12438e-19
21779.40000	-2.84381e-20	2.13595e-19
21781.60000	1.74979e-19	2.08155e-19
21783.80000	1.39562e-19	2.10881e-19
21785.90000	1.12023e-19	2.18268e-19
21788.10000	-8.09106e-20	2.42502e-19
21790.30000	1.11305e-19	2.66812e-19
21792.40000	-3.09743e-20	2.78467e-19
21794.60000	-3.16814e-19	2.83406e-19
21796.80000	-1.68966e-19	3.28714e-19
21799.00000	1.16528e-18	5.12038e-19
21801.10000	7.33478e-19	7.87680e-19
21803.30000	6.88598e-19	8.23446e-19
21805.50000	7.34628e-19	5.48967e-19
21807.70000	4.26569e-19	2.94109e-19
21809.80000	-7.16272e-20	2.32494e-19
21812.00000	-1.19196e-19	2.20176e-19
21814.20000	2.89538e-19	2.13430e-19
21816.30000	1.13115e-19	2.15429e-19
21818.50000	-1.75512e-19	2.14988e-19
21820.70000	5.15097e-21	2.11723e-19
21822.90000	-2.60853e-20	2.14032e-19
21825.00000	-9.02798e-20	2.39727e-19
21827.20000	-3.74085e-20	2.45427e-19
21829.40000	5.22685e-20	2.32073e-19
21831.50000	1.14698e-19	2.41512e-19
21833.70000	3.28436e-19	2.48829e-19
21835.90000	1.63714e-19	2.49086e-19
21838.10000	4.08512e-20	2.34540e-19
21840.20000	6.70504e-20	2.28588e-19
21842.40000	-2.62157e-19	2.25565e-19
21844.60000	-7.42089e-20	2.27228e-19
21846.70000	3.50623e-19	2.36574e-19
21848.90000	-1.92480e-19	2.49686e-19
21851.10000	-1.99350e-19	2.43459e-19
21853.30000	-7.41464e-20	2.28942e-19
21855.40000	-1.49752e-19	2.19636e-19
21857.60000	-2.09191e-19	2.33397e-19
21859.80000	-4.35452e-19	2.46913e-19
21862.00000	1.53783e-20	2.16458e-19
21864.10000	-1.30669e-19	2.16777e-19
21866.30000	1.10074e-19	2.20449e-19
21868.50000	4.13308e-19	2.49492e-19
21870.60000	-1.49789e-19	3.87014e-19
21872.80000	-2.35219e-19	5.67892e-19
21875.00000	-8.59952e-19	5.42326e-19
21877.20000	-6.51905e-19	3.60799e-19
21879.30000	2.65718e-19	2.51769e-19
21881.50000	3.06651e-19	2.40889e-19
21883.70000	2.38930e-20	2.33916e-19
21885.80000	6.86225e-20	2.27655e-19
21888.00000	-1.80651e-19	2.26816e-19
21890.20000	-3.83835e-19	2.39957e-19
21892.40000	-1.54685e-19	2.51916e-19
21894.50000	-2.48380e-19	2.44539e-19
21896.70000	-3.22774e-19	2.35561e-19
21898.90000	-6.04717e-20	2.27873e-19
21901.00000	-1.46778e-19	2.20581e-19
21903.20000	3.20034e-19	2.29162e-19
21905.40000	7.65820e-20	2.36169e-19
21907.60000	-1.95323e-19	2.30404e-19
21909.70000	-4.69127e-20	2.22364e-19
21911.90000	-9.29908e-20	2.17434e-19
21914.10000	-2.26432e-19	2.12651e-19
21916.20000	-2.01011e-20	2.11449e-19
21918.40000	-9.62490e-20	2.12522e-19
21920.60000	-1.69511e-19	2.11864e-19
21922.80000	2.40832e-19	2.13330e-19
21924.90000	3.46021e-19	2.15349e-19
21927.10000	-6.68245e-20	2.28506e-19
21929.30000	-2.83047e-19	2.42110e-19
21931.50000	-2.41734e-20	2.53360e-19
21933.60000	-3.81723e-19	2.37586e-19
21935.80000	-3.19041e-19	2.26188e-19
21938.00000	-7.65296e-20	2.20850e-19
21940.10000	1.64254e-20	2.17976e-19
21942.30000	-1.79468e-19	2.22982e-19
21944.50000	-6.73058e-20	2.32207e-19
21946.70000	1.28393e-19	2.42652e-19
21948.80000	3.37126e-19	2.58082e-19
21951.00000	2.04368e-19	3.78127e-19
21953.20000	1.30554e-18	6.52231e-19
21955.30000	-9.57871e-19	9.09121e-19
21957.50000	1.84830e-19	8.68986e-19
21959.70000	-2.84440e-19	4.80838e-19
21961.90000	-4.72522e-19	2.76765e-19
21964.00000	-2.73070e-19	2.53920e-19
21966.20000	-1.88837e-19	2.42883e-19
21968.40000	-3.81626e-19	2.36552e-19
21970.50000	2.76966e-19	2.40977e-19
21972.70000	-2.05923e-20	2.35194e-19
21974.90000	-3.62459e-19	2.29555e-19
21977.10000	-4.67838e-20	2.40026e-19
21979.20000	1.01290e-19	2.54735e-19
21981.40000	9.67985e-20	2.66178e-19
21983.60000	5.44318e-19	2.68737e-19
21985.80000	8.44156e-20	2.66378e-19
21987.90000	3.19504e-20	2.71450e-19
21990.10000	-2.00779e-19	2.63248e-19
21992.30000	-3.28650e-20	2.78638e-19
21994.40000	-2.08803e-19	2.99860e-19
21996.60000	7.42575e-20	2.94445e-19
21998.80000	2.81251e-19	2.96569e-19
22001.00000	-2.07964e-21	2.94665e-19
22003.10000	1.06568e-19	2.96698e-19
22005.30000	-1.61952e-19	2.90512e-19
22007.50000	-8.03753e-20	2.72048e-19
22009.60000	1.10408e-19	2.57086e-19
22011.80000	4.83893e-19	2.52077e-19
22014.00000	4.23567e-19	2.47732e-19
22016.20000	6.76677e-20	2.42551e-19
22018.30000	-3.81477e-19	2.41444e-19
22020.50000	-1.50985e-19	2.43692e-19
22022.70000	-1.65176e-20	2.47519e-19
22024.80000	1.02041e-20	2.59841e-19
22027.00000	-2.29344e-20	2.72134e-19
22029.20000	-8.66570e-20	2.79450e-19
22031.40000	9.88357e-20	2.69888e-19
22033.50000	2.20014e-19	2.56568e-19
22035.70000	-1.30722e-19	2.46976e-19
22037.90000	-5.20723e-20	2.47160e-19
22040.10000	-7.86463e-20	2.49955e-19
22042.20000	-4.31368e-20	2.48745e-19
22044.40000	1.47267e-19	2.47319e-19
22046.60000	-5.14872e-20	2.61399e-19
22048.70000	-3.13055e-19	3.56854e-19
22050.90000	-3.44188e-19	5.17002e-19
22053.10000	6.46952e-19	5.77692e-19
22055.30000	1.84869e-19	4.85326e-19
22057.40000	3.95952e-19	3.24362e-19
22059.60000	1.22529e-20	2.81178e-19
22061.80000	-4.22314e-19	2.77262e-19
22063.90000	-2.75896e-19	2.71337e-19
22066.10000	3.16666e-19	2.50654e-19
22068.30000	-8.09818e-21	2.47928e-19
22070.50000	-6.92175e-21	2.42542e-19
22072.60000	6.18387e-20	2.35491e-19
22074.80000	1.07054e-20	2.51414e-19
22077.00000	-1.64566e-19	2.37255e-19
22079.10000	1.42065e-19	2.46652e-19
22081.30000	1.30267e-19	2.44228e-19
22083.50000	-6.86492e-20	2.32404e-19
22085.70000	-1.01218e-20	2.35489e-19
22087.80000	1.18962e-19	2.51946e-19
22090.00000	-1.50514e-19	2.33002e-19
22092.20000	3.72735e-19	2.31181e-19
22094.30000	1.43455e-19	2.30119e-19
22096.50000	-2.60147e-20	2.30244e-19
22098.70000	-3.42130e-19	2.29763e-19
22100.90000	8.30448e-20	2.33126e-19
22103.00000	-4.54935e-20	2.37641e-19
22105.20000	3.96472e-19	2.42949e-19
22107.40000	-2.73365e-19	2.45447e-19
22109.60000	-1.59684e-19	2.44683e-19
22111.70000	3.77125e-19	2.45832e-19
22113.90000	1.39780e-19	2.46219e-19
22116.10000	6.85886e-20	2.42671e-19
22118.20000	-3.55728e-19	2.47113e-19
22120.40000	2.57819e-19	2.88553e-19
22122.60000	-2.28028e-19	5.10683e-19
22124.80000	2.13750e-18	7.66768e-19
22126.90000	1.32423e-18	7.82304e-19
22129.10000	8.45349e-20	5.58690e-19
22131.30000	-8.32527e-19	3.08897e-19
22133.40000	-1.69545e-19	2.60113e-19
22135.60000	-1.58916e-19	2.42337e-19
22137.80000	-6.53927e-19	2.38878e-19
22140.00000	-3.65033e-19	2.35879e-19
22142.10000	2.64243e-19	2.36635e-19
22144.30000	9.74268e-20	2.39794e-19
22146.50000	-1.13194e-19	2.44231e-19
22148.60000	-4.23630e-19	2.46535e-19
22150.80000	2.01350e-19	2.44897e-19
22153.00000	2.53890e-19	2.48045e-19
22155.20000	-2.06703e-20	2.50071e-19
22157.30000	4.24848e-19	2.67724e-19
22159.50000	1.50487e-19	2.63207e-19
22161.70000	3.03763e-19	2.65547e-19
22163.90000	1.97165e-19	2.60849e-19
22166.00000	-2.83036e-19	2.68256e-19
22168.20000	4.11168e-19	2.79470e-19
22170.40000	9.61586e-20	2.59478e-19
22172.50000	1.09769e-19	2.48547e-19
22174.70000	-8.89166e-20	2.48759e-19
22176.90000	-1.18200e-20	2.42144e-19
22179.10000	-1.43939e-19	2.49525e-19
22181.20000	-1.61357e-19	2.53331e-19
22183.40000	-7.12100e-20	2.53843e-19
22185.60000	-1.30581e-19	2.50615e-19
22187.70000	-3.16478e-19	2.52966e-19
22189.90000	-2.02525e-19	2.73113e-19
22192.10000	-1.56277e-19	2.51522e-19
22194.30000	-4.25141e-19	2.50356e-19
22196.40000	1.90971e-19	2.46498e-19
22198.60000	2.67120e-19	2.55981e-19
22200.80000	2.32051e-20	2.48637e-19
22202.90000	-5.85643e-19	2.50609e-19
22205.10000	-3.14777e-19	2.49181e-19
22207.30000	2.49838e-19	2.48313e-19
22209.50000	-1.23150e-19	2.51965e-19
22211.60000	-4.20680e-19	2.57217e-19
22213.80000	2.05598e-19	2.59291e-19
22216.00000	-1.63271e-19	2.66317e-19
22218.20000	-4.08897e-19	2.99141e-19
22220.30000	1.20411e-19	2.84200e-19
22222.50000	-8.67458e-20	2.60168e-19
22224.70000	2.92644e-20	2.58698e-19
22226.80000	2.39456e-19	2.53037e-19
22229.00000	-9.03965e-20	2.66196e-19
22231.20000	-1.47408e-19	2.49978e-19
22233.40000	-1.46481e-19	2.53223e-19
22235.50000	-2.98922e-19	2.50903e-19
22237.70000	-2.40292e-19	2.53751e-19
22239.90000	4.10214e-19	2.55258e-19
22242.00000	-2.04150e-20	2.59476e-19
22244.20000	9.53220e-20	3.02514e-19
22246.40000	7.19838e-19	4.27729e-19
22248.60000	-9.62524e-19	4.76435e-19
22250.70000	-1.18245e-18	4.15974e-19
22252.90000	5.95527e-20	3.02032e-19
22255.10000	-2.10473e-20	2.76156e-19
22257.20000	-1.61750e-19	2.71315e-19
22259.40000	-2.51713e-19	2.80764e-19
22261.60000	1.74325e-19	2.66701e-19
22263.80000	1.06264e-19	2.80095e-19
22265.90000	-4.73023e-19	2.80694e-19
22268.10000	-4.07392e-19	2.76580e-19
22270.30000	-1.91384e-19	2.94347e-19
22272.40000	1.27441e-19	3.08650e-19
22274.60000	2.31589e-19	2.98784e-19
22276.80000	-2.34297e-19	2.88366e-19
22279.00000	-6.04272e-19	2.91985e-19
22281.10000	-5.20122e-19	2.59424e-19
22283.30000	-3.48614e-19	2.56350e-19
22285.50000	-2.84862e-19	2.58490e-19
22287.70000	-1.18322e-19	2.62690e-19
22289.80000	6.33876e-21	2.65821e-19
22292.00000	-2.55068e-19	2.64585e-19
22294.20000	3.03534e-20	2.60509e-19
22296.30000	1.86100e-19	2.71615e-19
22298.50000	1.77997e-19	2.89524e-19
22300.70000	2.86477e-19	2.71050e-19
22302.90000	6.23783e-20	2.76093e-19
22305.00000	4.85602e-19	2.87302e-19
22307.20000	2.05512e-19	2.96623e-19
22309.40000	5.81242e-19	4.21887e-19
22311.50000	8.93728e-19	6.31542e-19
22313.70000	9.20525e-19	7.07974e-19
22315.90000	-4.24594e-19	6.21860e-19
22318.10000	-1.44369e-19	4.11504e-19
22320.20000	1.14669e-19	3.10908e-19
22322.40000	7.27755e-19	2.99631e-19
22324.60000	3.55120e-19	2.94218e-19
22326.70000	5.39058e-19	2.87865e-19
22328.90000	7.75890e-20	2.83649e-19
22331.10000	-1.25020e-20	2.81954e-19
22333.30000	1.12945e-20	2.79798e-19
22335.40000	-3.00382e-20	2.94764e-19
22337.60000	1.48517e-20	3.26640e-19
22339.80000	-1.41204e-21	3.50224e-19
22342.00000	2.46774e-19	3.13295e-19
22344.10000	2.34992e-19	3.15641e-19
22346.30000	4.51307e-19	3.23551e-19
22348.50000	2.56301e-19	3.09096e-19
22350.60000	1.94569e-19	2.85583e-19
22352.80000	5.79315e-19	2.76638e-19
22355.00000	-2.36562e-19	2.75384e-19
22357.20000	-1.51785e-19	2.77655e-19
22359.30000	-4.29105e-19	2.84203e-19
22361.50000	5.77326e-20	3.19999e-19
22363.70000	3.34384e-19	2.96163e-19
22365.80000	2.74121e-19	2.88576e-19
22368.00000	7.37528e-20	2.83465e-19
22370.20000	1.74661e-19	2.80216e-19
22372.40000	2.33133e-19	2.78417e-19
22374.50000	-3.64493e-20	2.83418e-19
22376.70000	6.17890e-20	2.88416e-19
22378.90000	3.92664e-19	2.90069e-19
22381.00000	5.07896e-19	2.87154e-19
22383.20000	-1.99918e-19	2.84888e-19
22385.40000	1.51580e-19	2.86019e-19
22387.60000	-2.15149e-20	2.85973e-19
22389.70000	2.01495e-20	2.89069e-19
22391.90000	5.37397e-19	2.80097e-19
22394.10000	1.79774e-20	2.77410e-19
22396.20000	-6.10788e-20	2.74155e-19
22398.40000	1.20541e-19	2.77989e-19
22400.60000	7.53670e-22	2.84577e-19
22402.80000	-1.05522e-19	3.03870e-19
22404.90000	-6.87294e-20	2.82738e-19
22407.10000	3.20317e-20	2.79900e-19
22409.30000	3.53973e-20	2.86782e-19
22411.50000	1.02893e-19	2.90290e-19
22413.60000	1.98564e-19	2.98838e-19
22415.80000	-3.25774e-21	3.04670e-19
22418.00000	-1.82752e-19	3.04142e-19
22420.10000	-2.11287e-19	2.96114e-19
22422.30000	-5.22962e-19	2.94227e-19
22424.50000	-3.65664e-19	2.89085e-19
22426.70000	1.20915e-19	2.89999e-19
22428.80000	1.51533e-19	2.98472e-19
22431.00000	-2.60011e-19	3.10846e-19
22433.20000	-3.39091e-19	2.99788e-19
22435.30000	7.74636e-20	2.88139e-19
22437.50000	1.64259e-19	2.93479e-19
22439.70000	-1.95300e-19	2.99686e-19
22441.90000	6.41263e-20	3.00544e-19
22444.00000	9.04596e-20	2.94947e-19
22446.20000	3.64753e-19	2.87233e-19
22448.40000	2.64652e-19	2.78705e-19
22450.50000	-8.88969e-20	2.77092e-19
22452.70000	-1.26375e-19	2.77933e-19
22454.90000	3.73603e-20	2.85317e-19
22457.10000	2.82042e-19	3.21099e-19
22459.20000	-2.20558e-19	3.93941e-19
22461.40000	-3.69965e-19	4.22132e-19
22463.60000	1.19020e-19	3.79508e-19
22465.80000	-1.85030e-19	3.18506e-19
22467.90000	-2.24006e-19	3.04256e-19
22470.10000	-4.76697e-19	3.13856e-19
22472.30000	-4.28557e-20	3.18149e-19
22474.40000	-3.93050e-20	3.13475e-19
22476.60000	-1.14657e-19	3.06904e-19
22478.80000	-2.81526e-19	2.98992e-19
22481.00000	-4.91672e-19	2.96916e-19
22483.10000	2.66574e-19	3.01410e-19
22485.30000	2.06930e-19	2.97240e-19
22487.50000	-3.38486e-19	2.88246e-19
22489.60000	-2.41517e-19	2.88779e-19
22491.80000	-2.50981e-19	2.90244e-19
22494.00000	-1.87119e-19	2.90475e-19
22496.20000	-3.91639e-20	2.91775e-19
22498.30000	-3.81961e-21	2.98218e-19
22500.50000	-3.28101e-19	3.08614e-19
22502.70000	-2.27363e-19	2.97839e-19
22504.80000	1.00617e-19	3.00581e-19
22507.00000	-3.57245e-19	3.00229e-19
22509.20000	-5.52141e-19	2.99709e-19
22511.40000	-2.83060e-19	2.97869e-19
22513.50000	1.39765e-19	3.52526e-19
22515.70000	3.91200e-19	4.33474e-19
22517.90000	5.92331e-19	4.99995e-19
22520.10000	1.29380e-19	4.88840e-19
22522.20000	9.56908e-20	4.01885e-19
22524.40000	1.09723e-19	3.25063e-19
22526.60000	1.54806e-19	3.08842e-19
22528.70000	3.22299e-19	3.17853e-19
22530.90000	4.40208e-20	3.15773e-19
22533.10000	-2.17604e-19	3.01305e-19
22535.30000	-1.81321e-19	3.24700e-19
22537.40000	-7.93211e-20	3.41266e-19
22539.60000	2.68969e-19	3.16270e-19
22541.80000	1.77844e-19	3.20458e-19
22543.90000	7.05023e-20	3.22057e-19
22546.10000	5.77128e-20	3.14501e-19
22548.30000	2.62802e-19	3.19640e-19
22550.50000	-5.45440e-20	3.37042e-19
22552.60000	1.18869e-19	3.01553e-19
22554.80000	-3.37189e-19	3.04962e-19
22557.00000	-3.05250e-19	3.09888e-19
22559.10000	-2.75600e-19	3.10878e-19
22561.30000	-1.26453e-19	3.12134e-19
22563.50000	1.91873e-19	3.12343e-19
22565.70000	1.14482e-19	3.16908e-19
22567.80000	3.50551e-19	3.22952e-19
22570.00000	1.67575e-19	3.26029e-19
22572.20000	3.07985e-19	3.31828e-19
22574.40000	2.29521e-20	3.17704e-19
22576.50000	9.67758e-20	3.07302e-19
22578.70000	3.05780e-19	3.05213e-19
22580.90000	4.69980e-20	3.04227e-19
22583.00000	-3.26028e-19	3.04662e-19
22585.20000	-4.49221e-19	3.05127e-19
22587.40000	1.94014e-19	3.04353e-19
22589.60000	4.94705e-19	3.09219e-19
22591.70000	-7.72957e-20	3.07146e-19
22593.90000	-1.96388e-19	3.17372e-19
22596.10000	-1.40405e-19	3.14464e-19
22598.20000	8.44819e-20	3.05270e-19
22600.40000	2.60764e-19	3.05816e-19
22602.60000	5.24807e-19	3.07763e-19
22604.80000	3.61392e-19	3.10642e-19
22606.90000	-8.10259e-20	3.13914e-19
22609.10000	7.29180e-20	3.32422e-19
22611.30000	4.83061e-19	3.31650e-19
22613.40000	1.07674e-19	3.38104e-19
22615.60000	9.12336e-20	3.52515e-19
22617.80000	1.72871e-19	3.52246e-19
22620.00000	4.84268e-20	3.60741e-19
22622.10000	1.83790e-19	3.58573e-19
22624.30000	-3.97457e-19	3.46927e-19
22626.50000	-6.02864e-20	3.40376e-19
22628.60000	-1.28298e-19	3.21299e-19
22630.80000	-1.61367e-19	3.32557e-19
22633.00000	-2.80439e-19	3.20090e-19
22635.20000	-2.93380e-19	3.26299e-19
22637.30000	-2.60001e-20	3.25089e-19
22639.50000	-2.14946e-19	3.31634e-19
22641.70000	6.61287e-20	3.52531e-19
22643.90000	-2.80392e-19	3.48272e-19
22646.00000	-2.36099e-19	3.55967e-19
22648.20000	1.03992e-19	3.58933e-19
22650.40000	-1.95566e-21	3.50149e-19
22652.50000	-2.31291e-19	3.36342e-19
22654.70000	1.77241e-19	3.22600e-19
22656.90000	-4.37954e-19	3.23417e-19
22659.10000	-1.39832e-19	3.13103e-19
22661.20000	-6.08963e-20	3.02999e-19
22663.40000	4.50850e-20	3.02675e-19
22665.60000	7.26870e-20	3.08687e-19
22667.70000	4.83391e-19	3.08280e-19
22669.90000	-2.37444e-19	3.08201e-19
22672.10000	-1.95832e-19	3.12327e-19
22674.30000	-3.08628e-19	3.25433e-19
22676.40000	-2.44611e-19	3.21213e-19
22678.60000	3.43987e-19	3.25063e-19
22680.80000	-5.88042e-20	3.51781e-19
22682.90000	1.35107e-19	3.68144e-19
22685.10000	1.88463e-19	3.72549e-19
22687.30000	-1.35116e-19	3.95234e-19
22689.50000	3.50692e-20	4.21274e-19
22691.60000	-5.83585e-21	4.12753e-19
22693.80000	-1.87437e-19	3.75938e-19
22696.00000	3.62333e-19	3.40561e-19
22698.20000	3.12291e-19	3.28976e-19
22700.30000	-2.19769e-19	3.34766e-19
22702.50000	-3.25196e-19	3.44424e-19
22704.70000	-8.03437e-20	3.47024e-19
22706.80000	-5.21684e-19	3.37395e-19
22709.00000	-3.99925e-19	3.25419e-19
22711.20000	1.07952e-19	3.25683e-19
22713.40000	1.24079e-19	3.40400e-19
22715.50000	-7.21648e-20	3.59021e-19
22717.70000	-5.31179e-19	3.48147e-19
22719.90000	1.41127e-19	3.41488e-19
22722.00000	8.15472e-19	3.42641e-19
22724.20000	-3.92016e-19	3.48471e-19
22726.40000	-3.79765e-19	3.50982e-19
22728.60000	-5.70824e-20	3.41970e-19
22730.70000	-1.64889e-19	3.38248e-19
22732.90000	-2.47999e-19	3.40421e-19
22735.10000	-3.52190e-19	3.38761e-19
22737.20000	2.53971e-19	3.40336e-19
22739.40000	2.76473e-19	4.07530e-19
22741.60000	-7.85631e-19	4.38387e-19
22743.80000	-5.56511e-19	4.30869e-19
22745.90000	1.99268e-20	3.96425e-19
22748.10000	-1.93279e-19	3.58486e-19
22750.30000	9.35458e-20	3.45375e-19
22752.50000	6.82534e-20	3.60160e-19
22754.60000	-2.88136e-19	3.88600e-19
22756.80000	-2.37659e-19	4.07415e-19
22759.00000	-2.45780e-19	4.38886e-19
22761.10000	2.65611e-19	4.11583e-19
22763.30000	-2.48668e-20	3.71558e-19
22765.50000	1.11631e-19	3.59084e-19
22767.70000	-3.99091e-20	3.48242e-19
22769.80000	-5.33250e-20	3.48192e-19
22772.00000	-2.39441e-20	3.45986e-19
22774.20000	4.76185e-19	3.40623e-19
22776.30000	7.82600e-20	3.35036e-19
22778.50000	2.68178e-19	3.29123e-19
22780.70000	-4.50124e-19	3.34572e-19
22782.90000	-1.73972e-20	3.36915e-19
22785.00000	3.39296e-19	3.26579e-19
22787.20000	1.27606e-19	3.24202e-19
22789.40000	-3.06006e-19	3.21022e-19
22791.50000	-4.79750e-20	3.18789e-19
22793.70000	1.49968e-20	3.17418e-19
22795.90000	-1.29205e-19	3.20561e-19
22798.10000	-5.08408e-19	3.20660e-19
22800.20000	5.45476e-20	3.25016e-19
22802.40000	3.18755e-19	3.31901e-19
22804.60000	2.03024e-19	3.47196e-19
22806.80000	-7.66017e-20	3.72178e-19
22808.90000	-1.90614e-19	3.71566e-19
22811.10000	-6.17161e-20	3.55961e-19
22813.30000	9.99707e-21	3.63587e-19
22815.40000	1.16092e-19	3.52930e-19
22817.60000	-4.90283e-19	3.46546e-19
22819.80000	-2.15442e-19	3.33727e-19
22822.00000	-1.67042e-19	3.31195e-19
22824.10000	-3.13469e-19	3.56183e-19
22826.30000	-2.69782e-19	3.75887e-19
22828.50000	4.57466e-20	3.93022e-19
22830.60000	-3.37102e-19	3.98584e-19
22832.80000	9.12393e-19	3.85659e-19
22835.00000	1.90299e-19	3.67400e-19
22837.20000	-3.23912e-19	3.61978e-19
22839.30000	2.74502e-19	3.66113e-19
22841.50000	-3.88162e-19	3.67416e-19
22843.70000	-4.46892e-19	3.57925e-19
22845.80000	4.78686e-20	3.46693e-19
22848.00000	-3.11236e-19	3.41041e-19
22850.20000	-1.15747e-19	3.44704e-19
22852.40000	2.54164e-19	3.86439e-19
22854.50000	-5.14884e-19	3.75197e-19
22856.70000	-1.00174e-20	3.55981e-19
22858.90000	2.89121e-20	3.47327e-19
22861.00000	3.07802e-19	3.39608e-19
22863.20000	1.98339e-19	3.63533e-19
22865.40000	1.54213e-19	3.71607e-19
22867.60000	1.86609e-19	3.52056e-19
22869.70000	-8.64745e-21	3.38146e-19
22871.90000	-2.75168e-19	3.37493e-19
22874.10000	-4.37447e-19	3.37606e-19
22876.30000	-2.34693e-19	3.37049e-19
22878.40000	8.92561e-20	3.34759e-19
22880.60000	-2.42055e-19	3.35366e-19
22882.80000	-4.97439e-19	3.38166e-19
22884.90000	-1.43422e-19	3.65026e-19
22887.10000	-3.54807e-19	3.32650e-19
22889.30000	-4.37610e-20	3.37228e-19
22891.50000	1.93860e-19	3.48460e-19
22893.60000	-3.99932e-20	3.67671e-19
22895.80000	1.40419e-19	3.98206e-19
22898.00000	-8.06137e-20	4.12830e-19
22900.10000	-3.56811e-19	4.18321e-19
22902.30000	-4.21868e-19	4.08973e-19
22904.50000	-1.47658e-19	4.01880e-19
22906.70000	4.95503e-19	3.69615e-19
22908.80000	-1.51277e-20	3.75723e-19
22911.00000	6.10412e-20	3.74020e-19
22913.20000	-2.08556e-19	3.56433e-19
22915.30000	1.03684e-19	3.68416e-19
22917.50000	2.38934e-19	3.54460e-19
22919.70000	-1.62515e-19	3.58466e-19
22921.90000	-4.60851e-19	3.68312e-19
22924.00000	-1.74009e-19	3.77845e-19
22926.20000	-1.26169e-19	3.75797e-19
22928.40000	2.58281e-19	3.63613e-19
22930.60000	-4.43123e-19	3.52482e-19
22932.70000	1.31317e-19	3.47918e-19
22934.90000	2.93539e-19	3.54271e-19
22937.10000	2.02491e-19	3.87434e-19
22939.20000	5.04636e-19	4.07950e-19
22941.40000	6.65744e-19	4.01731e-19
22943.60000	4.22504e-20	3.90265e-19
22945.80000	1.62933e-19	3.87845e-19
22947.90000	2.42471e-20	3.97271e-19
22950.10000	-1.05002e-19	4.05026e-19
22952.30000	-1.96624e-19	4.12267e-19
22954.40000	2.82899e-20	4.22642e-19
22956.60000	-1.74812e-19	4.21063e-19
22958.80000	4.01592e-19	4.13904e-19
22961.00000	-8.70168e-19	4.20675e-19
22963.10000	3.76528e-19	3.96006e-19
22965.30000	7.87160e-20	3.80072e-19
22967.50000	5.93651e-19	3.73266e-19
22969.60000	1.47000e-19	3.62911e-19
22971.80000	-2.55125e-19	3.55073e-19
22974.00000	-3.15558e-19	3.55989e-19
22976.20000	-4.72065e-19	3.79059e-19
22978.30000	-4.49183e-19	3.79486e-19
22980.50000	3.29414e-20	4.07897e-19
22982.70000	2.50909e-19	4.29432e-19
22984.80000	2.92309e-20	4.53248e-19
22987.00000	-8.36256e-20	4.65321e-19
22989.20000	7.14718e-20	4.61160e-19
22991.40000	-5.12466e-19	4.23758e-19
22993.50000	-3.86264e-19	3.94559e-19
22995.70000	-5.60547e-19	3.82740e-19
22997.90000	-3.06263e-19	3.84146e-19
23000.10000	-1.61728e-19	4.29786e-19
23002.20000	2.77363e-19	4.27010e-19
23004.40000	-4.76930e-19	4.04566e-19
23006.60000	-6.72360e-19	4.10339e-19
23008.70000	-7.31040e-20	4.09966e-19
23010.90000	1.11323e-19	3.97796e-19
23013.10000	2.83860e-19	3.84517e-19
23015.30000	7.25354e-19	3.77991e-19
23017.40000	1.10005e-20	3.73844e-19
23019.60000	1.14439e-19	3.99606e-19
23021.80000	-2.30757e-19	3.72469e-19
23023.90000	-6.81309e-20	4.05582e-19
23026.10000	3.64796e-19	3.92444e-19
23028.30000	8.25238e-19	3.81298e-19
23030.50000	-3.66219e-19	3.80675e-19
23032.60000	-7.52472e-19	4.21814e-19
23034.80000	-2.09438e-19	4.02511e-19
23037.00000	-2.66338e-20	4.01009e-19
23039.10000	-3.76742e-19	4.51306e-19
23041.30000	-1.13095e-19	4.22438e-19
23043.50000	-7.07448e-19	4.09913e-19
23045.70000	-4.51688e-19	4.22588e-19
23047.80000	2.74446e-20	3.99060e-19
23050.00000	3.54646e-19	4.07314e-19
23052.20000	-3.24530e-19	3.85172e-19
23054.40000	-4.76238e-19	3.85930e-19
23056.50000	-3.69265e-19	3.78388e-19
23058.70000	-6.31064e-19	3.73886e-19
23060.90000	-6.56749e-20	3.71161e-19
23063.00000	1.32451e-19	3.69362e-19
23065.20000	-4.20022e-19	3.91936e-19
23067.40000	2.95911e-19	3.98173e-19
23069.60000	1.73597e-19	3.71073e-19
23071.70000	3.55712e-19	3.76035e-19
23073.90000	-3.15084e-19	3.91731e-19
23076.10000	2.71645e-19	4.05462e-19
23078.20000	-6.02772e-19	4.03305e-19
23080.40000	-8.24791e-19	3.86777e-19
23082.60000	-2.72719e-19	3.68462e-19
23084.80000	-1.20048e-19	3.60806e-19
23086.90000	-1.74147e-19	3.61225e-19
23089.10000	-3.47300e-20	3.84579e-19
23091.30000	-3.39469e-19	4.05552e-19
23093.40000	2.83833e-19	3.79496e-19
23095.60000	-3.62386e-19	3.67109e-19
23097.80000	1.44820e-19	3.62223e-19
23100.00000	-5.32486e-20	3.57238e-19
23102.10000	1.60211e-19	3.80213e-19
23104.30000	7.23998e-19	3.68469e-19
23106.50000	8.14080e-19	3.60495e-19
23108.70000	1.55030e-19	3.52854e-19
23110.80000	6.58375e-20	3.49768e-19
23113.00000	-2.81662e-19	3.47333e-19
23115.20000	-4.84695e-19	3.48852e-19
23117.30000	4.73407e-21	3.52324e-19
23119.50000	2.75299e-19	3.55437e-19
23121.70000	6.37384e-19	3.56017e-19
23123.90000	-5.39407e-21	3.57187e-19
23126.00000	-3.79032e-19	3.52795e-19
23128.20000	3.35714e-19	3.51292e-19
23130.40000	1.65180e-19	3.49654e-19
23132.50000	-9.56659e-20	3.50474e-19
23134.70000	2.08062e-19	3.53877e-19
23136.90000	2.40009e-19	3.68347e-19
23139.10000	2.75776e-19	3.55039e-19
23141.20000	1.67155e-19	3.54293e-19
23143.40000	-2.69841e-19	3.85613e-19
23145.60000	5.65558e-19	3.53907e-19
23147.70000	2.37015e-19	3.48792e-19
23149.90000	7.45293e-19	3.49524e-19
23152.10000	2.07278e-19	3.71583e-19
23154.30000	-4.33326e-19	3.94300e-19
23156.40000	-8.37360e-19	3.82142e-19
23158.60000	-6.55750e-19	3.98400e-19
23160.80000	-3.05476e-19	4.24400e-19
23162.90000	-6.25713e-19	4.66811e-19
23165.10000	-7.41530e-19	5.05794e-19
23167.30000	-1.00169e-19	5.94211e-19
23169.50000	3.41305e-19	6.31124e-19
23171.60000	7.01155e-19	6.32738e-19
23173.80000	-4.39710e-19	5.83897e-19
23176.00000	-6.45171e-19	5.42771e-19
23178.20000	-2.61467e-19	5.16659e-19
23180.30000	4.51495e-19	4.98659e-19
23182.50000	-2.40887e-19	4.83781e-19
23184.70000	1.04507e-18	4.65437e-19
23186.80000	2.61575e-19	4.44696e-19
23189.00000	-6.57246e-19	4.25978e-19
23191.20000	-1.82533e-19	4.11441e-19
23193.40000	8.73172e-20	4.08405e-19
23195.50000	-2.58059e-19	4.12598e-19
23197.70000	3.58975e-19	4.11155e-19
23199.90000	3.01275e-19	4.24383e-19
23202.00000	-4.35767e-19	4.10148e-19
23204.20000	2.55402e-19	4.07861e-19
23206.40000	5.97194e-19	4.13151e-19
23208.60000	6.70409e-19	4.14436e-19
23210.70000	5.96341e-19	4.03312e-19
23212.90000	3.56512e-19	3.92703e-19
23215.10000	1.57694e-19	3.94046e-19
23217.20000	-3.81639e-20	4.13747e-19
23219.40000	-3.24715e-19	4.72466e-19
23221.60000	-1.97752e-19	4.68500e-19
23223.80000	5.62913e-19	4.45765e-19
23225.90000	3.48569e-19	4.42987e-19
23228.10000	3.54829e-19	4.50997e-19
23230.30000	-4.79520e-19	4.33384e-19
23232.50000	-3.45447e-19	4.23505e-19
23234.60000	-5.14395e-19	4.12858e-19
23236.80000	-8.64513e-19	4.01923e-19
23239.00000	-5.72963e-20	4.10274e-19
23241.10000	2.52316e-19	3.93962e-19
23243.30000	-3.15474e-19	3.83695e-19
23245.50000	2.94677e-19	3.87499e-19
23247.70000	4.71896e-19	4.30964e-19
23249.80000	7.99462e-19	4.28645e-19
23252.00000	-3.74678e-20	4.40459e-19
23254.20000	-1.58175e-19	4.26898e-19
23256.30000	-2.91387e-20	4.11460e-19
23258.50000	1.14073e-19	3.98661e-19
23260.70000	2.37863e-19	3.98147e-19
23262.90000	1.35059e-19	4.30150e-19
23265.00000	-5.35524e-19	4.19039e-19
23267.20000	-1.01624e-18	4.22952e-19
23269.40000	-1.32878e-19	4.15888e-19
23271.50000	4.14383e-19	4.00551e-19
23273.70000	-1.05427e-18	4.34173e-19
23275.90000	-1.21883e-18	4.21824e-19
23278.10000	-3.46508e-19	3.94409e-19
23280.20000	5.33034e-19	4.00486e-19
23282.40000	1.03664e-19	4.08939e-19
23284.60000	2.58244e-19	4.26075e-19
23286.80000	-9.04180e-19	4.35100e-19
23288.90000	-1.58031e-19	4.27157e-19
23291.10000	-5.08589e-20	4.12865e-19
23293.30000	2.26061e-19	4.05857e-19
23295.40000	1.05513e-19	3.99151e-19
23297.60000	3.49568e-19	3.93855e-19
23299.80000	4.07274e-19	3.86843e-19
23302.00000	4.62298e-19	3.97703e-19
23304.10000	-6.98811e-21	3.86998e-19
23306.30000	1.83177e-20	3.87520e-19
23308.50000	-4.09875e-19	3.91641e-19
23310.60000	3.06276e-19	4.11464e-19
23312.80000	-2.43590e-19	4.24963e-19
23315.00000	-2.35451e-19	4.20205e-19
23317.20000	-4.58532e-20	4.27480e-19
23319.30000	-4.53841e-19	4.25459e-19
23321.50000	1.36386e-19	4.18571e-19
23323.70000	-2.73607e-19	4.12408e-19
23325.80000	-8.52963e-19	4.12808e-19
23328.00000	-4.12440e-19	4.10980e-19
23330.20000	2.81804e-19	4.37283e-19
23332.40000	-1.36988e-19	4.17215e-19
23334.50000	-4.57952e-20	4.11466e-19
23336.70000	-2.67567e-19	4.09234e-19
23338.90000	-5.81828e-19	4.26483e-19
23341.00000	-5.26878e-19	4.10543e-19
23343.20000	7.16231e-23	4.07224e-19
23345.40000	7.28938e-20	4.27380e-19
23347.60000	1.35887e-19	4.14359e-19
23349.70000	9.46703e-20	4.19431e-19
23351.90000	1.12794e-19	4.23774e-19
23354.10000	-2.58918e-19	4.15843e-19
23356.30000	-1.60519e-19	4.07052e-19
23358.40000	-3.20346e-19	4.10604e-19
23360.60000	4.72383e-19	4.32137e-19
23362.80000	1.41793e-20	4.33447e-19
23364.90000	-4.29826e-19	4.51523e-19
23367.10000	2.91049e-20	4.44163e-19
23369.30000	4.43851e-19	4.26231e-19
23371.50000	-8.74558e-19	4.18881e-19
23373.60000	1.60714e-19	4.33903e-19
23375.80000	-1.04475e-19	4.05786e-19
23378.00000	-2.75642e-19	3.92020e-19
23380.10000	-6.01994e-20	4.08224e-19
23382.30000	6.55560e-19	4.26068e-19
23384.50000	8.13096e-19	4.59521e-19
23386.70000	-1.24332e-19	4.49753e-19
23388.80000	1.85517e-19	4.49767e-19
23391.00000	4.17915e-20	4.41317e-19
23393.20000	2.29114e-20	4.30412e-19
23395.30000	9.18340e-20	4.36287e-19
23397.50000	7.21526e-19	4.60473e-19
23399.70000	6.21198e-19	5.19132e-19
23401.90000	3.35146e-20	5.50634e-19
23404.00000	2.85305e-19	5.20562e-19
23406.20000	1.48397e-19	4.92126e-19
23408.40000	-4.07633e-19	4.73677e-19
23410.60000	6.65138e-19	4.66748e-19
23412.70000	-3.27504e-19	4.70617e-19
23414.90000	-3.69429e-19	4.65665e-19
23417.10000	-6.00312e-19	4.58479e-19
23419.20000	-3.98735e-21	4.65680e-19
23421.40000	-3.83961e-19	4.68142e-19
23423.60000	-7.05374e-19	4.72545e-19
23425.80000	-2.93695e-19	4.32095e-19
23427.90000	9.65946e-20	4.35112e-19
23430.10000	-1.37359e-19	4.53788e-19
23432.30000	-3.45241e-20	4.30505e-19
23434.40000	3.02074e-19	4.44915e-19
23436.60000	1.88540e-19	4.50625e-19
23438.80000	4.32733e-19	4.49742e-19
23441.00000	1.15019e-19	4.42670e-19
23443.10000	-5.85268e-19	4.45337e-19
23445.30000	-2.61212e-19	4.51642e-19
23447.50000	4.31467e-19	4.71166e-19
23449.60000	7.57535e-20	4.89117e-19
23451.80000	3.74662e-19	4.94843e-19
23454.00000	7.81794e-20	4.79801e-19
23456.20000	2.82499e-19	4.65046e-19
23458.30000	2.69323e-19	4.53165e-19
23460.50000	2.09159e-19	4.47861e-19
23462.70000	2.07805e-19	4.51414e-19
23464.80000	2.97651e-19	4.63366e-19
23467.00000	6.21542e-19	4.73212e-19
23469.20000	9.73485e-19	4.75534e-19
23471.40000	8.27422e-19	4.77345e-19
23473.50000	1.02635e-19	4.83937e-19
23475.70000	-1.07076e-18	4.95310e-19
23477.90000	9.55607e-21	5.14494e-19
23480.10000	3.60082e-19	5.31830e-19
23482.20000	-3.90394e-20	5.35145e-19
23484.40000	-4.93614e-19	5.28005e-19
23486.60000	1.53242e-19	5.25379e-19
23488.70000	8.59066e-19	4.91056e-19
23490.90000	1.89344e-19	4.74135e-19
23493.10000	1.98270e-19	5.02402e-19
23495.30000	3.87494e-20	5.36061e-19
23497.40000	5.23861e-19	5.22482e-19
23499.60000	2.82975e-19	5.42140e-19
23501.80000	-4.80604e-19	5.48421e-19
23503.90000	-5.15354e-19	5.56106e-19
23506.10000	-5.46043e-19	5.78468e-19
23508.30000	-5.04438e-19	5.84279e-19
23510.50000	-3.38482e-19	5.63866e-19
23512.60000	-4.25904e-19	5.71538e-19
23514.80000	-2.62329e-19	6.24482e-19
23517.00000	-5.84308e-19	6.55063e-19
23519.10000	3.25691e-20	5.94210e-19
23521.30000	-2.43877e-19	6.21334e-19
23523.50000	3.64910e-19	7.44019e-19
23525.70000	-5.11672e-19	6.80953e-19
23527.80000	-5.52210e-19	6.19484e-19
23530.00000	8.04697e-19	5.53110e-19
23532.20000	5.85099e-20	5.32359e-19
23534.40000	-2.99796e-19	5.30888e-19
23536.50000	-1.32954e-19	5.18600e-19
23538.70000	-4.72593e-19	4.92569e-19
23540.90000	3.10821e-20	4.60140e-19
23543.00000	-1.62840e-19	4.40982e-19
23545.20000	4.80267e-19	4.40652e-19
23547.40000	7.42695e-19	4.49526e-19
23549.60000	-1.12248e-19	4.53580e-19
23551.70000	-5.45210e-19	4.57396e-19
23553.90000	3.18773e-19	4.69529e-19
23556.10000	-7.91476e-19	5.13449e-19
23558.20000	-1.02954e-18	5.55498e-19
23560.40000	7.52585e-19	5.84041e-19
23562.60000	5.43333e-20	6.35592e-19
23564.80000	-2.26105e-19	5.61039e-19
23566.90000	-5.28942e-19	5.09787e-19
23569.10000	-2.66624e-19	4.95731e-19
23571.30000	2.21914e-19	4.88372e-19
23573.40000	-7.23231e-19	4.75520e-19
23575.60000	2.33760e-19	4.65876e-19
23577.80000	4.74845e-19	4.68919e-19
23580.00000	-1.78883e-19	4.89467e-19
23582.10000	6.93044e-20	5.36999e-19
23584.30000	-4.01647e-19	6.05386e-19
23586.50000	9.73961e-19	6.61891e-19
23588.70000	7.28052e-19	6.57486e-19
23590.80000	9.07448e-19	6.23364e-19
23593.00000	6.13815e-19	5.35905e-19
23595.20000	-5.76140e-19	4.77561e-19
23597.30000	-4.88598e-19	4.53176e-19
23599.50000	-2.88143e-19	4.58405e-19
23601.70000	-1.61269e-18	4.92128e-19
23603.90000	-8.24064e-19	4.70220e-19
23606.00000	-3.24266e-19	4.49257e-19
23608.20000	-4.51574e-19	4.49510e-19
23610.40000	-5.90668e-19	4.56947e-19
23612.50000	-6.76937e-20	4.78571e-19
23614.70000	-4.83117e-19	5.07993e-19
23616.90000	-1.22552e-19	5.26336e-19
23619.10000	-8.22518e-19	5.24759e-19
23621.20000	-9.35827e-19	3.57349e-19
23623.40000	1.27192e-19	1.49439e-20
23625.60000	7.36702e-20	7.11464e-21
