#a1689_z2_2p.J.1216.fc.1d.esc.txt
#Wavelength in (A) | Flux (erg/sec/cm2/A)| Flux Error
11530.00000	6.67258e-19	8.57322e-19
11531.30000	6.04859e-20	8.87611e-19
11532.60000	-1.27128e-18	9.00664e-19
11533.90000	-2.09475e-18	9.45589e-19
11535.20000	-2.58630e-18	1.40877e-18
11536.50000	1.44349e-18	3.46204e-18
11537.80000	-8.48725e-18	6.18714e-18
11539.10000	-4.69166e-18	6.91237e-18
11540.40000	-2.52252e-18	5.28445e-18
11541.70000	1.37531e-18	2.64878e-18
11543.00000	2.63969e-18	1.00687e-18
11544.30000	-2.01729e-18	8.46085e-19
11545.60000	-3.36578e-19	8.32315e-19
11546.90000	-2.02223e-18	7.41300e-19
11548.20000	-2.98814e-18	7.68965e-19
11549.50000	4.96067e-22	7.92112e-19
11550.90000	3.77193e-19	7.99707e-19
11552.20000	-2.10648e-18	9.42570e-19
11553.50000	-3.66773e-19	9.11286e-19
11554.80000	1.25257e-18	8.97285e-19
11556.10000	-4.72573e-19	8.81782e-19
11557.40000	-2.67855e-18	7.76988e-19
11558.70000	-8.78742e-19	7.31684e-19
11560.00000	-7.30591e-19	6.96068e-19
11561.30000	-1.98225e-18	7.46839e-19
11562.60000	-4.17062e-19	1.14090e-18
11563.90000	-1.93267e-19	2.03818e-18
11565.20000	-1.14556e-18	2.40133e-18
11566.50000	-1.48897e-18	1.92702e-18
11567.80000	-1.47711e-18	1.35968e-18
11569.10000	-1.37959e-18	1.01006e-18
11570.40000	-2.78610e-19	8.33040e-19
11571.70000	-6.89610e-19	7.71809e-19
11573.00000	-1.09676e-18	7.65438e-19
11574.30000	-3.94250e-19	9.85089e-19
11575.60000	6.92783e-19	1.17359e-18
11576.90000	9.80341e-19	1.16852e-18
11578.20000	8.08039e-20	9.98788e-19
11579.50000	-2.06564e-19	7.89078e-19
11580.80000	-1.28014e-18	7.62164e-19
11582.10000	2.85692e-19	7.00740e-19
11583.40000	8.56495e-19	6.67947e-19
11584.70000	6.68738e-19	6.59138e-19
11586.00000	2.71953e-19	7.03345e-19
11587.30000	-3.13977e-19	8.77063e-19
11588.60000	6.45997e-19	1.52887e-18
11589.90000	-1.14703e-18	3.87620e-18
11591.20000	-2.24552e-18	5.22925e-18
11592.60000	-1.83342e-18	4.60492e-18
11593.90000	-3.94774e-19	2.94623e-18
11595.20000	-4.46350e-20	1.27565e-18
11596.50000	-5.48820e-19	8.17341e-19
11597.80000	-3.81374e-19	6.96919e-19
11599.10000	-1.61072e-18	6.43392e-19
11600.40000	-2.26630e-18	7.31523e-19
11601.70000	1.85371e-19	6.72627e-19
11603.00000	9.03813e-19	6.34169e-19
11604.30000	5.03175e-19	6.27428e-19
11605.60000	7.79223e-19	5.86514e-19
11606.90000	-1.76450e-19	6.21897e-19
11608.20000	3.21276e-19	7.25705e-19
11609.50000	1.09146e-18	8.29836e-19
11610.80000	1.10370e-18	8.18786e-19
11612.10000	3.71627e-19	7.09992e-19
11613.40000	4.18851e-19	5.73650e-19
11614.70000	1.87601e-19	5.21665e-19
11616.00000	-3.84686e-20	5.56987e-19
11617.30000	1.44642e-18	5.66918e-19
11618.60000	1.39327e-18	5.58179e-19
11619.90000	7.88868e-19	6.03688e-19
11621.20000	4.12404e-19	5.95670e-19
11622.50000	-3.86526e-19	6.05300e-19
11623.80000	1.65718e-19	7.08172e-19
11625.10000	1.02196e-18	1.04460e-18
11626.40000	-9.48014e-19	2.03222e-18
11627.70000	-1.13112e-18	2.36169e-18
11629.00000	-1.56661e-18	1.94763e-18
11630.30000	-1.24861e-18	1.17539e-18
11631.60000	-2.41465e-19	7.37696e-19
11633.00000	1.84022e-19	6.48275e-19
11634.30000	2.06615e-19	6.67473e-19
11635.60000	-4.32759e-19	6.61992e-19
11636.90000	-3.73390e-19	6.82650e-19
11638.20000	-2.08593e-19	7.08132e-19
11639.50000	-5.71467e-19	7.11785e-19
11640.80000	-5.00455e-19	7.08815e-19
11642.10000	-1.12741e-19	6.91426e-19
11643.40000	8.59563e-19	6.37144e-19
11644.70000	7.24902e-19	5.87048e-19
11646.00000	4.54993e-19	6.25467e-19
11647.30000	7.88065e-19	9.24523e-19
11648.60000	2.47231e-18	2.08767e-18
11649.90000	8.68980e-19	3.37148e-18
11651.20000	-6.53543e-19	3.48980e-18
11652.50000	-1.73671e-18	2.52899e-18
11653.80000	-5.23675e-19	1.26629e-18
11655.10000	1.98474e-19	7.14633e-19
11656.40000	7.39423e-20	5.92361e-19
11657.70000	1.03301e-18	5.74973e-19
11659.00000	2.11119e-19	5.68245e-19
11660.30000	-5.53648e-19	5.50747e-19
11661.60000	-3.70340e-19	5.27256e-19
11662.90000	3.20316e-19	5.19030e-19
11664.20000	-5.39335e-20	4.93235e-19
11665.50000	-1.95264e-19	4.55500e-19
11666.80000	-1.62661e-18	4.71922e-19
11668.10000	-9.06030e-21	5.40927e-19
11669.40000	7.24142e-19	5.15768e-19
11670.70000	-3.52392e-19	5.75515e-19
11672.00000	4.93858e-19	7.30546e-19
11673.30000	1.76618e-20	7.86912e-19
11674.70000	-3.25346e-19	6.25185e-19
11676.00000	-3.09028e-19	5.95073e-19
11677.30000	8.32784e-19	6.92706e-19
11678.60000	1.10195e-18	8.24954e-19
11679.90000	6.25171e-20	8.27172e-19
11681.20000	-6.33712e-19	8.84527e-19
11682.50000	-1.74425e-18	8.96675e-19
11683.80000	1.29197e-18	7.96237e-19
11685.10000	5.31609e-19	7.27237e-19
11686.40000	-6.06772e-19	6.53010e-19
11687.70000	-8.67136e-20	4.92892e-19
11689.00000	-8.07440e-19	4.78401e-19
11690.30000	4.07186e-19	5.10352e-19
11691.60000	3.41097e-19	5.34864e-19
11692.90000	-1.96673e-19	6.45278e-19
11694.20000	-1.86189e-18	1.15748e-18
11695.50000	-1.59546e-18	1.67956e-18
11696.80000	-7.92718e-19	1.71346e-18
11698.10000	4.53881e-19	1.24501e-18
11699.40000	5.12935e-19	7.53738e-19
11700.70000	-3.67200e-20	5.28782e-19
11702.00000	5.79302e-20	4.65879e-19
11703.30000	6.08814e-19	4.97602e-19
11704.60000	1.10910e-19	4.98208e-19
11705.90000	-1.59830e-19	4.94793e-19
11707.20000	-1.04950e-18	5.02167e-19
11708.50000	3.13551e-19	4.87035e-19
11709.80000	5.66037e-19	5.06286e-19
11711.10000	4.33814e-19	5.28071e-19
11712.40000	2.64449e-19	7.45221e-19
11713.70000	-1.19314e-19	1.50394e-18
11715.00000	-8.92866e-19	2.32318e-18
11716.40000	-1.37470e-18	2.55439e-18
11717.70000	-1.53145e-18	1.97833e-18
11719.00000	-9.99422e-19	1.06725e-18
11720.30000	-7.24346e-19	6.18611e-19
11721.60000	4.13522e-19	5.00972e-19
11722.90000	1.53132e-19	5.06299e-19
11724.20000	-4.51477e-19	5.01973e-19
11725.50000	-1.80316e-18	5.22975e-19
11726.80000	-9.85381e-19	5.56600e-19
11728.10000	-2.22403e-19	5.41127e-19
11729.40000	-8.56607e-19	5.40941e-19
11730.70000	4.14830e-19	5.61337e-19
11732.00000	8.20475e-19	5.24558e-19
11733.30000	8.07377e-19	4.89692e-19
11734.60000	1.48948e-18	5.11655e-19
11735.90000	-2.27046e-18	4.16624e-19
11737.20000	9.51601e-20	4.80103e-19
11738.50000	-1.03298e-18	4.84322e-19
11739.80000	-6.02476e-19	5.23014e-19
11741.10000	-2.13501e-19	5.63552e-19
11742.40000	-5.19450e-21	5.13758e-19
11743.70000	2.69185e-19	4.87530e-19
11745.00000	-9.93805e-19	4.75654e-19
11746.30000	8.99349e-19	4.55295e-19
11747.60000	2.58830e-20	4.60481e-19
11748.90000	-7.74843e-20	4.16324e-19
11750.20000	2.05298e-19	4.98115e-19
11751.50000	3.57376e-19	4.90971e-19
11752.80000	7.33246e-19	4.96259e-19
11754.10000	9.23067e-19	5.22055e-19
11755.40000	-6.35643e-19	5.35087e-19
11756.80000	-7.00289e-19	6.00317e-19
11758.10000	-2.53104e-19	5.99305e-19
11759.40000	-7.68083e-19	5.55013e-19
11760.70000	-9.44210e-19	4.89081e-19
11762.00000	-2.70767e-19	4.86148e-19
11763.30000	-6.42760e-19	4.92319e-19
11764.60000	5.02334e-19	4.72632e-19
11765.90000	7.63549e-19	4.87176e-19
11767.20000	5.60198e-19	5.46014e-19
11768.50000	-1.98132e-18	8.24751e-19
11769.80000	-4.49024e-19	1.15817e-18
11771.10000	-1.26863e-18	1.29722e-18
11772.40000	-1.14966e-18	1.10835e-18
11773.70000	6.88075e-20	7.91492e-19
11775.00000	-2.84629e-19	5.91429e-19
11776.30000	-1.26141e-18	4.79508e-19
11777.60000	-4.15796e-19	4.71492e-19
11778.90000	1.63820e-19	4.91257e-19
11780.20000	-5.53377e-19	5.52039e-19
11781.50000	-6.12993e-19	6.47426e-19
11782.80000	-6.98218e-19	7.09079e-19
11784.10000	-9.64230e-19	7.34034e-19
11785.40000	1.41186e-19	1.13491e-18
11786.70000	2.64660e-18	1.78538e-18
11788.00000	1.85115e-18	1.76512e-18
11789.30000	1.68679e-18	1.71219e-18
11790.60000	1.17075e-18	1.23586e-18
11791.90000	3.38365e-19	7.55042e-19
11793.20000	1.05802e-18	6.24919e-19
11794.50000	-7.99167e-19	5.40102e-19
11795.80000	-2.18682e-19	4.77635e-19
11797.10000	-3.09937e-19	4.64170e-19
11798.50000	9.59908e-19	4.41757e-19
11799.80000	4.26543e-19	4.46771e-19
11801.10000	-1.12431e-19	4.61515e-19
11802.40000	2.79723e-19	4.89238e-19
11803.70000	-4.66405e-19	4.93712e-19
11805.00000	-3.87215e-19	5.34264e-19
11806.30000	-1.18617e-18	5.96191e-19
11807.60000	2.91139e-19	5.26021e-19
11808.90000	-1.62578e-19	5.13266e-19
11810.20000	4.94593e-19	5.33520e-19
11811.50000	-3.47344e-19	5.23082e-19
11812.80000	-5.07992e-19	4.63072e-19
11814.10000	-1.01056e-18	4.73299e-19
11815.40000	7.78667e-19	4.79792e-19
11816.70000	2.01960e-19	4.22299e-19
11818.00000	5.02622e-19	3.61395e-19
11819.30000	8.25696e-19	4.79122e-19
11820.60000	3.16339e-19	4.79150e-19
11821.90000	-8.04719e-20	4.89599e-19
11823.20000	8.86008e-19	4.63852e-19
11824.50000	-1.10967e-21	4.69171e-19
11825.80000	2.91298e-19	4.38658e-19
11827.10000	-1.90936e-19	4.33288e-19
11828.40000	-2.47493e-19	4.70329e-19
11829.70000	-2.46819e-19	4.31270e-19
11831.00000	1.39702e-18	4.42645e-19
11832.30000	-4.18064e-19	4.57295e-19
11833.60000	-3.04563e-19	4.59603e-19
11834.90000	-3.67317e-19	4.86703e-19
11836.20000	5.30036e-19	4.93254e-19
11837.50000	-3.84214e-19	4.80705e-19
11838.90000	1.92308e-19	4.75133e-19
11840.20000	-5.66869e-19	4.64379e-19
11841.50000	8.98416e-19	4.62923e-19
11842.80000	9.21902e-19	4.29309e-19
11844.10000	8.07950e-19	4.57637e-19
11845.40000	-4.88779e-19	4.58618e-19
11846.70000	1.12067e-19	4.71498e-19
11848.00000	3.53445e-19	5.21784e-19
11849.30000	4.65967e-19	9.14848e-19
11850.60000	5.63819e-20	9.30524e-19
11851.90000	2.76228e-19	9.55750e-19
11853.20000	-2.86646e-19	7.52763e-19
11854.50000	3.13361e-19	5.60258e-19
11855.80000	-2.20372e-19	4.94376e-19
11857.10000	-5.40161e-19	5.01697e-19
11858.40000	2.77830e-19	4.70249e-19
11859.70000	1.59339e-19	4.74854e-19
11861.00000	-1.01550e-18	4.93914e-19
11862.30000	-6.86398e-19	4.99662e-19
11863.60000	6.94872e-19	6.98257e-19
11864.90000	-2.94201e-19	1.02279e-18
11866.20000	-4.12171e-19	1.13373e-18
11867.50000	-1.68156e-19	1.02086e-18
11868.80000	7.72640e-19	7.64753e-19
11870.10000	7.35364e-20	6.00256e-19
11871.40000	-9.92809e-19	5.40728e-19
11872.70000	-5.18168e-19	5.29909e-19
11874.00000	2.95943e-19	5.01420e-19
11875.30000	5.92746e-19	3.62389e-19
11876.60000	-1.59138e-19	4.96695e-19
11877.90000	1.91528e-19	4.66025e-19
11879.20000	-7.58769e-19	4.86158e-19
11880.60000	2.37403e-19	4.67142e-19
11881.90000	1.69234e-18	4.33186e-19
11883.20000	1.27811e-19	4.60569e-19
11884.50000	-2.81280e-19	4.81781e-19
11885.80000	-5.28279e-19	5.24266e-19
11887.10000	-5.10548e-19	5.61503e-19
11888.40000	3.94485e-19	5.68295e-19
11889.70000	-2.27644e-19	5.43937e-19
11891.00000	1.25763e-19	5.09449e-19
11892.30000	4.69635e-19	4.70837e-19
11893.60000	-6.58509e-19	4.66449e-19
11894.90000	3.99522e-19	4.73742e-19
11896.20000	-1.89116e-19	4.70423e-19
11897.50000	1.45563e-18	4.77773e-19
11898.80000	1.24680e-19	5.50326e-19
11900.10000	1.65289e-19	6.22953e-19
11901.40000	1.25886e-18	6.51845e-19
11902.70000	4.29691e-19	6.54056e-19
11904.00000	-4.03455e-19	6.03792e-19
11905.30000	4.61815e-19	6.61783e-19
11906.60000	3.10986e-19	6.64567e-19
11907.90000	6.49597e-19	6.50557e-19
11909.20000	-3.78715e-19	6.67363e-19
11910.50000	-1.92598e-19	7.07796e-19
11911.80000	3.61208e-19	6.03880e-19
11913.10000	6.31801e-19	5.61347e-19
11914.40000	-5.37718e-19	5.79259e-19
11915.70000	1.22235e-18	6.09736e-19
11917.00000	-7.98880e-20	5.35364e-19
11918.30000	4.89765e-19	4.90605e-19
11919.60000	9.54999e-19	4.91591e-19
11921.00000	-7.77404e-20	4.97535e-19
11922.30000	-1.98837e-20	4.75788e-19
11923.60000	-6.73219e-19	4.46531e-19
11924.90000	2.71688e-19	4.53362e-19
11926.20000	3.19126e-19	4.50866e-19
11927.50000	-5.08301e-19	4.53997e-19
11928.80000	-5.33007e-19	4.61083e-19
11930.10000	2.85759e-19	4.54495e-19
11931.40000	1.36320e-18	5.01186e-19
11932.70000	4.19650e-19	5.12957e-19
11934.00000	1.10864e-18	5.33275e-19
11935.30000	7.84369e-19	6.40912e-19
11936.60000	1.30555e-18	7.26462e-19
11937.90000	-1.47269e-18	7.87160e-19
11939.20000	-5.61825e-19	7.47079e-19
11940.50000	-5.52177e-19	5.86764e-19
11941.80000	-6.57467e-19	4.87814e-19
11943.10000	8.00158e-19	4.46433e-19
11944.40000	4.70264e-19	4.31711e-19
11945.70000	-4.93412e-20	4.28568e-19
11947.00000	4.45784e-19	4.61254e-19
11948.30000	-5.98819e-19	5.28789e-19
11949.60000	-1.42447e-18	7.21044e-19
11950.90000	5.95276e-19	8.51407e-19
11952.20000	1.08832e-18	8.51494e-19
11953.50000	-1.15123e-18	6.94093e-19
11954.80000	-6.38879e-20	4.97999e-19
11956.10000	-8.09320e-19	4.82806e-19
11957.40000	-6.54590e-19	4.58571e-19
11958.70000	-2.09427e-19	4.47230e-19
11960.00000	6.17979e-19	4.28702e-19
11961.30000	3.52049e-20	4.57963e-19
11962.70000	5.55741e-19	4.41745e-19
11964.00000	5.32015e-19	4.55618e-19
11965.30000	-1.80431e-19	5.90497e-19
11966.60000	-1.64419e-20	1.00016e-18
11967.90000	5.67799e-19	1.35805e-18
11969.20000	6.14201e-20	1.33391e-18
11970.50000	-9.91886e-19	1.18463e-18
11971.80000	-1.35242e-18	1.21075e-18
11973.10000	3.24948e-19	1.39120e-18
11974.40000	2.20814e-18	1.51727e-18
11975.70000	1.21978e-18	1.36283e-18
11977.00000	-5.77007e-19	1.15191e-18
11978.30000	-1.07959e-18	6.90686e-19
11979.60000	-1.15769e-19	5.58591e-19
11980.90000	1.74828e-19	7.36106e-19
11982.20000	-2.45004e-19	1.05897e-18
11983.50000	-1.72788e-19	1.31044e-18
11984.80000	1.62389e-18	1.25144e-18
11986.10000	-3.02971e-19	1.42085e-18
11987.40000	1.57741e-18	1.90169e-18
11988.70000	2.18065e-18	2.12539e-18
11990.00000	8.75952e-19	1.68862e-18
11991.30000	1.05746e-18	9.06769e-19
11992.60000	1.25489e-18	5.05150e-19
11993.90000	4.83027e-19	4.74034e-19
11995.20000	1.15799e-19	4.63519e-19
11996.50000	-5.32368e-19	5.28577e-19
11997.80000	-1.12726e-18	8.72673e-19
11999.10000	6.33794e-19	1.35074e-18
12000.40000	-5.77541e-19	1.53979e-18
12001.70000	5.25798e-19	1.36405e-18
12003.10000	-1.39159e-18	1.11479e-18
12004.40000	1.40432e-18	1.42532e-18
12005.70000	-4.61696e-19	2.25892e-18
12007.00000	-1.24609e-18	2.68785e-18
12008.30000	-1.17717e-18	2.29694e-18
12009.60000	-5.38540e-19	1.24706e-18
12010.90000	-7.01604e-20	5.72054e-19
12012.20000	6.70690e-19	5.05397e-19
12013.50000	3.69726e-19	5.07455e-19
12014.80000	4.65113e-19	5.15107e-19
12016.10000	-2.02275e-19	4.63855e-19
12017.40000	-3.20388e-19	4.46840e-19
12018.70000	-4.09312e-19	4.72181e-19
12020.00000	1.13790e-19	4.97339e-19
12021.30000	-3.21090e-19	7.26037e-19
12022.60000	1.03853e-18	1.31833e-18
12023.90000	-3.75918e-19	1.74634e-18
12025.20000	-9.40586e-19	1.74900e-18
12026.50000	4.63210e-19	1.32409e-18
12027.80000	1.94950e-19	1.38144e-18
12029.10000	-2.36566e-18	2.19874e-18
12030.40000	-3.16753e-19	2.87937e-18
12031.70000	-6.61739e-19	2.75279e-18
12033.00000	3.49989e-19	1.74789e-18
12034.30000	-4.34752e-19	8.59876e-19
12035.60000	-3.35870e-19	6.23419e-19
12036.90000	2.14473e-19	5.04435e-19
12038.20000	1.12211e-20	4.55816e-19
12039.50000	3.73122e-19	5.11068e-19
12040.80000	7.06763e-19	6.76426e-19
12042.10000	3.64363e-19	7.28385e-19
12043.40000	-1.00259e-19	7.74272e-19
12044.80000	2.45600e-19	8.01038e-19
12046.10000	1.20188e-18	5.95168e-19
12047.40000	4.27556e-19	4.78792e-19
12048.70000	-3.31077e-20	4.44954e-19
12050.00000	-7.81376e-19	4.41519e-19
12051.30000	7.32828e-19	4.55765e-19
12052.60000	6.59333e-19	5.91436e-19
12053.90000	7.79169e-19	1.10884e-18
12055.20000	2.07517e-19	1.67379e-18
12056.50000	1.04231e-18	1.77782e-18
12057.80000	8.62976e-19	1.35069e-18
12059.10000	1.35647e-18	9.97014e-19
12060.40000	1.40776e-19	7.54214e-19
12061.70000	1.73111e-19	5.96269e-19
12063.00000	2.61010e-19	5.45273e-19
12064.30000	-4.37512e-20	5.42562e-19
12065.60000	-5.90003e-19	5.71027e-19
12066.90000	-6.23685e-19	5.61816e-19
12068.20000	7.50043e-19	5.09025e-19
12069.50000	4.57888e-19	4.76855e-19
12070.80000	-1.32475e-19	4.55311e-19
12072.10000	1.24619e-19	4.72553e-19
12073.40000	-7.06674e-20	4.40291e-19
12074.70000	8.69629e-20	4.60834e-19
12076.00000	5.52617e-19	4.37805e-19
12077.30000	1.99032e-19	4.82993e-19
12078.60000	-7.31589e-19	4.50136e-19
12079.90000	-5.95037e-19	4.43824e-19
12081.20000	-9.23329e-19	4.58994e-19
12082.50000	2.55653e-19	4.70045e-19
12083.80000	-6.01571e-19	4.67646e-19
12085.20000	-4.14445e-19	4.42127e-19
12086.50000	-6.16447e-21	4.23795e-19
12087.80000	4.02196e-20	4.65365e-19
12089.10000	4.03121e-19	4.86955e-19
12090.40000	-4.90948e-19	4.56968e-19
12091.70000	-5.47309e-19	4.42596e-19
12093.00000	-3.83481e-19	4.57873e-19
12094.30000	6.77997e-19	5.99896e-19
12095.60000	-9.95085e-20	6.63717e-19
12096.90000	2.13037e-19	7.14458e-19
12098.20000	4.66713e-19	6.72098e-19
12099.50000	5.84538e-19	5.86673e-19
12100.80000	7.32553e-20	4.87959e-19
12102.10000	-6.76081e-19	4.43567e-19
12103.40000	-1.46695e-18	4.38951e-19
12104.70000	-3.82054e-19	4.49040e-19
12106.00000	-8.52364e-19	4.49695e-19
12107.30000	9.83106e-20	4.52166e-19
12108.60000	5.81338e-19	4.49310e-19
12109.90000	3.88271e-19	4.39802e-19
12111.20000	-7.62387e-19	4.41924e-19
12112.50000	-5.43935e-20	4.45739e-19
12113.80000	-2.11747e-19	4.65890e-19
12115.10000	-5.64076e-19	4.94083e-19
12116.40000	8.95268e-19	6.51061e-19
12117.70000	-5.91872e-19	8.28308e-19
12119.00000	-2.39642e-18	1.45085e-18
12120.30000	-2.35535e-18	2.77135e-18
12121.60000	-2.10328e-18	4.24023e-18
12122.90000	-2.53409e-18	4.42414e-18
12124.20000	-1.08174e-18	3.14752e-18
12125.50000	2.27148e-18	1.29611e-18
12126.90000	1.09189e-18	5.92324e-19
12128.20000	3.33640e-19	5.86130e-19
12129.50000	-1.33746e-19	7.99901e-19
12130.80000	2.64890e-19	9.89307e-19
12132.10000	1.23190e-18	1.05214e-18
12133.40000	-8.18399e-19	1.48190e-18
12134.70000	-7.64906e-19	2.32863e-18
12136.00000	7.47288e-19	2.66630e-18
12137.30000	4.91028e-19	2.14473e-18
12138.60000	-1.19279e-20	1.09248e-18
12139.90000	4.32030e-19	6.82333e-19
12141.20000	3.23204e-19	7.66910e-19
12142.50000	5.07495e-19	8.58034e-19
12143.80000	1.98757e-19	8.03165e-19
12145.10000	3.77724e-19	6.75854e-19
12146.40000	6.80860e-19	6.23433e-19
12147.70000	1.31088e-18	6.69914e-19
12149.00000	-9.13547e-21	6.80442e-19
12150.30000	-5.73503e-19	5.79576e-19
12151.60000	-5.87960e-19	6.32548e-19
12152.90000	-2.33222e-19	1.03986e-18
12154.20000	-1.28102e-18	1.46229e-18
12155.50000	4.16970e-19	1.48772e-18
12156.80000	5.14085e-19	1.21268e-18
12158.10000	5.30055e-19	7.09894e-19
12159.40000	1.57901e-19	5.99335e-19
12160.70000	-3.98203e-19	5.82867e-19
12162.00000	-8.57099e-19	6.02306e-19
12163.30000	-2.20976e-19	6.05591e-19
12164.60000	1.09062e-19	5.78619e-19
12165.90000	4.62367e-19	5.63599e-19
12167.20000	8.31330e-19	5.55683e-19
12168.60000	6.46142e-19	5.10400e-19
12169.90000	-5.60955e-19	4.56319e-19
12171.20000	8.28148e-19	4.82897e-19
12172.50000	4.16970e-19	5.11426e-19
12173.80000	7.00931e-19	5.17088e-19
12175.10000	7.64001e-19	4.90684e-19
12176.40000	2.57174e-19	6.09084e-19
12177.70000	4.73375e-20	8.27155e-19
12179.00000	-5.07806e-19	9.37215e-19
12180.30000	-1.65547e-18	9.57014e-19
12181.60000	-1.10040e-18	8.79799e-19
12182.90000	5.12414e-19	5.71119e-19
12184.20000	-1.58141e-19	4.56280e-19
12185.50000	-3.57974e-19	4.29020e-19
12186.80000	-3.54715e-20	4.46784e-19
12188.10000	2.28300e-19	4.36415e-19
12189.40000	-3.09146e-19	4.53199e-19
12190.70000	-6.59767e-19	4.40524e-19
12192.00000	2.67252e-20	4.73074e-19
12193.30000	7.95949e-20	7.42219e-19
12194.60000	8.78338e-20	1.53492e-18
12195.90000	9.91262e-19	2.01497e-18
12197.20000	-4.20341e-19	1.90825e-18
12198.50000	3.63373e-19	1.14922e-18
12199.80000	1.11148e-18	5.59403e-19
12201.10000	-7.68307e-19	4.56275e-19
12202.40000	4.30265e-19	4.55025e-19
12203.70000	-2.47636e-19	4.64000e-19
12205.00000	-8.52287e-19	4.59196e-19
12206.30000	-1.67672e-19	4.36008e-19
12207.60000	-1.06987e-19	4.69198e-19
12209.00000	1.91453e-19	5.17691e-19
12210.30000	-4.98292e-19	5.69578e-19
12211.60000	5.78032e-20	5.84699e-19
12212.90000	6.87475e-19	5.50699e-19
12214.20000	7.57229e-19	4.78400e-19
12215.50000	6.55380e-20	4.28863e-19
12216.80000	-1.16454e-19	4.18271e-19
12218.10000	-3.30178e-19	4.48317e-19
12219.40000	1.03257e-18	5.01318e-19
12220.70000	4.51869e-19	4.66507e-19
12222.00000	2.03920e-19	4.88850e-19
12223.30000	8.23569e-19	5.05171e-19
12224.60000	-5.47018e-19	5.60866e-19
12225.90000	3.56715e-19	8.76084e-19
12227.20000	9.63339e-19	2.26051e-18
12228.50000	-3.21238e-19	3.82635e-18
12229.80000	1.43025e-18	3.76058e-18
12231.10000	-4.05556e-19	2.43772e-18
12232.40000	2.48800e-19	9.61806e-19
12233.70000	1.02870e-18	5.42976e-19
12235.00000	-8.66294e-20	5.28741e-19
12236.30000	1.05970e-18	6.02769e-19
12237.60000	6.46489e-19	7.10966e-19
12238.90000	-8.74017e-19	7.80298e-19
12240.20000	-6.16708e-20	7.29534e-19
12241.50000	-3.17057e-19	6.05453e-19
12242.80000	-4.26978e-19	4.85329e-19
12244.10000	-8.64876e-19	4.48571e-19
12245.40000	-4.99611e-19	4.98188e-19
12246.70000	3.84943e-19	6.17628e-19
12248.00000	5.51130e-19	7.06877e-19
12249.30000	9.11077e-19	7.43201e-19
12250.70000	2.75252e-19	6.76677e-19
12252.00000	4.77813e-19	5.88069e-19
12253.30000	3.34906e-19	5.84181e-19
12254.60000	-4.01132e-19	7.09649e-19
12255.90000	-1.63905e-19	1.60646e-18
12257.20000	4.86563e-18	2.22140e-18
12258.50000	-3.41135e-19	2.14860e-18
12259.80000	3.40166e-19	1.31338e-18
12261.10000	3.03558e-19	5.86891e-19
12262.40000	-1.52807e-20	4.29882e-19
12263.70000	-6.89526e-19	4.21298e-19
12265.00000	3.73895e-19	4.26818e-19
12266.30000	4.52454e-19	4.14134e-19
12267.60000	-4.33710e-19	4.24480e-19
12268.90000	4.22338e-19	4.20481e-19
12270.20000	6.11410e-19	4.08446e-19
12271.50000	4.42096e-20	4.15922e-19
12272.80000	-5.22149e-19	4.28659e-19
12274.10000	-1.13829e-19	4.70816e-19
12275.40000	2.44342e-20	4.63278e-19
12276.70000	-4.07670e-19	4.23402e-19
12278.00000	8.90490e-19	4.38741e-19
12279.30000	9.28219e-19	4.43883e-19
12280.60000	-4.07665e-19	4.63513e-19
12281.90000	-6.83097e-19	5.02740e-19
12283.20000	2.77215e-19	6.49615e-19
12284.50000	1.99633e-18	1.76545e-18
12285.80000	1.57647e-18	3.45051e-18
12287.10000	3.68088e-19	3.83455e-18
12288.40000	2.95503e-18	3.52785e-18
12289.70000	4.44329e-19	1.36823e-18
12291.10000	2.91843e-20	6.36544e-19
12292.40000	-6.27618e-19	5.59941e-19
12293.70000	-3.82666e-19	5.42526e-19
12295.00000	-2.22554e-19	5.39645e-19
12296.30000	1.12901e-18	6.00322e-19
12297.60000	1.35316e-18	7.16415e-19
12298.90000	-5.26733e-19	7.47081e-19
12300.20000	2.21300e-19	6.59745e-19
12301.50000	1.26034e-18	6.54103e-19
12302.80000	-4.90089e-19	6.69589e-19
12304.10000	2.00293e-19	6.60443e-19
12305.40000	1.07907e-18	5.96408e-19
12306.70000	1.79825e-18	5.99792e-19
12308.00000	4.35549e-19	5.61096e-19
12309.30000	9.82462e-19	5.41482e-19
12310.60000	-2.60429e-20	5.00965e-19
12311.90000	-1.96567e-19	5.17242e-19
12313.20000	-4.17415e-19	6.08517e-19
12314.50000	-9.82256e-19	6.51569e-19
12315.80000	-4.77744e-19	6.03766e-19
12317.10000	-3.90867e-21	5.14216e-19
12318.40000	-1.00935e-20	4.53900e-19
12319.70000	-1.98073e-18	4.56011e-19
12321.00000	-7.08949e-19	4.52997e-19
12322.30000	2.95359e-19	5.35131e-19
12323.60000	8.07825e-19	1.16456e-18
12324.90000	-2.57896e-18	1.97329e-18
12326.20000	3.43085e-19	2.20020e-18
12327.50000	-3.84414e-19	1.49273e-18
12328.80000	-6.01276e-20	7.32807e-19
12330.10000	5.48081e-19	4.53888e-19
12331.40000	-3.96129e-19	4.34884e-19
12332.80000	-4.36110e-19	4.41873e-19
12334.10000	-7.60326e-19	4.05326e-19
12335.40000	-1.24627e-19	4.18669e-19
12336.70000	7.39742e-19	4.21315e-19
12338.00000	1.53183e-18	4.38396e-19
12339.30000	-2.20943e-19	4.48585e-19
12340.60000	-2.66292e-20	4.46665e-19
12341.90000	-6.87955e-19	4.28783e-19
12343.20000	7.34996e-19	4.22529e-19
12344.50000	8.23678e-19	5.52612e-19
12345.80000	8.70166e-19	5.22585e-19
12347.10000	3.37862e-19	5.02011e-19
12348.40000	-2.87644e-19	7.86243e-19
12349.70000	-1.27355e-18	2.13776e-18
12351.00000	2.15109e-18	3.05580e-18
12352.30000	2.69672e-18	2.96906e-18
12353.60000	2.84182e-19	1.87697e-18
12354.90000	4.68045e-20	9.38132e-19
12356.20000	5.21536e-19	6.15827e-19
12357.50000	2.49112e-19	4.86606e-19
12358.80000	-4.69176e-20	4.49100e-19
12360.10000	-1.01881e-20	5.10024e-19
12361.40000	8.34153e-20	6.25890e-19
12362.70000	2.38494e-19	6.76031e-19
12364.00000	9.35336e-19	6.77593e-19
12365.30000	3.42421e-19	5.99959e-19
12366.60000	4.34565e-19	5.05281e-19
12367.90000	1.36910e-20	4.20449e-19
12369.20000	4.81362e-19	4.12823e-19
12370.50000	-4.37269e-20	4.13641e-19
12371.80000	-3.09401e-19	4.13233e-19
12373.20000	-1.96411e-19	4.03689e-19
12374.50000	-1.27143e-20	4.24346e-19
12375.80000	-2.77998e-19	4.22832e-19
12377.10000	2.45256e-20	4.28322e-19
12378.40000	-3.49221e-19	4.31887e-19
12379.70000	-1.66989e-19	4.24302e-19
12381.00000	5.50728e-19	4.30849e-19
12382.30000	1.63122e-19	4.12976e-19
12383.60000	-1.40518e-20	4.15284e-19
12384.90000	3.68043e-19	4.37344e-19
12386.20000	-1.74737e-19	3.97016e-19
12387.50000	-3.32986e-19	3.74650e-19
12388.80000	2.39030e-19	4.14660e-19
12390.10000	3.92318e-19	4.65644e-19
12391.40000	3.47299e-19	5.61803e-19
12392.70000	-4.47066e-19	6.62933e-19
12394.00000	-5.35159e-19	6.55080e-19
12395.30000	1.59022e-19	5.54666e-19
12396.60000	-1.28152e-19	4.87525e-19
12397.90000	-6.84888e-20	5.95668e-19
12399.20000	6.58869e-19	1.25662e-18
12400.50000	1.06080e-19	1.61115e-18
12401.80000	-3.71131e-19	1.44519e-18
12403.10000	6.76917e-19	8.63167e-19
12404.40000	-5.42895e-20	5.30624e-19
12405.70000	4.70446e-19	4.55989e-19
12407.00000	3.09554e-20	4.79378e-19
12408.30000	-4.84859e-20	4.31660e-19
12409.60000	3.30144e-19	4.47752e-19
12410.90000	-2.53872e-19	5.17899e-19
12412.20000	6.39384e-19	5.29370e-19
12413.50000	4.87608e-19	4.29790e-19
12414.90000	-1.37508e-19	4.43682e-19
12416.20000	2.64074e-19	4.39397e-19
12417.50000	2.14126e-19	4.54612e-19
12418.80000	-4.39342e-19	4.87013e-19
12420.10000	4.64273e-21	6.59434e-19
12421.40000	1.19578e-18	1.53530e-18
12422.70000	1.49261e-19	2.21659e-18
12424.00000	3.84636e-19	2.17405e-18
12425.30000	1.43417e-20	1.45339e-18
12426.60000	-1.12372e-18	8.54362e-19
12427.90000	2.13659e-19	6.73381e-19
12429.20000	2.50878e-19	5.79563e-19
12430.50000	2.55217e-19	4.80188e-19
12431.80000	3.83113e-19	4.33748e-19
12433.10000	-5.60572e-19	4.34870e-19
12434.40000	2.52196e-19	4.26841e-19
12435.70000	3.01083e-19	4.27368e-19
12437.00000	1.67590e-19	4.17041e-19
12438.30000	4.77439e-19	4.15794e-19
12439.60000	3.34168e-20	4.17435e-19
12440.90000	3.30544e-19	4.37356e-19
12442.20000	-4.25603e-19	4.59556e-19
12443.50000	-4.51668e-19	4.49216e-19
12444.80000	-6.90098e-19	4.31469e-19
12446.10000	-1.94756e-19	4.77598e-19
12447.40000	-4.16675e-20	5.35169e-19
12448.70000	-1.76601e-19	5.47265e-19
12450.00000	-4.15853e-19	5.63919e-19
12451.30000	-5.28124e-20	6.17348e-19
12452.60000	3.69161e-20	6.20562e-19
12453.90000	-5.55137e-19	5.54540e-19
12455.30000	-3.48506e-19	5.21782e-19
12456.60000	-3.41717e-19	5.44771e-19
12457.90000	1.64050e-19	6.09880e-19
12459.20000	3.91055e-19	5.57361e-19
12460.50000	-1.15139e-19	4.65751e-19
12461.80000	1.22558e-19	4.53491e-19
12463.10000	3.35858e-19	4.42089e-19
12464.40000	7.39050e-19	4.75948e-19
12465.70000	2.75580e-19	3.59405e-19
12467.00000	-8.02430e-19	4.66620e-19
12468.30000	3.86107e-20	4.63132e-19
12469.60000	3.03612e-19	4.40475e-19
12470.90000	-1.95524e-19	4.43382e-19
12472.20000	5.71899e-19	5.00999e-19
12473.50000	-4.79166e-19	6.00926e-19
12474.80000	-1.09098e-18	6.68474e-19
12476.10000	-1.55081e-19	6.80760e-19
12477.40000	4.03006e-19	7.00206e-19
12478.70000	-6.84153e-19	6.53690e-19
12480.00000	-1.00049e-18	7.31177e-19
12481.30000	-9.06662e-19	1.10641e-18
12482.60000	6.47841e-19	1.37144e-18
12483.90000	5.06475e-19	1.22447e-18
12485.20000	-6.19923e-19	8.38515e-19
12486.50000	-8.13346e-19	6.64904e-19
12487.80000	-3.34125e-19	5.83083e-19
12489.10000	8.09030e-19	5.01515e-19
12490.40000	9.90158e-19	4.55042e-19
12491.70000	3.75102e-19	4.40843e-19
12493.00000	5.01469e-20	4.67667e-19
12494.30000	-1.49470e-19	5.47046e-19
12495.60000	-3.41597e-19	6.42325e-19
12497.00000	-4.42839e-19	6.33910e-19
12498.30000	-1.76379e-19	5.92577e-19
12499.60000	-1.83755e-19	7.17258e-19
12500.90000	9.00814e-19	1.25311e-18
12502.20000	2.82372e-18	1.74602e-18
12503.50000	-5.04236e-19	1.54868e-18
12504.80000	-6.80593e-19	8.43448e-19
12506.10000	4.39892e-19	5.32843e-19
12507.40000	1.19123e-19	4.59344e-19
12508.70000	6.28447e-19	5.25747e-19
12510.00000	6.07983e-19	7.08545e-19
12511.30000	-3.72444e-19	8.15761e-19
12512.60000	-3.65737e-19	6.80567e-19
12513.90000	2.30134e-19	5.23335e-19
12515.20000	3.53470e-19	5.23098e-19
12516.50000	-5.03638e-20	5.36024e-19
12517.80000	-5.81565e-20	3.99574e-19
12519.10000	1.98005e-19	4.40960e-19
12520.40000	-2.22254e-19	4.38443e-19
12521.70000	6.64573e-20	4.45408e-19
12523.00000	-5.65127e-20	4.89342e-19
12524.30000	1.89291e-19	6.99792e-19
12525.60000	2.72719e-19	9.43659e-19
12526.90000	7.49405e-19	9.07671e-19
12528.20000	3.30175e-19	7.25466e-19
12529.50000	-4.07121e-20	5.70272e-19
12530.80000	-4.89208e-19	4.99566e-19
12532.10000	-8.50332e-19	4.86923e-19
12533.40000	-6.10468e-20	4.58403e-19
12534.70000	7.34495e-19	4.56683e-19
12536.00000	6.45805e-19	4.70736e-19
12537.40000	1.96066e-19	4.99252e-19
12538.70000	1.23623e-19	5.47434e-19
12540.00000	1.19250e-19	6.64831e-19
12541.30000	5.44655e-19	8.98671e-19
12542.60000	-1.09268e-19	9.80011e-19
12543.90000	-6.62415e-19	7.61912e-19
12545.20000	3.37884e-19	5.35451e-19
12546.50000	1.17963e-19	4.78862e-19
12547.80000	1.65131e-20	4.83927e-19
12549.10000	1.74698e-19	4.81615e-19
12550.40000	4.13590e-19	4.77763e-19
12551.70000	7.01965e-19	4.72773e-19
12553.00000	1.91650e-19	4.95390e-19
12554.30000	-1.95858e-19	5.23053e-19
12555.60000	-5.35555e-20	6.24253e-19
12556.90000	-3.66344e-20	8.63817e-19
12558.20000	-4.50581e-19	1.05286e-18
12559.50000	-3.77996e-19	8.83383e-19
12560.80000	2.72614e-19	5.73071e-19
12562.10000	-8.00145e-19	4.90961e-19
12563.40000	-2.40348e-19	4.72133e-19
12564.70000	6.16247e-20	4.56660e-19
12566.00000	4.88427e-19	4.65877e-19
12567.30000	7.11205e-19	4.94918e-19
12568.60000	-4.24029e-19	5.91877e-19
12569.90000	-1.99918e-19	8.35335e-19
12571.20000	-2.25772e-19	1.03552e-18
12572.50000	-6.73064e-20	1.11638e-18
12573.80000	2.99570e-19	1.06349e-18
12575.10000	4.93057e-19	9.26078e-19
12576.40000	8.77740e-20	6.91310e-19
12577.70000	-8.73435e-19	5.51070e-19
12579.10000	-6.67026e-19	5.28739e-19
12580.40000	9.58500e-19	5.43015e-19
12581.70000	7.09103e-19	5.30762e-19
12583.00000	-2.90565e-19	5.26544e-19
12584.30000	-7.11211e-20	5.74261e-19
12585.60000	1.87415e-19	6.87527e-19
12586.90000	1.57006e-19	9.17432e-19
12588.20000	9.92292e-19	1.23577e-18
12589.50000	3.83765e-20	1.41961e-18
12590.80000	3.50531e-19	1.35599e-18
12592.10000	-2.64630e-19	1.11549e-18
12593.40000	1.82480e-20	8.86987e-19
12594.70000	5.64226e-19	7.80360e-19
12596.00000	3.29373e-19	8.29772e-19
12597.30000	-4.55541e-19	9.15253e-19
12598.60000	-5.62098e-19	9.58844e-19
12599.90000	8.55280e-19	1.02018e-18
12601.20000	5.90249e-19	1.06766e-18
12602.50000	-1.06552e-18	1.10637e-18
12603.80000	2.72551e-20	1.18983e-18
12605.10000	8.62043e-19	1.19417e-18
12606.40000	-5.16112e-19	1.32097e-18
12607.70000	-1.15140e-18	1.39165e-18
12609.00000	-3.63280e-19	1.39615e-18
12610.30000	-8.40154e-19	1.29945e-18
12611.60000	-6.52916e-19	1.24357e-18
12612.90000	9.39635e-19	1.27056e-18
12614.20000	8.76996e-20	1.27531e-18
12615.50000	-1.11033e-19	1.29096e-18
12616.80000	-8.26272e-19	1.25193e-18
12618.10000	-1.21363e-18	1.19442e-18
12619.50000	-2.15348e-18	1.16046e-18
12620.80000	1.83849e-19	1.09593e-18
12622.10000	4.39849e-19	1.07034e-18
12623.40000	-5.20858e-20	1.13311e-18
12624.70000	-2.50767e-19	1.23318e-18
12626.00000	-2.97878e-19	1.28009e-18
12627.30000	-1.16562e-18	1.10390e-18
12628.60000	-1.07536e-18	9.57757e-19
12629.90000	-3.65997e-19	8.56148e-19
12631.20000	2.57889e-19	8.39581e-19
12632.50000	5.78062e-19	8.72071e-19
12633.80000	-1.14522e-19	1.00680e-18
12635.10000	-1.52305e-18	8.70030e-19
12636.40000	-8.03431e-19	9.15137e-19
12637.70000	-2.71762e-20	8.21198e-19
12639.00000	-4.17666e-19	7.88005e-19
12640.30000	-1.32093e-18	9.44246e-19
12641.60000	-5.32665e-19	1.17354e-18
12642.90000	-5.26093e-19	1.33054e-18
12644.20000	5.40962e-19	1.04540e-18
12645.50000	-6.07068e-19	7.96192e-19
12646.80000	2.21821e-19	7.77418e-19
12648.10000	6.45521e-19	8.09997e-19
12649.40000	-1.10476e-19	8.25574e-19
12650.70000	2.72414e-19	7.68076e-19
12652.00000	-2.44770e-19	7.10016e-19
12653.30000	1.11437e-18	6.36088e-19
12654.60000	6.37609e-19	6.98511e-19
12655.90000	3.28952e-19	8.50444e-19
12657.20000	8.35217e-19	9.28173e-19
12658.50000	-6.97375e-19	1.07462e-18
12659.80000	6.66937e-19	1.25215e-18
12661.20000	1.01453e-18	1.26362e-18
12662.50000	-6.23543e-19	1.02772e-18
12663.80000	-7.53267e-19	1.03049e-18
12665.10000	9.41596e-19	1.16547e-18
12666.40000	8.52170e-19	1.28035e-18
12667.70000	-1.03881e-18	1.16606e-18
12669.00000	6.24497e-19	9.84815e-19
12670.30000	2.20592e-19	8.23428e-19
12671.60000	-1.18627e-19	8.24455e-19
12672.90000	1.03453e-18	1.27073e-18
12674.20000	9.83653e-19	1.54476e-18
12675.50000	-7.61572e-19	1.64208e-18
12676.80000	-5.52123e-19	1.12789e-18
12678.10000	-6.09449e-19	7.59351e-19
12679.40000	1.31694e-19	6.94133e-19
12680.70000	-8.31240e-19	1.01414e-18
12682.00000	-2.52064e-19	1.93216e-18
12683.30000	2.99448e-18	3.03341e-18
12684.60000	-1.12254e-18	3.79951e-18
12685.90000	-3.44483e-18	3.78884e-18
12687.20000	2.47375e-18	3.51686e-18
12688.50000	-3.48251e-19	3.11649e-18
12689.80000	-3.44193e-19	2.86674e-18
12691.10000	7.03431e-19	2.70383e-18
12692.40000	1.02606e-18	2.61008e-18
12693.70000	1.22978e-18	2.40346e-18
12695.00000	-2.43763e-18	2.39663e-18
12696.30000	1.13215e-18	2.52432e-18
12697.60000	-2.08930e-19	2.50279e-18
12698.90000	2.40880e-18	2.39516e-18
12700.20000	7.86864e-19	2.20872e-18
12701.50000	-1.51797e-18	1.96764e-18
12702.90000	4.02518e-19	1.59929e-18
12704.20000	-1.88460e-19	1.33229e-18
12705.50000	9.63873e-19	1.45657e-18
12706.80000	7.65888e-20	1.48976e-18
12708.10000	7.35310e-19	1.62913e-18
12709.40000	7.29434e-19	1.74715e-18
12710.70000	-9.60468e-19	2.01268e-18
12712.00000	1.87656e-18	1.22819e-18
12713.30000	-3.52908e-19	7.84881e-19
12714.60000	-3.95072e-19	7.49972e-19
12715.90000	-3.75697e-20	9.59959e-19
12717.20000	-1.98325e-18	1.07035e-18
12718.50000	8.99520e-19	1.28735e-18
12719.80000	-2.96356e-19	1.35032e-18
12721.10000	1.79584e-18	1.25978e-18
12722.40000	3.62285e-20	9.73851e-19
12723.70000	1.15887e-18	1.25864e-18
12725.00000	6.77732e-19	1.56602e-18
12726.30000	1.44122e-19	1.75639e-18
12727.60000	-1.11305e-18	1.34146e-18
12728.90000	-1.03380e-18	1.28815e-18
12730.20000	-3.36446e-19	1.25679e-18
12731.50000	1.95872e-19	1.14467e-18
12732.80000	4.83949e-19	7.64749e-19
12734.10000	-6.06448e-20	6.06874e-19
12735.40000	3.61161e-19	7.19379e-19
12736.70000	1.43506e-18	1.05337e-18
12738.00000	9.74403e-19	1.17919e-18
12739.30000	7.73178e-19	1.35415e-18
12740.60000	-4.98372e-19	1.34680e-18
12741.90000	-4.94307e-19	1.38124e-18
12743.30000	6.97242e-19	1.61209e-18
12744.60000	6.89023e-19	1.72148e-18
12745.90000	4.07799e-19	1.74687e-18
12747.20000	1.73085e-18	1.72634e-18
12748.50000	2.67519e-18	1.85506e-18
12749.80000	-5.68638e-19	1.93045e-18
12751.10000	9.51273e-19	2.21562e-18
12752.40000	3.26871e-19	2.38943e-18
12753.70000	-1.37742e-18	2.08919e-18
12755.00000	-5.39429e-19	1.35615e-18
12756.30000	-7.89551e-19	9.32893e-19
12757.60000	-9.61397e-19	1.21525e-18
12758.90000	1.25356e-20	1.72427e-18
12760.20000	-5.90416e-19	2.09774e-18
12761.50000	2.47806e-18	2.28643e-18
12762.80000	6.52195e-19	2.78266e-18
12764.10000	1.36342e-18	2.96961e-18
12765.40000	-3.11362e-19	2.45842e-18
12766.70000	-1.67098e-19	1.34971e-18
12768.00000	9.08737e-19	8.30297e-19
12769.30000	1.44828e-19	1.08943e-18
12770.60000	-9.07513e-19	1.55128e-18
12771.90000	-1.35590e-18	1.70008e-18
12773.20000	-9.02360e-19	1.73738e-18
12774.50000	4.22384e-19	1.75176e-18
12775.80000	-2.45160e-19	1.98135e-18
12777.10000	5.69120e-19	1.89352e-18
12778.40000	-1.39128e-18	1.55881e-18
12779.70000	1.93808e-18	1.25664e-18
12781.00000	2.45167e-18	2.45487e-18
12782.30000	-1.29671e-19	3.26749e-18
12783.60000	1.80651e-18	3.35243e-18
12785.00000	3.48348e-18	2.69949e-18
12786.30000	2.70867e-19	1.81581e-18
12787.60000	-1.21841e-18	1.17278e-18
12788.90000	-2.32020e-19	7.03928e-19
12790.20000	-9.48629e-19	5.38971e-19
12791.50000	-4.17229e-19	5.33351e-19
12792.80000	1.04843e-18	7.70196e-19
12794.10000	1.50786e-19	1.15966e-18
12795.40000	8.34591e-19	1.23070e-18
12796.70000	2.10607e-19	1.28322e-18
12798.00000	7.93985e-19	1.25256e-18
12799.30000	-2.77781e-19	1.49319e-18
12800.60000	5.86227e-19	1.90519e-18
12801.90000	3.25001e-18	2.07586e-18
12803.20000	5.27159e-19	2.12392e-18
12804.50000	-3.59304e-19	2.18819e-18
12805.80000	-2.10889e-18	2.94050e-18
12807.10000	1.12623e-18	2.99111e-18
12808.40000	-2.82032e-18	2.35777e-18
12809.70000	-4.51694e-19	1.41931e-18
12811.00000	1.56093e-19	9.93465e-19
12812.30000	-2.92885e-19	6.54079e-19
12813.60000	2.33151e-19	5.39460e-19
12814.90000	-1.30051e-19	5.11346e-19
12816.20000	4.95079e-19	5.23274e-19
12817.50000	1.31948e-18	6.63857e-19
12818.80000	4.85654e-19	8.20314e-19
12820.10000	2.64824e-19	7.77396e-19
12821.40000	4.92631e-19	8.45003e-19
12822.70000	7.26724e-19	1.16197e-18
12824.00000	5.04663e-19	1.62433e-18
12825.40000	-4.79831e-19	1.52244e-18
12826.70000	-8.59134e-19	1.05446e-18
12828.00000	6.53700e-19	6.74207e-19
12829.30000	7.58558e-19	5.94910e-19
12830.60000	4.10250e-19	7.43452e-19
12831.90000	2.61546e-19	1.02540e-18
12833.20000	6.63127e-19	1.64046e-18
12834.50000	-1.21986e-19	1.85247e-18
12835.80000	-4.36767e-19	1.53009e-18
12837.10000	-8.70038e-20	8.83554e-19
12838.40000	-3.45234e-19	5.71950e-19
12839.70000	-1.68785e-19	4.91845e-19
12841.00000	5.65632e-19	4.88998e-19
12842.30000	1.45592e-19	5.54028e-19
12843.60000	-9.37255e-20	9.36267e-19
12844.90000	-8.23469e-19	1.38584e-18
12846.20000	3.05164e-19	1.37561e-18
12847.50000	1.08850e-18	9.60915e-19
12848.80000	5.28785e-19	6.31855e-19
12850.10000	3.26781e-19	5.13115e-19
12851.40000	-7.15481e-19	4.77840e-19
12852.70000	-7.31420e-19	4.59502e-19
12854.00000	-5.69104e-19	5.22279e-19
12855.30000	-5.16334e-19	5.59891e-19
12856.60000	-3.72688e-19	4.80468e-19
12857.90000	-2.76977e-19	4.89315e-19
12859.20000	2.57127e-19	4.90444e-19
12860.50000	3.18470e-19	4.91160e-19
12861.80000	3.13065e-19	5.22673e-19
12863.10000	-4.21586e-19	5.96583e-19
12864.40000	3.03566e-19	7.93760e-19
12865.70000	1.62744e-19	1.13190e-18
12867.10000	-4.93521e-19	1.19568e-18
12868.40000	3.37029e-19	9.10741e-19
12869.70000	8.43611e-19	6.75898e-19
12871.00000	1.49555e-19	6.68108e-19
12872.30000	-3.21257e-19	7.21762e-19
12873.60000	-1.85455e-19	6.27661e-19
12874.90000	-2.48591e-19	5.40982e-19
12876.20000	5.13449e-19	4.73759e-19
12877.50000	4.79890e-19	4.35541e-19
12878.80000	4.17275e-19	4.46034e-19
12880.10000	3.58147e-19	5.10107e-19
12881.40000	-1.20350e-19	6.66206e-19
12882.70000	-4.71870e-19	7.89273e-19
12884.00000	-2.70707e-19	7.47579e-19
12885.30000	4.51227e-19	7.07248e-19
12886.60000	7.64253e-19	8.31489e-19
12887.90000	2.62124e-19	9.64535e-19
12889.20000	-5.53707e-20	8.62132e-19
12890.50000	-4.77288e-19	6.35174e-19
12891.80000	-4.20204e-19	5.98016e-19
12893.10000	8.72035e-19	7.15320e-19
12894.40000	9.58193e-19	8.42121e-19
12895.70000	2.65712e-19	8.66782e-19
12897.00000	4.46097e-19	8.28075e-19
12898.30000	2.42775e-19	7.49615e-19
12899.60000	5.95494e-19	7.22926e-19
12900.90000	7.99482e-19	9.24028e-19
12902.20000	1.09538e-18	1.46866e-18
12903.50000	1.32018e-18	2.59343e-18
12904.80000	8.50580e-19	4.19194e-18
12906.10000	-4.02259e-18	4.26997e-18
12907.50000	-1.79924e-18	3.00380e-18
12908.80000	6.99831e-20	1.53578e-18
12910.10000	-6.58540e-20	9.67554e-19
12911.40000	4.31970e-19	7.17031e-19
12912.70000	9.71725e-19	6.22773e-19
12914.00000	3.40473e-19	7.28521e-19
12915.30000	-2.23212e-19	8.97309e-19
12916.60000	-1.88210e-20	9.18365e-19
12917.90000	2.74716e-19	1.02236e-18
12919.20000	8.45457e-19	1.63836e-18
12920.50000	-8.52810e-20	2.60652e-18
12921.80000	-2.46030e-19	2.55993e-18
12923.10000	-3.68010e-19	1.58580e-18
12924.40000	-4.64123e-19	8.00873e-19
12925.70000	-2.26795e-19	5.26361e-19
12927.00000	1.03488e-19	4.71510e-19
12928.30000	9.58375e-20	4.80091e-19
12929.60000	6.21642e-19	5.23553e-19
12930.90000	4.59893e-19	5.93511e-19
12932.20000	-6.08895e-19	6.11731e-19
12933.50000	-4.67972e-19	6.07779e-19
12934.80000	1.11404e-19	6.34906e-19
12936.10000	8.88117e-19	6.47888e-19
12937.40000	3.97569e-19	5.83147e-19
12938.70000	-1.42250e-21	4.96611e-19
12940.00000	-6.16811e-19	6.11315e-19
12941.30000	-1.50314e-18	1.08357e-18
12942.60000	1.02732e-18	1.53676e-18
12943.90000	1.30805e-18	1.49729e-18
12945.20000	2.63214e-19	9.87942e-19
12946.50000	-3.05054e-19	5.88806e-19
12947.80000	-1.15032e-19	4.65523e-19
12949.20000	-1.64919e-19	4.53293e-19
12950.50000	2.31971e-19	4.68966e-19
12951.80000	1.01180e-19	5.11704e-19
12953.10000	-4.35339e-19	5.77182e-19
12954.40000	-1.17347e-18	6.18127e-19
12955.70000	-9.54603e-20	5.73023e-19
12957.00000	-3.76228e-19	4.91944e-19
12958.30000	7.13338e-19	4.71797e-19
12959.60000	9.60881e-19	4.70085e-19
12960.90000	7.51849e-19	4.70742e-19
12962.20000	3.73075e-19	4.92237e-19
12963.50000	-1.85751e-21	5.18621e-19
12964.80000	-4.00610e-19	5.22804e-19
12966.10000	1.24452e-19	4.59728e-19
12967.40000	-1.03675e-19	4.23343e-19
12968.70000	-3.59217e-19	4.92357e-19
12970.00000	-2.05552e-19	7.11388e-19
12971.30000	2.17187e-19	9.25146e-19
12972.60000	-2.78727e-19	1.01198e-18
12973.90000	5.07797e-19	8.19225e-19
12975.20000	-4.20425e-20	5.93104e-19
12976.50000	-1.16298e-19	5.09380e-19
12977.80000	4.44635e-19	5.39262e-19
12979.10000	2.06710e-19	4.68483e-19
12980.40000	2.92310e-19	4.54490e-19
12981.70000	5.34627e-20	4.72997e-19
12983.00000	-5.41948e-19	7.77169e-19
12984.30000	-7.89465e-19	1.62557e-18
12985.60000	3.32092e-19	1.97787e-18
12986.90000	1.01938e-18	1.65928e-18
12988.20000	6.52273e-19	8.81024e-19
12989.60000	5.22295e-19	5.59928e-19
12990.90000	7.02153e-20	4.38892e-19
12992.20000	-2.23648e-19	4.06327e-19
12993.50000	-1.90772e-20	3.91998e-19
12994.80000	-3.19696e-19	3.86920e-19
12996.10000	-3.23720e-19	3.99498e-19
12997.40000	1.89860e-19	4.17236e-19
12998.70000	2.43484e-19	4.52741e-19
13000.00000	1.44565e-19	5.41919e-19
13001.30000	6.15422e-19	6.58526e-19
13002.60000	1.39284e-19	7.18382e-19
13003.90000	2.31391e-19	6.59136e-19
13005.20000	-2.28193e-19	5.90251e-19
13006.50000	-2.50845e-19	5.51699e-19
13007.80000	-2.78074e-19	5.87455e-19
13009.10000	-3.39606e-20	5.76060e-19
13010.40000	3.46705e-19	6.16865e-19
13011.70000	5.23686e-19	6.37716e-19
13013.00000	1.37469e-19	6.98274e-19
13014.30000	2.62144e-19	7.37918e-19
13015.60000	2.97218e-19	6.78705e-19
13016.90000	1.39457e-19	6.17910e-19
13018.20000	-6.10930e-19	7.92082e-19
13019.50000	2.02469e-19	1.85236e-18
13020.80000	1.68209e-18	3.49540e-18
13022.10000	-4.23890e-18	3.69813e-18
13023.40000	-3.94104e-19	2.50784e-18
13024.70000	2.57989e-19	1.19404e-18
13026.00000	1.24804e-19	6.06774e-19
13027.30000	2.16467e-19	4.43587e-19
13028.60000	-7.22532e-20	4.01234e-19
13029.90000	-1.60279e-19	3.99320e-19
13031.30000	-2.64471e-19	4.07207e-19
13032.60000	5.13479e-19	4.44664e-19
13033.90000	-3.90808e-19	3.97615e-19
13035.20000	-3.21484e-19	3.77548e-19
13036.50000	-8.12847e-20	3.82593e-19
13037.80000	1.54112e-19	3.84164e-19
13039.10000	7.68168e-20	4.02230e-19
13040.40000	4.67100e-19	3.89230e-19
13041.70000	3.40317e-19	4.03231e-19
13043.00000	3.60580e-19	4.40444e-19
13044.30000	4.46984e-19	4.62732e-19
13045.60000	2.81961e-19	4.47323e-19
13046.90000	3.75727e-20	4.48573e-19
13048.20000	4.73134e-19	5.14997e-19
13049.50000	2.64164e-20	7.47530e-19
13050.80000	2.93391e-19	1.57621e-18
13052.10000	-1.36131e-18	2.28164e-18
13053.40000	-1.08447e-18	2.26450e-18
13054.70000	-7.62628e-20	1.48864e-18
13056.00000	-1.24662e-18	8.32898e-19
13057.30000	-3.45160e-19	5.63427e-19
13058.60000	2.80821e-19	4.76762e-19
13059.90000	2.78348e-19	5.23412e-19
13061.20000	3.08077e-19	5.07876e-19
13062.50000	3.95894e-19	4.53611e-19
13063.80000	9.35755e-20	3.94864e-19
13065.10000	-2.65186e-19	3.82695e-19
13066.40000	3.90779e-19	3.67675e-19
13067.70000	2.89754e-19	3.77956e-19
13069.00000	-3.08063e-19	3.78464e-19
13070.30000	-4.90624e-19	3.69315e-19
13071.70000	5.19388e-19	3.72997e-19
13073.00000	9.91405e-20	3.69972e-19
13074.30000	-1.83931e-19	3.90915e-19
13075.60000	2.74879e-19	3.95456e-19
13076.90000	-9.27578e-20	3.95658e-19
13078.20000	3.19893e-19	4.11985e-19
13079.50000	4.13665e-19	4.23789e-19
13080.80000	2.71256e-19	4.65579e-19
13082.10000	7.64695e-19	9.38368e-19
13083.40000	-6.71402e-19	2.68147e-18
13084.70000	1.21191e-19	3.75717e-18
13086.00000	5.09332e-19	3.61929e-18
13087.30000	4.30206e-19	2.23639e-18
13088.60000	4.59106e-19	1.17634e-18
13089.90000	1.01759e-19	5.59570e-19
13091.20000	1.72350e-19	4.15196e-19
13092.50000	5.57332e-19	3.77262e-19
13093.80000	6.49841e-21	3.71823e-19
13095.10000	-1.63229e-19	3.70278e-19
13096.40000	3.23283e-19	3.80947e-19
13097.70000	-1.03705e-19	3.89765e-19
13099.00000	-2.42237e-19	3.83613e-19
13100.30000	-6.55632e-20	3.98442e-19
13101.60000	-4.27109e-19	4.21783e-19
13102.90000	1.18028e-18	4.07200e-19
13104.20000	2.51748e-19	4.26714e-19
13105.50000	2.77675e-19	4.82990e-19
13106.80000	-3.79385e-19	5.28456e-19
13108.10000	2.05064e-19	4.69618e-19
13109.40000	-1.39016e-19	4.02165e-19
13110.70000	-6.73904e-19	3.89088e-19
13112.00000	2.57468e-19	3.55210e-19
13113.40000	-6.04460e-19	3.53671e-19
13114.70000	-2.47106e-19	3.53725e-19
13116.00000	9.84981e-20	3.61083e-19
13117.30000	-2.96459e-19	3.88816e-19
13118.60000	-2.71769e-19	4.00551e-19
13119.90000	3.46663e-19	3.67994e-19
13121.20000	-4.08359e-19	3.74450e-19
13122.50000	-3.02264e-19	4.60394e-19
13123.80000	8.87976e-19	5.95007e-19
13125.10000	3.59131e-19	9.70538e-19
13126.40000	9.18391e-19	1.89817e-18
13127.70000	3.75218e-18	2.21932e-18
13129.00000	1.62723e-18	1.93456e-18
13130.30000	2.51854e-19	1.18437e-18
13131.60000	3.06945e-19	8.04592e-19
13132.90000	-4.65257e-19	5.93424e-19
13134.20000	5.73432e-19	4.68382e-19
13135.50000	-1.93253e-19	4.08480e-19
13136.80000	3.64249e-19	4.23880e-19
13138.10000	1.37164e-19	5.32954e-19
13139.40000	-4.94087e-19	6.71574e-19
13140.70000	3.20621e-19	7.21036e-19
13142.00000	7.29283e-19	7.25894e-19
13143.30000	-2.49731e-19	6.53887e-19
13144.60000	-1.59215e-19	5.48523e-19
13145.90000	-7.12151e-21	4.25793e-19
13147.20000	-4.58052e-19	3.92046e-19
13148.50000	-1.30556e-19	4.20121e-19
13149.80000	8.58919e-19	4.35575e-19
13151.10000	3.54336e-19	3.94905e-19
13152.40000	-3.13205e-19	4.15084e-19
13153.80000	6.29129e-19	7.16431e-19
13155.10000	-1.35300e-18	1.95744e-18
13156.40000	-4.10308e-19	2.66068e-18
13157.70000	-6.37483e-19	2.57008e-18
13159.00000	-2.47559e-18	1.66187e-18
13160.30000	-8.10843e-19	7.84070e-19
13161.60000	5.50237e-19	4.86130e-19
13162.90000	9.62098e-19	4.08553e-19
13164.20000	-9.24654e-20	4.48682e-19
13165.50000	4.98601e-19	4.17057e-19
13166.80000	1.07772e-18	4.45573e-19
13168.10000	-2.70584e-19	3.85746e-19
13169.40000	-3.50218e-21	3.96056e-19
13170.70000	-2.55569e-20	3.86419e-19
13172.00000	-1.95035e-20	3.79735e-19
13173.30000	-9.75884e-20	4.04322e-19
13174.60000	-2.17986e-19	4.19006e-19
13175.90000	-8.57684e-20	3.59663e-19
13177.20000	2.49649e-22	3.67013e-19
13178.50000	1.25571e-19	3.92141e-19
13179.80000	-3.42965e-20	4.17018e-19
13181.10000	2.59194e-19	3.77630e-19
13182.40000	2.77296e-19	3.49370e-19
13183.70000	-4.78706e-19	3.49630e-19
13185.00000	9.01591e-19	3.53977e-19
13186.30000	3.75964e-19	3.54858e-19
13187.60000	1.11437e-18	3.60955e-19
13188.90000	1.08312e-18	3.75551e-19
13190.20000	1.26640e-18	3.45094e-19
13191.50000	1.44596e-18	3.63302e-19
13192.80000	1.95134e-18	3.40063e-19
13194.10000	1.31797e-18	3.33494e-19
13195.50000	9.53024e-19	3.35130e-19
13196.80000	2.78730e-19	3.57183e-19
13198.10000	5.33588e-19	3.67415e-19
13199.40000	3.67988e-19	4.00535e-19
13200.70000	1.38837e-18	4.03360e-19
13202.00000	1.19760e-18	4.06552e-19
13203.30000	2.22888e-18	3.92520e-19
13204.60000	1.48814e-18	4.00198e-19
13205.90000	7.30972e-19	4.06678e-19
13207.20000	5.32590e-19	5.08339e-19
13208.50000	1.12499e-19	1.00801e-18
13209.80000	-2.92281e-20	1.69113e-18
13211.10000	-1.61026e-18	1.78064e-18
13212.40000	-1.25748e-18	1.38282e-18
13213.70000	2.64209e-19	7.72564e-19
13215.00000	-8.37958e-20	5.80111e-19
13216.30000	7.82337e-19	5.45218e-19
13217.60000	6.53371e-19	5.14898e-19
13218.90000	4.55137e-19	4.89549e-19
13220.20000	9.57368e-20	5.09952e-19
13221.50000	2.25238e-19	5.65195e-19
13222.80000	9.96731e-20	5.50642e-19
13224.10000	7.73205e-20	4.80741e-19
13225.40000	1.04627e-19	4.29529e-19
13226.70000	-1.17110e-19	4.93425e-19
13228.00000	3.33784e-19	5.32550e-19
13229.30000	4.02608e-19	4.48228e-19
13230.60000	-5.04234e-20	4.15266e-19
13231.90000	5.35230e-19	4.56789e-19
13233.20000	4.13436e-19	7.30541e-19
13234.50000	4.40225e-19	1.82523e-18
13235.80000	-6.22260e-19	2.55918e-18
13237.20000	-1.46517e-18	2.57804e-18
13238.50000	6.41660e-19	1.51163e-18
13239.80000	-8.17631e-19	8.16466e-19
13241.10000	-6.77884e-19	5.13742e-19
13242.40000	2.13548e-19	4.20149e-19
13243.70000	-3.55506e-20	4.18140e-19
13245.00000	-7.94753e-20	4.64416e-19
13246.30000	-3.24371e-19	5.59234e-19
13247.60000	2.24482e-19	5.58519e-19
13248.90000	5.97231e-19	4.77804e-19
13250.20000	3.34454e-19	3.85970e-19
13251.50000	-1.45026e-19	3.49874e-19
13252.80000	-1.15326e-19	3.28594e-19
13254.10000	1.97166e-19	3.25085e-19
13255.40000	-5.65599e-20	3.34534e-19
13256.70000	-3.59533e-19	3.62849e-19
13258.00000	3.81514e-19	3.88822e-19
13259.30000	-5.83282e-20	3.67455e-19
13260.60000	9.28759e-20	3.45820e-19
13261.90000	8.90804e-20	3.37278e-19
13263.20000	2.44553e-22	3.33721e-19
13264.50000	2.33682e-19	3.53613e-19
13265.80000	5.88554e-19	4.69609e-19
13267.10000	-1.18354e-19	5.59412e-19
13268.40000	-5.45035e-19	5.64051e-19
13269.70000	4.73670e-19	4.90025e-19
13271.00000	4.73050e-19	4.16269e-19
13272.30000	2.01813e-19	3.69993e-19
13273.60000	4.45493e-20	3.88593e-19
13274.90000	-4.69258e-19	4.97074e-19
13276.20000	-2.69172e-19	6.03194e-19
13277.60000	-3.31555e-19	6.28956e-19
13278.90000	-6.12829e-19	6.14808e-19
13280.20000	8.21626e-20	5.84189e-19
13281.50000	9.67081e-20	5.67600e-19
13282.80000	-1.13134e-19	4.51580e-19
13284.10000	8.32783e-20	3.74886e-19
13285.40000	-7.42736e-19	3.41147e-19
13286.70000	-4.82388e-19	3.41231e-19
13288.00000	8.19978e-19	3.79788e-19
13289.30000	4.72842e-19	3.78610e-19
13290.60000	5.76018e-20	3.44652e-19
13291.90000	4.76967e-19	3.37984e-19
13293.20000	-1.95069e-19	3.45757e-19
13294.50000	4.11937e-21	3.62900e-19
13295.80000	5.91667e-19	4.03241e-19
13297.10000	3.59457e-20	4.88256e-19
13298.40000	-2.96146e-19	5.24919e-19
13299.70000	2.87884e-21	6.40764e-19
13301.00000	4.62185e-19	8.59738e-19
13302.30000	-5.60054e-19	9.06069e-19
13303.60000	-4.27097e-19	6.98282e-19
13304.90000	-1.71692e-19	4.74195e-19
13306.20000	2.08077e-19	3.67840e-19
13307.50000	-3.35711e-19	3.28256e-19
13308.80000	-3.48389e-19	3.21806e-19
13310.10000	-5.21031e-20	3.24880e-19
13311.40000	7.21749e-21	3.30640e-19
13312.70000	-1.71099e-19	3.41223e-19
13314.00000	1.59936e-19	3.54679e-19
13315.30000	7.58152e-20	3.92267e-19
13316.60000	-1.67957e-19	3.67273e-19
13317.90000	4.13588e-20	3.64152e-19
13319.30000	1.48009e-19	3.78320e-19
13320.60000	7.51719e-19	4.91818e-19
13321.90000	5.91789e-19	7.95203e-19
13323.20000	6.13607e-19	1.43970e-18
13324.50000	3.30262e-19	1.67112e-18
13325.80000	8.83318e-19	1.34556e-18
13327.10000	2.59290e-19	8.00428e-19
13328.40000	-1.47257e-19	5.18398e-19
13329.70000	-6.39461e-19	4.20503e-19
13331.00000	-4.85575e-20	3.54986e-19
13332.30000	-1.84253e-19	3.18834e-19
13333.60000	1.32835e-19	3.18660e-19
13334.90000	1.62218e-19	3.25335e-19
13336.20000	3.46372e-19	3.64147e-19
13337.50000	5.04200e-20	3.69265e-19
13338.80000	-1.59888e-19	4.13881e-19
13340.10000	2.46512e-19	4.69930e-19
13341.40000	-2.46360e-19	4.93059e-19
13342.70000	2.71738e-19	4.60790e-19
13344.00000	5.01208e-19	4.11870e-19
13345.30000	3.34069e-19	3.79643e-19
13346.60000	2.39188e-19	3.61243e-19
13347.90000	5.85219e-20	3.48109e-19
13349.20000	-3.39292e-19	3.40744e-19
13350.50000	3.79245e-20	3.74317e-19
13351.80000	4.72431e-19	4.41371e-19
13353.10000	-1.54728e-19	4.46865e-19
13354.40000	3.55568e-19	4.04377e-19
13355.70000	2.28045e-19	3.57173e-19
13357.00000	7.96191e-19	3.34109e-19
13358.30000	6.74603e-19	3.31669e-19
13359.70000	4.13528e-19	3.78232e-19
13361.00000	5.21572e-19	4.56207e-19
13362.30000	4.52866e-19	4.95141e-19
13363.60000	5.00062e-19	4.77820e-19
13364.90000	6.08916e-19	4.29358e-19
13366.20000	1.52301e-19	3.77780e-19
13367.50000	-4.19100e-19	3.39467e-19
13368.80000	3.51376e-20	3.02907e-19
13370.10000	4.86120e-19	2.95356e-19
13371.40000	-3.16432e-21	3.02119e-19
13372.70000	2.46568e-19	3.08433e-19
13374.00000	4.02655e-19	3.16601e-19
13375.30000	5.12851e-19	3.41410e-19
13376.60000	1.97278e-19	3.58732e-19
13377.90000	1.35594e-19	3.55381e-19
13379.20000	3.10125e-19	3.46453e-19
13380.50000	-3.81367e-21	3.70836e-19
13381.80000	6.01490e-20	3.71184e-19
13383.10000	3.97721e-19	3.75655e-19
13384.40000	2.60921e-19	3.65779e-19
13385.70000	-6.95519e-20	3.52466e-19
13387.00000	-1.01605e-20	3.23625e-19
13388.30000	1.99848e-19	3.21527e-19
13389.60000	-3.07271e-19	3.25095e-19
13390.90000	-2.00696e-19	3.41646e-19
13392.20000	-2.63289e-20	3.88175e-19
13393.50000	1.53231e-19	4.82385e-19
13394.80000	5.09604e-19	5.08325e-19
13396.10000	4.14138e-19	5.24217e-19
13397.40000	4.78898e-19	5.79888e-19
13398.70000	1.34086e-19	7.50530e-19
13400.00000	1.40980e-20	8.86941e-19
13401.40000	1.32445e-19	8.40433e-19
13402.70000	1.11441e-20	6.16500e-19
13404.00000	1.00916e-19	4.73962e-19
13405.30000	-1.19168e-19	4.48405e-19
13406.60000	1.64719e-19	4.74501e-19
13407.90000	-8.34045e-20	4.64105e-19
13409.20000	5.59495e-20	4.94240e-19
13410.50000	-1.35198e-19	4.50307e-19
13411.80000	2.81612e-19	4.52741e-19
13413.10000	3.31629e-19	5.31561e-19
13414.40000	1.37743e-19	5.79379e-19
13415.70000	4.43682e-19	5.83032e-19
13417.00000	3.81055e-19	5.94871e-19
13418.30000	6.83483e-19	7.98002e-19
13419.60000	-5.01137e-19	1.33294e-18
13420.90000	-1.52675e-18	1.73568e-18
13422.20000	-3.72400e-20	1.65394e-18
13423.50000	5.60634e-19	1.20283e-18
13424.80000	2.16704e-19	7.68138e-19
13426.10000	3.32798e-20	5.92778e-19
13427.40000	6.55582e-19	5.18241e-19
13428.70000	3.08999e-19	4.20880e-19
13430.00000	2.55970e-19	3.61715e-19
13431.30000	4.51240e-19	3.47113e-19
13432.60000	5.94421e-19	3.66037e-19
13433.90000	6.14477e-19	4.01884e-19
13435.20000	1.40652e-19	3.31842e-19
13436.50000	3.19597e-19	3.40692e-19
13437.80000	3.63693e-19	3.77793e-19
13439.10000	-4.85389e-19	3.41966e-19
13440.40000	-9.30305e-19	3.30903e-19
13441.80000	-4.88266e-19	3.35707e-19
13443.10000	-1.59722e-19	3.81256e-19
13444.40000	-3.89278e-19	4.32734e-19
13445.70000	4.59388e-19	5.06490e-19
13447.00000	5.60782e-19	5.95276e-19
13448.30000	8.46655e-19	6.65599e-19
13449.60000	8.98863e-19	6.26814e-19
13450.90000	1.95676e-20	5.59374e-19
13452.20000	2.93282e-19	5.30935e-19
13453.50000	-1.00461e-19	5.31619e-19
13454.80000	-6.74391e-19	4.21505e-19
13456.10000	-3.88906e-19	3.20108e-19
13457.40000	9.39760e-20	3.34720e-19
13458.70000	7.84795e-19	3.69176e-19
13460.00000	7.13411e-19	4.01906e-19
13461.30000	1.60332e-19	3.66771e-19
13462.60000	7.56572e-20	3.92717e-19
13463.90000	1.29394e-19	4.13571e-19
13465.20000	4.19369e-19	4.15495e-19
13466.50000	-2.46141e-19	4.28037e-19
13467.80000	-7.45160e-19	4.44485e-19
13469.10000	-5.16599e-19	4.55882e-19
13470.40000	-3.37974e-19	4.46650e-19
13471.70000	3.55821e-19	4.48750e-19
13473.00000	-1.93173e-19	4.51505e-19
13474.30000	-8.19287e-19	4.33897e-19
13475.60000	5.46766e-21	3.89126e-19
13476.90000	-3.43078e-19	3.86126e-19
13478.20000	-8.85342e-19	4.48241e-19
13479.50000	6.84193e-19	3.37003e-19
13480.80000	1.06359e-18	4.42609e-19
13482.10000	6.37736e-19	5.78031e-19
13483.50000	1.20473e-18	8.04809e-19
13484.80000	-2.85976e-19	9.87135e-19
13486.10000	9.12299e-20	9.59888e-19
13487.40000	1.51322e-18	8.47486e-19
13488.70000	6.29984e-19	7.94285e-19
13490.00000	-2.27943e-19	7.81685e-19
13491.30000	-6.63616e-19	7.22398e-19
13492.60000	-1.62351e-18	7.61952e-19
13493.90000	-2.06503e-18	7.45139e-19
13495.20000	5.33860e-19	6.98439e-19
13496.50000	1.40771e-18	8.77381e-19
13497.80000	2.09590e-18	8.68159e-19
13499.10000	7.69715e-19	6.18883e-19
13500.40000	1.09301e-18	3.82452e-19
13501.70000	-1.44400e-19	4.84466e-19
13503.00000	9.05119e-19	5.31580e-19
13504.30000	9.55362e-19	5.23704e-19
13505.60000	8.97400e-19	5.60046e-19
13506.90000	-4.46204e-19	9.36744e-19
13508.20000	1.30214e-19	1.54772e-18
13509.50000	7.84617e-19	1.91960e-18
13510.80000	-1.00766e-18	1.86173e-18
13512.10000	-1.59708e-18	1.65921e-18
13513.40000	2.60536e-18	1.33441e-18
13514.70000	1.93647e-18	1.10254e-18
13516.00000	-3.18585e-18	9.76048e-19
13517.30000	-6.31363e-19	8.56171e-19
13518.60000	-1.37192e-18	7.23525e-19
13519.90000	1.75458e-19	7.27627e-19
