#A1689_1.rest_UV.1000.resampled_noDC.txt
#Rest Wavelengths (A) | Resampled Luminosities (A^-1) | Resampled Lum. Errors
#
1135.00000	   0.00000	   0.00000
1135.72510	   0.00000	   0.00000
1136.45020	   0.00000	   0.00000
1137.17530	   0.00000	   0.00000
1137.90040	   0.00000	   0.00000
1138.62550	   0.00000	   0.00000
1139.35060	   0.00000	   0.00000
1140.07570	   0.00000	   0.00000
1140.80080	   0.00000	   0.00000
1141.52590	   0.00000	   0.00000
1142.25100	   0.00000	   0.00000
1142.97610	   0.00000	   0.00000
1143.70120	   0.00000	   0.00000
1144.42630	   0.00000	   0.00000
1145.15140	   0.00000	   0.00000
1145.87650	   0.00000	   0.00000
1146.60160	   0.00000	   0.00000
1147.32670	   0.00000	   0.00000
1148.05180	   0.00000	   0.00000
1148.77690	   0.00000	   0.00000
1149.50200	   0.00000	   0.00000
1150.22710	   0.00000	   0.00000
1150.95220	   0.00000	   0.00000
1151.67730	   0.00000	   0.00000
1152.40240	   0.00000	   0.00000
1153.12750	   0.00000	   0.00000
1153.85260	   0.00000	   0.00000
1154.57770	   0.00000	   0.00000
1155.30280	   0.00000	   0.00000
1156.02790	   0.00000	   0.00000
1156.75300	   0.00000	   0.00000
1157.47810	   0.00000	   0.00000
1158.20320	   0.00000	   0.00000
1158.92830	   0.00000	   0.00000
1159.65340	   0.00000	   0.00000
1160.37850	   0.00000	   0.00000
1161.10360	   0.00000	   0.00000
1161.82870	   0.00000	   0.00000
1162.55380	   0.00000	   0.00000
1163.27890	   0.00000	   0.00000
1164.00400	   0.00000	   0.00000
1164.72910	   0.00000	   0.00000
1165.45420	   0.00000	   0.00000
1166.17930	   0.00000	   0.00000
1166.90440	   0.00000	   0.00000
1167.62950	   0.00000	   0.00000
1168.35460	   0.00000	   0.00000
1169.07970	   0.00000	   0.00000
1169.80480	   0.00000	   0.00000
1170.52990	   0.00000	   0.00000
1171.25500	   0.00000	   0.00000
1171.98010	   0.00000	   0.00000
1172.70520	   0.00000	   0.00000
1173.43030	   0.00000	   0.00000
1174.15540	   0.00000	   0.00000
1174.88050	   0.00000	   0.00000
1175.60560	   0.00000	   0.00000
1176.33070	   0.00000	   0.00000
1177.05580	   0.00000	   0.00000
1177.78090	   0.00000	   0.00000
1178.50600	   0.00000	   0.00000
1179.23110	   0.00000	   0.00000
1179.95620	   0.00000	   0.00000
1180.68130	   0.00000	   0.00000
1181.40640	   0.00000	   0.00000
1182.13150	   0.00000	   0.00000
1182.85660	   0.00000	   0.00000
1183.58170	   0.00000	   0.00000
1184.30680	   0.00000	   0.00000
1185.03190	   0.00000	   0.00000
1185.75700	   0.00000	   0.00000
1186.48210	   0.00000	   0.00000
1187.20720	   0.00000	   0.00000
1187.93230	   0.00000	   0.00000
1188.65740	   0.00000	   0.00000
1189.38250	   0.00000	   0.00000
1190.10760	   0.00000	   0.00000
1190.83270	   0.00000	   0.00000
1191.55780	   0.00000	   0.00000
1192.28290	   0.00000	   0.00000
1193.00800	   0.00000	   0.00000
1193.73310	   0.00000	   0.00000
1194.45820	   0.00000	   0.00000
1195.18330	   0.00000	   0.00000
1195.90840	   0.00000	   0.00000
1196.63350	   0.00000	   0.00000
1197.35860	   0.00000	   0.00000
1198.08370	   0.00000	   0.00000
1198.80880	   0.00000	   0.00000
1199.53390	   0.00000	   0.00000
1200.25900	   0.00000	   0.00000
1200.98410	   0.00000	   0.00000
1201.70920	   0.00000	   0.00000
1202.43430	   0.00000	   0.00000
1203.15940	   0.00000	   0.00000
1203.88450	   0.00000	   0.00000
1204.60960	   0.00000	   0.00000
1205.33470	   0.00000	   0.00000
1206.05980	   0.00000	   0.00000
1206.78490	   0.00000	   0.00000
1207.51000	   0.00000	   0.00000
1208.23510	   0.00000	   0.00000
1208.96020	   0.00000	   0.00000
1209.68530	   0.00000	   0.00000
1210.41040	   0.00000	   0.00000
1211.13550	   0.00000	   0.00000
1211.86060	   0.00000	   0.00000
1212.58570	   0.00000	   0.00000
1213.31080	   0.00000	   0.00000
1214.03590	   0.00000	   0.00000
1214.76100	   0.00000	   0.00000
1215.48610	   0.00000	   0.00000
1216.21120	   0.00000	   0.00000
1216.93630	   0.00000	   0.00000
1217.66140	   0.00000	   0.00000
1218.38650	   0.00000	   0.00000
1219.11160	   0.00000	   0.00000
1219.83670	   0.00000	   0.00000
1220.56180	   0.00000	   0.00000
1221.28690	   0.00000	   0.00000
1222.01200	   0.00000	   0.00000
1222.73710	   0.00000	   0.00000
1223.46220	   0.00000	   0.00000
1224.18730	   0.00000	   0.00000
1224.91240	   0.00000	   0.00000
1225.63750	   0.00000	   0.00000
1226.36260	   0.00000	   0.00000
1227.08770	   0.00000	   0.00000
1227.81280	   0.00000	   0.00000
1228.53790	   0.00000	   0.00000
1229.26300	   0.00000	   0.00000
1229.98810	   0.00000	   0.00000
1230.71320	   0.00000	   0.00000
1231.43830	   0.00000	   0.00000
1232.16340	   0.00000	   0.00000
1232.88850	   0.00000	   0.00000
1233.61360	   0.00000	   0.00000
1234.33870	   0.00000	   0.00000
1235.06380	   0.00000	   0.00000
1235.78890	   0.00000	   0.00000
1236.51400	   0.00000	   0.00000
1237.23910	   0.00000	   0.00000
1237.96420	   0.00000	   0.00000
1238.68930	   0.00000	   0.00000
1239.41440	   0.00000	   0.00000
1240.13950	   0.00000	   0.00000
1240.86460	   0.00000	   0.00000
1241.58970	   0.00000	   0.00000
1242.31480	   0.00000	   0.00000
1243.03990	   0.00000	   0.00000
1243.76500	   0.00000	   0.00000
1244.49010	   0.00000	   0.00000
1245.21520	   0.00000	   0.00000
1245.94030	   0.00000	   0.00000
1246.66540	   0.00000	   0.00000
1247.39050	   0.00000	   0.00000
1248.11560	   0.00000	   0.00000
1248.84070	   0.00000	   0.00000
1249.56580	   0.00000	   0.00000
1250.29090	   0.00000	   0.00000
1251.01600	   0.00000	   0.00000
1251.74110	   0.00000	   0.00000
1252.46620	   0.00000	   0.00000
1253.19130	   0.00000	   0.00000
1253.91640	   0.00000	   0.00000
1254.64150	   0.00000	   0.00000
1255.36660	   0.00000	   0.00000
1256.09170	   0.00000	   0.00000
1256.81680	   0.00000	   0.00000
1257.54190	   0.00000	   0.00000
1258.26700	   0.00000	   0.00000
1258.99210	   0.00000	   0.00000
1259.71720	   0.00000	   0.00000
1260.44230	   0.00000	   0.00000
1261.16740	   0.00000	   0.00000
1261.89250	   0.00000	   0.00000
1262.61760	   0.00000	   0.00000
1263.34270	   0.00000	   0.00000
1264.06780	   0.00000	   0.00000
1264.79290	   0.00000	   0.00000
1265.51800	   0.00000	   0.00000
1266.24310	   0.00000	   0.00000
1266.96820	   0.00000	   0.00000
1267.69330	   0.00000	   0.00000
1268.41840	   0.00000	   0.00000
1269.14350	   0.00000	   0.00000
1269.86860	   0.00000	   0.00000
1270.59370	   0.00000	   0.00000
1271.31880	   0.00000	   0.00000
1272.04390	   0.00000	   0.00000
1272.76900	   0.00000	   0.00000
1273.49410	   0.00000	   0.00000
1274.21920	   0.00000	   0.00000
1274.94430	   0.00000	   0.00000
1275.66940	   0.00000	   0.00000
1276.39450	   0.00000	   0.00000
1277.11960	   0.00000	   0.00000
1277.84470	   0.00000	   0.00000
1278.56980	   0.00000	   0.00000
1279.29490	   0.00000	   0.00000
1280.02000	   0.00000	   0.00000
1280.74510	   0.00000	   0.00000
1281.47020	   0.00000	   0.00000
1282.19530	   0.00000	   0.00000
1282.92040	   0.00000	   0.00000
1283.64550	   0.00000	   0.00000
1284.37060	   0.00000	   0.00000
1285.09570	   0.00000	   0.00000
1285.82080	   0.00000	   0.00000
1286.54590	   0.00000	   0.00000
1287.27100	   0.00000	   0.00000
1287.99610	   0.00000	   0.00000
1288.72120	   0.00000	   0.00000
1289.44630	   0.00000	   0.00000
1290.17140	   0.00000	   0.00000
1290.89650	   0.00000	   0.00000
1291.62160	   0.00000	   0.00000
1292.34670	   0.00000	   0.00000
1293.07180	   0.00000	   0.00000
1293.79690	   0.00000	   0.00000
1294.52200	   0.00000	   0.00000
1295.24710	   0.00000	   0.00000
1295.97220	   0.00000	   0.00000
1296.69730	   0.00000	   0.00000
1297.42240	   0.00000	   0.00000
1298.14750	   0.00000	   0.00000
1298.87260	   0.00000	   0.00000
1299.59770	   0.00000	   0.00000
1300.32280	   0.00000	   0.00000
1301.04790	   0.00000	   0.00000
1301.77300	   0.00000	   0.00000
1302.49810	   0.00000	   0.00000
1303.22320	   0.00000	   0.00000
1303.94830	   0.00000	   0.00000
1304.67340	   0.00000	   0.00000
1305.39850	   0.00000	   0.00000
1306.12360	   0.00000	   0.00000
1306.84870	   0.00000	   0.00000
1307.57380	   0.00000	   0.00000
1308.29890	   0.00000	   0.00000
1309.02400	   0.00000	   0.00000
1309.74910	   0.00000	   0.00000
1310.47420	   0.00000	   0.00000
1311.19930	   0.00000	   0.00000
1311.92440	   0.00000	   0.00000
1312.64950	   0.00000	   0.00000
1313.37460	   0.00000	   0.00000
1314.09970	   0.00000	   0.00000
1314.82480	   0.00000	   0.00000
1315.54990	   0.00000	   0.00000
1316.27500	   0.00000	   0.00000
1317.00010	   0.00000	   0.00000
1317.72520	   0.00000	   0.00000
1318.45030	   0.00000	   0.00000
1319.17540	   0.00000	   0.00000
1319.90050	   0.00000	   0.00000
1320.62560	   0.00000	   0.00000
1321.35070	   0.00000	   0.00000
1322.07580	   0.00000	   0.00000
1322.80090	   0.00000	   0.00000
1323.52600	   0.00000	   0.00000
1324.25110	   0.00000	   0.00000
1324.97620	   0.00000	   0.00000
1325.70130	   0.00000	   0.00000
1326.42640	   0.00000	   0.00000
1327.15150	   0.00000	   0.00000
1327.87660	   0.00000	   0.00000
1328.60170	   0.00000	   0.00000
1329.32680	   0.00000	   0.00000
1330.05190	   0.00000	   0.00000
1330.77700	   0.00000	   0.00000
1331.50210	   0.00000	   0.00000
1332.22720	   0.00000	   0.00000
1332.95230	   0.00000	   0.00000
1333.67740	   0.00000	   0.00000
1334.40250	   0.00000	   0.00000
1335.12760	   0.00000	   0.00000
1335.85270	   0.00000	   0.00000
1336.57780	   0.00000	   0.00000
1337.30290	   0.00000	   0.00000
1338.02800	   0.00000	   0.00000
1338.75310	   0.00000	   0.00000
1339.47820	   0.00000	   0.00000
1340.20330	   0.00000	   0.00000
1340.92840	   0.00000	   0.00000
1341.65350	   0.00000	   0.00000
1342.37860	   0.00000	   0.00000
1343.10370	   0.00000	   0.00000
1343.82880	   0.00000	   0.00000
1344.55390	   0.00000	   0.00000
1345.27900	   0.00000	   0.00000
1346.00410	   0.00000	   0.00000
1346.72920	   0.00000	   0.00000
1347.45430	   0.00000	   0.00000
1348.17940	   0.00000	   0.00000
1348.90450	   0.00000	   0.00000
1349.62960	   0.00000	   0.00000
1350.35470	   0.00000	   0.00000
1351.07980	   0.00000	   0.00000
1351.80490	   0.00000	   0.00000
1352.53000	   0.00000	   0.00000
1353.25510	   0.00000	   0.00000
1353.98020	   0.00000	   0.00000
1354.70530	   0.00000	   0.00000
1355.43040	   0.00000	   0.00000
1356.15550	   0.00000	   0.00000
1356.88060	   0.00000	   0.00000
1357.60570	   0.00000	   0.00000
1358.33080	   0.00000	   0.00000
1359.05590	   0.00000	   0.00000
1359.78100	   0.00000	   0.00000
1360.50610	   0.00000	   0.00000
1361.23120	   0.00000	   0.00000
1361.95630	   0.00000	   0.00000
1362.68140	   0.00000	   0.00000
1363.40650	   0.00000	   0.00000
1364.13160	   0.00000	   0.00000
1364.85670	   0.00000	   0.00000
1365.58180	   0.00000	   0.00000
1366.30690	   0.00000	   0.00000
1367.03200	   0.00000	   0.00000
1367.75710	   0.00000	   0.00000
1368.48220	   0.00000	   0.00000
1369.20730	   0.00000	   0.00000
1369.93240	   0.00000	   0.00000
1370.65750	   0.00000	   0.00000
1371.38260	   0.00000	   0.00000
1372.10770	   0.00000	   0.00000
1372.83280	   0.00000	   0.00000
1373.55790	   0.00000	   0.00000
1374.28300	   0.00000	   0.00000
1375.00810	   0.00000	   0.00000
1375.73320	   0.00000	   0.00000
1376.45830	   0.00000	   0.00000
1377.18340	   0.00000	   0.00000
1377.90850	   0.00000	   0.00000
1378.63360	   0.00000	   0.00000
1379.35870	   0.00000	   0.00000
1380.08380	   0.00000	   0.00000
1380.80890	   0.00000	   0.00000
1381.53400	   0.00000	   0.00000
1382.25910	   0.00000	   0.00000
1382.98420	   0.00000	   0.00000
1383.70930	   0.00000	   0.00000
1384.43440	   0.00000	   0.00000
1385.15950	   0.00000	   0.00000
1385.88460	   0.00000	   0.00000
1386.60970	   0.00000	   0.00000
1387.33480	   0.00000	   0.00000
1388.05990	   0.00000	   0.00000
1388.78500	   0.00000	   0.00000
1389.51010	   0.00000	   0.00000
1390.23520	   0.00000	   0.00000
1390.96030	   0.00000	   0.00000
1391.68540	   0.00000	   0.00000
1392.41050	   0.00000	   0.00000
1393.13560	   0.00000	   0.00000
1393.86070	   0.00000	   0.00000
1394.58580	   0.00000	   0.00000
1395.31090	   0.00000	   0.00000
1396.03600	   0.00000	   0.00000
1396.76110	   0.00000	   0.00000
1397.48620	   0.00000	   0.00000
1398.21130	   0.00000	   0.00000
1398.93640	   0.00000	   0.00000
1399.66150	   0.00000	   0.00000
1400.38660	   0.00000	   0.00000
1401.11170	   0.00000	   0.00000
1401.83680	   0.00000	   0.00000
1402.56190	   0.00000	   0.00000
1403.28700	   0.00000	   0.00000
1404.01210	   0.00000	   0.00000
1404.73720	   0.00000	   0.00000
1405.46230	   0.00000	   0.00000
1406.18740	   0.00000	   0.00000
1406.91250	   0.00000	   0.00000
1407.63760	   0.00000	   0.00000
1408.36270	   0.00000	   0.00000
1409.08780	   0.00000	   0.00000
1409.81290	   0.00000	   0.00000
1410.53800	   0.00000	   0.00000
1411.26310	   0.00000	   0.00000
1411.98820	   0.00000	   0.00000
1412.71330	   0.00000	   0.00000
1413.43840	   0.00000	   0.00000
1414.16350	   0.00000	   0.00000
1414.88860	   0.00000	   0.00000
1415.61370	   0.00000	   0.00000
1416.33880	   0.00000	   0.00000
1417.06390	   0.00000	   0.00000
1417.78900	   0.00000	   0.00000
1418.51410	   0.00000	   0.00000
1419.23920	   0.00000	   0.00000
1419.96430	   0.00000	   0.00000
1420.68940	   0.00000	   0.00000
1421.41450	   0.00000	   0.00000
1422.13960	   0.00000	   0.00000
1422.86470	   0.00000	   0.00000
1423.58980	   0.00000	   0.00000
1424.31490	   0.00000	   0.00000
1425.04000	   0.00000	   0.00000
1425.76510	   0.00000	   0.00000
1426.49020	   0.00000	   0.00000
1427.21530	   0.00000	   0.00000
1427.94040	   0.00000	   0.00000
1428.66550	   0.00000	   0.00000
1429.39060	   0.00000	   0.00000
1430.11570	   0.00000	   0.00000
1430.84080	   0.00000	   0.00000
1431.56590	   0.00000	   0.00000
1432.29100	   0.00000	   0.00000
1433.01610	   0.00000	   0.00000
1433.74120	   0.00000	   0.00000
1434.46630	   0.00000	   0.00000
1435.19140	   0.00000	   0.00000
1435.91650	   0.00000	   0.00000
1436.64160	   0.00000	   0.00000
1437.36670	   0.00000	   0.00000
1438.09180	   0.00000	   0.00000
1438.81690	   0.00000	   0.00000
1439.54200	   0.00000	   0.00000
1440.26710	   0.00000	   0.00000
1440.99220	   0.00000	   0.00000
1441.71730	   0.00000	   0.00000
1442.44240	   0.00000	   0.00000
1443.16750	   0.00000	   0.00000
1443.89260	   0.00000	   0.00000
1444.61770	   0.00000	   0.00000
1445.34280	   0.00000	   0.00000
1446.06790	   0.00000	   0.00000
1446.79300	   0.00000	   0.00000
1447.51810	   0.00000	   0.00000
1448.24320	   0.00000	   0.00000
1448.96830	   0.00000	   0.00000
1449.69340	   0.00000	   0.00000
1450.41850	   0.00000	   0.00000
1451.14360	   0.00000	   0.00000
1451.86870	   0.00000	   0.00000
1452.59380	   0.00000	   0.00000
1453.31890	   0.00000	   0.00000
1454.04400	   0.00000	   0.00000
1454.76910	   0.00000	   0.00000
1455.49420	   0.00000	   0.00000
1456.21930	   0.00000	   0.00000
1456.94440	   0.00000	   0.00000
1457.66950	   0.00000	   0.00000
1458.39460	   0.00000	   0.00000
1459.11970	   0.00000	   0.00000
1459.84480	   0.00000	   0.00000
1460.56990	   0.00000	   0.00000
1461.29500	   0.00000	   0.00000
1462.02010	   0.00000	   0.00000
1462.74520	   0.00000	   0.00000
1463.47030	   0.00000	   0.00000
1464.19540	   0.00000	   0.00000
1464.92050	   0.00000	   0.00000
1465.64560	   0.00000	   0.00000
1466.37070	   0.00000	   0.00000
1467.09580	   0.00000	   0.00000
1467.82090	   0.00000	   0.00000
1468.54600	   0.00000	   0.00000
1469.27110	   0.00000	   0.00000
1469.99620	   0.00000	   0.00000
1470.72130	   0.00000	   0.00000
1471.44640	   0.00000	   0.00000
1472.17150	   0.00000	   0.00000
1472.89660	   0.00000	   0.00000
1473.62170	   0.00000	   0.00000
1474.34680	   0.00000	   0.00000
1475.07190	   0.00000	   0.00000
1475.79700	   0.00000	   0.00000
1476.52210	   0.00000	   0.00000
1477.24720	   0.00000	   0.00000
1477.97230	   0.00000	   0.00000
1478.69740	   0.00000	   0.00000
1479.42250	   0.00000	   0.00000
1480.14760	   0.00000	   0.00000
1480.87270	   0.00000	   0.00000
1481.59780	   0.00000	   0.00000
1482.32290	   0.00000	   0.00000
1483.04800	   0.00000	   0.00000
1483.77310	   0.00000	   0.00000
1484.49820	   0.00000	   0.00000
1485.22330	   0.00000	   0.00000
1485.94840	   0.00000	   0.00000
1486.67350	   0.00000	   0.00000
1487.39860	   0.00000	   0.00000
1488.12370	   0.00000	   0.00000
1488.84880	   0.00000	   0.00000
1489.57390	   0.00000	   0.00000
1490.29900	   0.00000	   0.00000
1491.02410	   0.00000	   0.00000
1491.74920	   0.00000	   0.00000
1492.47430	   0.00000	   0.00000
1493.19940	   0.00000	   0.00000
1493.92450	   0.00000	   0.00000
1494.64960	   0.00000	   0.00000
1495.37470	   0.00000	   0.00000
1496.09980	   0.00000	   0.00000
1496.82490	   0.00000	   0.00000
1497.55000	   0.00000	   0.00000
1498.27510	   0.00000	   0.00000
1499.00020	   0.00000	   0.00000
1499.72530	   0.00000	   0.00000
1500.45040	   0.00000	   0.00000
1501.17550	   0.00000	   0.00000
1501.90060	   0.00000	   0.00000
1502.62570	   0.00000	   0.00000
1503.35080	   0.00000	   0.00000
1504.07590	   0.00000	   0.00000
1504.80100	   0.00000	   0.00000
1505.52610	   0.00000	   0.00000
1506.25120	   0.00000	   0.00000
1506.97630	   0.00000	   0.00000
1507.70140	   0.00000	   0.00000
1508.42650	   0.00000	   0.00000
1509.15160	   0.00000	   0.00000
1509.87670	   0.00000	   0.00000
1510.60180	   0.00000	   0.00000
1511.32690	   0.00000	   0.00000
1512.05200	   0.00000	   0.00000
1512.77710	   0.00000	   0.00000
1513.50220	   0.00000	   0.00000
1514.22730	   0.00000	   0.00000
1514.95240	   0.00000	   0.00000
1515.67750	   0.00000	   0.00000
1516.40260	   0.00000	   0.00000
1517.12770	   0.00000	   0.00000
1517.85280	   0.00000	   0.00000
1518.57790	   0.00000	   0.00000
1519.30300	   0.00000	   0.00000
1520.02810	   0.00000	   0.00000
1520.75320	   0.00000	   0.00000
1521.47830	   0.00000	   0.00000
1522.20340	   0.00000	   0.00000
1522.92850	   0.00000	   0.00000
1523.65360	   0.00000	   0.00000
1524.37870	   0.00000	   0.00000
1525.10380	   0.00000	   0.00000
1525.82890	   0.00000	   0.00000
1526.55400	   0.00000	   0.00000
1527.27910	   0.00000	   0.00000
1528.00420	   0.00000	   0.00000
1528.72930	   0.00000	   0.00000
1529.45440	   0.00000	   0.00000
1530.17950	   0.00000	   0.00000
1530.90460	   0.00000	   0.00000
1531.62970	   0.00000	   0.00000
1532.35480	   0.00000	   0.00000
1533.07990	   0.00000	   0.00000
1533.80500	   0.00000	   0.00000
1534.53010	   0.00000	   0.00000
1535.25520	   0.00000	   0.00000
1535.98030	   0.00000	   0.00000
1536.70540	   0.00000	   0.00000
1537.43050	   0.00000	   0.00000
1538.15560	   0.00000	   0.00000
1538.88070	   0.00000	   0.00000
1539.60580	   0.00000	   0.00000
1540.33090	   0.00000	   0.00000
1541.05600	   0.00000	   0.00000
1541.78110	   0.00000	   0.00000
1542.50620	   0.00000	   0.00000
1543.23130	   0.00000	   0.00000
1543.95640	   0.00000	   0.00000
1544.68150	   0.00000	   0.00000
1545.40660	   0.00000	   0.00000
1546.13170	   0.00000	   0.00000
1546.85680	   0.00000	   0.00000
1547.58190	   0.00000	   0.00000
1548.30700	   0.00000	   0.00000
1549.03210	   0.00000	   0.00000
1549.75720	   0.00000	   0.00000
1550.48230	   0.00000	   0.00000
1551.20740	   0.00000	   0.00000
1551.93250	   0.00000	   0.00000
1552.65760	   0.00000	   0.00000
1553.38270	   0.00000	   0.00000
1554.10780	   0.00000	   0.00000
1554.83290	   0.00000	   0.00000
1555.55800	   0.00000	   0.00000
1556.28310	   0.00000	   0.00000
1557.00820	   0.00000	   0.00000
1557.73330	   0.00000	   0.00000
1558.45840	   0.00000	   0.00000
1559.18350	   0.00000	   0.00000
1559.90860	   0.00000	   0.00000
1560.63370	   0.00000	   0.00000
1561.35880	   0.00000	   0.00000
1562.08390	   0.00000	   0.00000
1562.80900	   0.00000	   0.00000
1563.53410	   0.00000	   0.00000
1564.25920	   0.00000	   0.00000
1564.98430	   0.00000	   0.00000
1565.70940	   0.00000	   0.00000
1566.43450	   0.00000	   0.00000
1567.15960	   0.00000	   0.00000
1567.88470	   0.00000	   0.00000
1568.60980	   0.00000	   0.00000
1569.33490	   0.00000	   0.00000
1570.06000	   0.00000	   0.00000
1570.78510	   0.00000	   0.00000
1571.51020	   0.00000	   0.00000
1572.23530	   0.00000	   0.00000
1572.96040	   0.00000	   0.00000
1573.68550	   0.00000	   0.00000
1574.41060	   0.00000	   0.00000
1575.13570	   0.00000	   0.00000
1575.86080	   0.00000	   0.00000
1576.58590	   0.00000	   0.00000
1577.31100	   0.00000	   0.00000
1578.03610	   0.00000	   0.00000
1578.76120	   0.00000	   0.00000
1579.48630	   0.00000	   0.00000
1580.21140	   0.00000	   0.00000
1580.93650	   0.00000	   0.00000
1581.66160	   0.00000	   0.00000
1582.38670	   0.00000	   0.00000
1583.11180	   0.00000	   0.00000
1583.83690	   0.00000	   0.00000
1584.56200	   0.00000	   0.00000
1585.28710	   0.00000	   0.00000
1586.01220	   0.00000	   0.00000
1586.73730	   0.00000	   0.00000
1587.46240	   0.00000	   0.00000
1588.18750	   0.00000	   0.00000
1588.91260	   0.00000	   0.00000
1589.63770	   0.00000	   0.00000
1590.36280	   0.00000	   0.00000
1591.08790	   0.00000	   0.00000
1591.81300	   0.00000	   0.00000
1592.53810	   0.00000	   0.00000
1593.26320	   0.00000	   0.00000
1593.98830	   0.00000	   0.00000
1594.71340	   0.00000	   0.00000
1595.43850	   0.00000	   0.00000
1596.16360	   0.00000	   0.00000
1596.88870	   0.00000	   0.00000
1597.61380	   0.00000	   0.00000
1598.33890	   0.00000	   0.00000
1599.06400	   0.00000	   0.00000
1599.78910	   0.00000	   0.00000
1600.51420	   0.00000	   0.00000
1601.23930	   0.00000	   0.00000
1601.96440	   0.00000	   0.00000
1602.68950	   0.00000	   0.00000
1603.41460	   0.00000	   0.00000
1604.13970	   0.00000	   0.00000
1604.86480	   0.00000	   0.00000
1605.58990	   0.00000	   0.00000
1606.31500	   0.00000	   0.00000
1607.04010	   0.00000	   0.00000
1607.76520	   0.00000	   0.00000
1608.49030	   0.00000	   0.00000
1609.21540	   0.00000	   0.00000
1609.94050	   0.00000	   0.00000
1610.66560	   0.00000	   0.00000
1611.39070	   0.00000	   0.00000
1612.11580	   0.00000	   0.00000
1612.84090	   0.00000	   0.00000
1613.56600	   0.00000	   0.00000
1614.29110	   0.00000	   0.00000
1615.01620	   0.00000	   0.00000
1615.74130	   0.00000	   0.00000
1616.46640	   0.00000	   0.00000
1617.19150	   0.00000	   0.00000
1617.91660	   0.00000	   0.00000
1618.64170	   0.00000	   0.00000
1619.36680	   0.00000	   0.00000
1620.09190	   0.00000	   0.00000
1620.81700	   0.00000	   0.00000
1621.54210	   0.00000	   0.00000
1622.26720	   0.00000	   0.00000
1622.99230	   0.00000	   0.00000
1623.71740	   0.00000	   0.00000
1624.44250	   0.00000	   0.00000
1625.16760	   0.00000	   0.00000
1625.89270	   0.00000	   0.00000
1626.61780	   0.00000	   0.00000
1627.34290	   0.00000	   0.00000
1628.06800	   0.00000	   0.00000
1628.79310	   0.00000	   0.00000
1629.51820	   0.00000	   0.00000
1630.24330	   0.00000	   0.00000
1630.96840	   0.00000	   0.00000
1631.69350	   0.00000	   0.00000
1632.41860	   0.00000	   0.00000
1633.14370	   0.00000	   0.00000
1633.86880	   0.00000	   0.00000
1634.59390	   0.00000	   0.00000
1635.31900	   0.00000	   0.00000
1636.04410	   0.00000	   0.00000
1636.76920	   0.00000	   0.00000
1637.49430	   0.00000	   0.00000
1638.21940	   0.00000	   0.00000
1638.94450	   0.00000	   0.00000
1639.66960	   0.00000	   0.00000
1640.39470	   0.00000	   0.00000
