#A1689_1.rest_UV.2821.resampled_noDC.txt
#Rest Wavelengths (A) | Resampled Luminosities (Unitless) | Resampled Lum. Errors
#
1120.00000	   0.00000	   0.00000
1120.72560	34339309924908239115666444936184971919360.00000	5606016027817479830927479158610386223104.00000
1121.45120	22248510745179281152254508816286735138816.00000	5430742073981608671939737375906130296832.00000
1122.17680	32763350395425782186757093772066323169280.00000	5538376186982958075847208648532075479040.00000
1122.90240	30480717766196729385321454463240072331264.00000	5526316472849379417534683874828235046912.00000
1123.62800	20106036672355129242570022486992752738304.00000	5487097569375765530413039033555458457600.00000
1124.35360	26130589981799124396483684340415760171008.00000	5714963269712990022274750574434052997120.00000
1125.07920	28310749912637192954358456870687586910208.00000	5890537109976207902617173901654817243136.00000
1125.80480	19533038893953770421911138561971657375744.00000	6303305353795068997804569971480995037184.00000
1126.53040	24953443804620738611673643343321325633536.00000	6569926550014448109392551857495816011776.00000
1127.25600	8297157531983369627195083841672520400896.00000	6010807258067394401128445994169607913472.00000
1127.98160	14791253664210052081888871496095719489536.00000	5873745447385436558619328230403623354368.00000
1128.70720	15238818264671536773519958844762560135168.00000	5667651031602803243664711108725158445056.00000
1129.43280	8738771410689764287552595049409801093120.00000	5374708938029724048816129022709895004160.00000
1130.15840	21647059549281298906529544052010985193472.00000	5338833189247475973027473358676687847424.00000
1130.88400	24340787777803204520348563165981603528704.00000	5384324711584085005125803480021037219840.00000
1131.60960	20578360679726921646738740537186377007104.00000	5475994579557456370917579822918528925696.00000
1132.33520	22517976993424240872462225813369465602048.00000	5727909537346166071271123417667003744256.00000
1133.06080	36212830156825767983374125971148470484992.00000	6112108123080821260991987030155151278080.00000
1133.78640	29854828105966620297033385670911371247616.00000	6448343527847131857126510892959548833792.00000
1134.51200	27476949240751231061043810192348416049152.00000	6978739874104697601267631822960945266688.00000
1135.23760	32445785663439140900913868879278670610432.00000	7326563073906837239118681088420348952576.00000
1135.96320	28942065483700482113781784376471824891904.00000	7541182219471201207728781186149346443264.00000
1136.68880	28692109349727594291298431102847312461824.00000	7565607808996968493262308033360331538432.00000
1137.41440	16937785680884374702232835129287259455488.00000	7020634805439722585551105104961429569536.00000
1138.14000	12705421529073897435007971838869867855872.00000	6391556652508362086289343816264681783296.00000
1138.86560	23868244289213529532620939784761798295552.00000	6109957748619733452744757764947615678464.00000
1139.59120	29041023009744264374796601568159367954432.00000	5808962694840525188056017891914491625472.00000
1140.31680	32365963977999317755135280891519150587904.00000	5568120689310520447482656237643353817088.00000
1141.04240	37728935481486965189290330294798094696448.00000	5497397790028082624278854414951608483840.00000
1141.76800	31937130197549924132873066062633546809344.00000	5533307017236738723160398065365996797952.00000
1142.49360	26442831704992585422410726069972435468288.00000	5301037849238331596474111202624599490560.00000
1143.21920	22053245793793088510264714172030829723648.00000	4997822521255041011104311427465752870912.00000
1143.94480	26232156507453387313942701981528840208384.00000	5020042225875857109750033284934041337856.00000
1144.67040	22178492869978088480589172504327232684032.00000	5131046370254021809932166450311526875136.00000
1145.39600	16993260237596573168130789207628675284992.00000	5335724932241055049014283031199002656768.00000
1146.12160	21742089591124832537267419615010798698496.00000	5893657641429694459608569188328115535872.00000
1146.84720	27567538414688075799093817991662093205504.00000	5939128585294109296305024926546739068928.00000
1147.57280	20564812959128946925858925537951087591424.00000	6133550830032913834495553689455775711232.00000
1148.29840	15629945838873053028426137775378748407808.00000	6014304902548414594340052104200899788800.00000
1149.02400	11486950856591730992380825555223942529024.00000	5665038607289931102681219606921332391936.00000
1149.74960	8516477062010392589207236744220944367616.00000	5491356123383009237158742706708914634752.00000
1150.47520	16135956799496856835600924219860269924352.00000	5435162318844262056109293455504001990656.00000
1151.20080	9371464677263294801925971172207219441664.00000	5335676719229307335480815186727497891840.00000
1151.92640	9210716988395215916894833972326965444608.00000	5462861084092883255970958058126676328448.00000
1152.65200	12681989831905705558918903306158111457280.00000	5524488670339986009957928391513280086016.00000
1153.37760	22396237682619206201261489407939319955456.00000	5694717318453816374416597766983529791488.00000
1154.10320	23940230125939008586876185624906066558976.00000	5807515159581269772938430977294418837504.00000
1154.82880	27404109749103844933362869508645287100416.00000	5867568271438654514423060809304177115136.00000
1155.55440	13950658417202665060299023969691843428352.00000	5810095758282035570747941668147095928832.00000
1156.28000	1659765668159559573558197321647486140416.00000	5857331382697803904131278384911081275392.00000
1157.00560	8641533496078124741323747504284667740160.00000	6061425187624396498888307870226473549824.00000
1157.73120	15629743014428526719256506838448387129344.00000	6469061134474875920085469866359900864512.00000
1158.45680	24022311721175003559926764817434978287616.00000	6641660735085821627539254970605509804032.00000
1159.18240	36830750157654816837682829450217659564032.00000	6307973431455261333000966797843457114112.00000
1159.90800	21560772872481720968939840621171789791232.00000	5515182789248295734440164297048112234496.00000
1160.63360	13346944290947801412128497593378288959488.00000	5000486656900963475324487638594426503168.00000
1161.35920	10559865839339257806390889731047517323264.00000	4790918640860158245037562824102313459712.00000
1162.08480	21468347198015010856842516004267184095232.00000	4941731321513084275994134658030529150976.00000
1162.81040	22618420031702203098303320174234278297600.00000	5003746899550138980405365753547872796672.00000
1163.53600	18109604664852966161344153526760263122944.00000	4844682464344465343021475443898008469504.00000
1164.26160	21909753624363482900531091717124054319104.00000	4759262760539037490686513059796229292032.00000
1164.98720	25502881309027132815761906530874162151424.00000	4827684508191421272603737119322529595392.00000
1165.71280	19583802352109245665046848659161245286400.00000	5026620637555009783464696313626341933056.00000
1166.43840	8762249131608524374000339639861063450624.00000	5311328194294993967085488050091969216512.00000
1167.16400	23836337391746558192773481657551978233856.00000	5724855181493177514179081879242015768576.00000
1167.88960	18083730522852267427111658096374864412672.00000	5851411575552039729936041216574161420288.00000
1168.61520	5329107224858761827817034970746622836736.00000	6015416089671796401515205177114288455680.00000
1169.34080	7985954357655939873450928317655244865536.00000	6253886989316131867208156059981817315328.00000
1170.06640	20305842642490560522372040278048958840832.00000	6277774019471034495963012531180753911808.00000
1170.79200	24439781133977231885495947007242341974016.00000	6137212158863799420858542200900468867072.00000
1171.51760	18725949025870901275986501113319851556864.00000	5851017517299731375686362526169497075712.00000
1172.24320	22420637651892226519254638596105686745088.00000	5656750521425324958908156565980482371584.00000
1172.96880	16667601972973680910214879586411213750272.00000	5437039721582741308967726751846320046080.00000
1173.69440	9000060767383589643554734539400103854080.00000	5227675061857396405656756928272597516288.00000
1174.42000	13224038178773533576947684479736601378816.00000	5117430406998072702291055624074316218368.00000
1175.14560	15689187591459889132016528465622049226752.00000	5061908011603781136410152307530026450944.00000
1175.87120	21597962557348115147735145378490949304320.00000	5194358095702168391592272502782687182848.00000
1176.59680	24730773378885628306412903910884375527424.00000	5465434576113444283931280961846237986816.00000
1177.32240	3169999865858877075374909490484345831424.00000	5565942008400317816715551272233708027904.00000
1178.04800	4423498192942687200650959777848851693568.00000	5803528834825319796575911193199029256192.00000
1178.77360	16943899770570936092765868674612117635072.00000	6190752008691850010294539271945936961536.00000
1179.49920	3325559407664747844854498782340301455360.00000	6450580692311348997334397020445563944960.00000
1180.22480	7956292584916777535843459204081015324672.00000	6211532335146014901163601814352344121344.00000
1180.95040	32921247483179423275108227767403833982976.00000	5882452775387948550088040369288785166336.00000
1181.67600	32075596905728558375727965126815224168448.00000	5428951478507143234217266781875186171904.00000
1182.40160	19325200743412848712231632371907890774016.00000	4877817909065079372657760885261002080256.00000
1183.12720	17767361900007174200838472110584899829760.00000	4610350814573280168557714929277391077376.00000
1183.85280	15827713259977938817191518379396541972480.00000	4289208357930006191652562301382186500096.00000
1184.57840	28130761768786590257565703036082935824384.00000	4164954068826419296407194139013152768000.00000
1185.30400	29993609839229848498444388845362415140864.00000	4092737531104496413552703818094551760896.00000
1186.02960	18473630742306891670895501963406247723008.00000	4057899322726599850106550134661583994880.00000
1186.75520	10766839210374672013918262863721113059328.00000	4170921912881383216521762955723649581056.00000
1187.48080	9079393061367419194332343552534995009536.00000	4330407409971868826656370326179086860288.00000
1188.20640	16219256490266101999795339600484246749184.00000	4630549560810636411541124291383376478208.00000
1188.93200	20976814655663045164276863614590686068736.00000	4895755097148011300202461383394603302912.00000
1189.65760	20116392737513195120164380344331945377792.00000	5246478400028657525122316473003510071296.00000
1190.38320	28897663537049836372239634869828479614976.00000	5638615362472351632677906683301715771392.00000
1191.10880	20978620480269982795228493929679490646016.00000	5475413025609384163717098026202271055872.00000
1191.83440	11005561292620533552456245424364342738944.00000	5059789869695846634548777330064230449152.00000
1192.56000	1819042583951756849573114344665088262144.00000	4671905438899455247273549657069687144448.00000
1193.28560	14005491415886468633576765514161208688640.00000	4619413853744791103970827355094616375296.00000
1194.01120	17898328811436807265650900652490754097152.00000	4629826751684663731526608315724911869952.00000
1194.73680	8928678518900587673612102131282658459648.00000	4616594101977639434757746758168709431296.00000
1195.46240	7195475344603088932867306511989437628416.00000	4629817648190300198843036507654699614208.00000
1196.18800	12990091135014477470895129299902980423680.00000	4650998251189746516101306359755382456320.00000
1196.91360	26388340779885654833004549188877765574656.00000	5064568759033465251196369899640852578304.00000
1197.63920	23046480742849609174366365426307821469696.00000	5070075847383960134089266322493931520000.00000
1198.36480	11688181520588084274627807245988297441280.00000	5272693517550472476112040531143769980928.00000
1199.09040	9632712434297948027528598114561863712768.00000	5728788007882480069745085752303098527744.00000
1199.81600	15463984669549557230134764186429640671232.00000	6204748600268080640690978531362987835392.00000
1200.54160	25817578076298926631096315072513272971264.00000	6745855243722541890941978052381183574016.00000
1201.26720	11679966976805195018573025138896751558656.00000	6779341936517123411119918860939126898688.00000
1201.99280	14458740016157997943131128724464752132096.00000	6522406805466282531544065375958976167936.00000
1202.71840	3160293790649895059491962691502273986560.00000	5890298424432997902563384978323900727296.00000
1203.44400	7480835754672628613904814618185088106496.00000	5424109872821405815041667870690323202048.00000
1204.16960	14572887096511696447803811092253332471808.00000	5187222358893422032744871621932269699072.00000
1204.89520	8124122885741820566423771438135891722240.00000	4801730452436482121669717043948589940736.00000
1205.62080	11048095724710297380140618274886490521600.00000	4677320820443273568944126498321593270272.00000
1206.34640	12831015615110344569024773460915113689088.00000	4458955925827985886092382796305343184896.00000
1207.07200	19261672090925951573705061659645088628736.00000	4274665351977454543558059687612568829952.00000
1207.79760	25375331257091025189307955046337419935744.00000	4279157674372142296939896776667365900288.00000
1208.52320	10539125152444635781386958324150095052800.00000	4192937368605370668623370934273922039808.00000
1209.24880	12188172731932884293869368175899497725952.00000	4509828254333660768195654499806681759744.00000
1209.97440	17473830406518747321879462802484570882048.00000	4946638758282300467021036908511194251264.00000
1210.70000	2626238058907344074239097196259070443520.00000	4506840950220738162422229269649997955072.00000
1211.42560	11987030358093640222373205995160323751936.00000	4723744561655557792958964099176034467840.00000
1212.15120	21273845749818982156468396864230276464640.00000	4863618289626984131762425042773024440320.00000
1212.87680	11211886973033050509146236600859010007040.00000	4605504085545794663717088989429305966592.00000
1213.60240	14128908215866994644825563959708054716416.00000	4398826371578144870207745268205351862272.00000
1214.32800	26803531122282461699066866714045105307648.00000	4292432857196070061471919399962660569088.00000
1215.05360	27509210065832594151449295356179062456320.00000	4138908444395577282329091588450125086720.00000
1215.77920	29512599258371984004783324321613315309568.00000	3993472430743019792832275769711554199552.00000
1216.50480	45037297392740331951107985253064742273024.00000	4041304432766593066738336272058914177024.00000
1217.23040	51226863284815711936249822759837199499264.00000	4100763233139885227361311547043843407872.00000
1217.95600	41303660419657385193209344328396638781440.00000	4044402318261193831858666576608957038592.00000
1218.68160	29137211403751198807288752518518517268480.00000	4178346547219094787227006889406018617344.00000
1219.40720	16667099579591177207920895941562901463040.00000	4373977453730384844686761921009976082432.00000
1220.13280	6432395276121579837744854937055212339200.00000	4352715518251507153995855883187861323776.00000
1220.85840	7106012012904268480237607145105969381376.00000	4498364216675058018075799595676881387520.00000
1221.58400	15410882678689857136651652833522242027520.00000	4691464227717369355367669315530242654208.00000
1222.30960	14614287999055737404035134416691014926336.00000	4858830011446639825468061982261055062016.00000
1223.03520	10670755240307860407553464330397822222336.00000	4873699585008139371720669912504710725632.00000
1223.76080	2849074410207034692185911074442115547136.00000	4540224601861009461182630673624403542016.00000
1224.48640	10935365365436906925573704015675039678464.00000	4225695521689685022411319687243494326272.00000
1225.21200	14098003981709923875327845626550302015488.00000	3863253602362915201942188815761352425472.00000
1225.93760	27438198189122432009816889818070613229568.00000	3669597875563511538353186510015616253952.00000
1226.66320	22146467889829969027698897946695918682112.00000	3384407173306581525786709930260691943424.00000
1227.38880	18199014303941973236843058717988680105984.00000	3340192565497757425533094728747087560704.00000
1228.11440	16085496858171024290610825830008314920960.00000	3488757259859848098554032887921800904704.00000
1228.84000	11868694075278229214333685100977047207936.00000	3696756606381438966085623646779644837888.00000
1229.56560	14004779361707862940708781293431433461760.00000	3980956229028162996760015788043803820032.00000
1230.29120	16658261485026636943874331631530322952192.00000	4214090275137565063532288723383062888448.00000
1231.01680	11978214385594421970353746128755157368832.00000	4416574189844133755994541066655734169600.00000
1231.74240	5377439466317581141735753429204418428928.00000	4682178874030015954923215610389351890944.00000
1232.46800	-3884101698208401998759271566034606227456.00000	4967767425471625574548044219357000105984.00000
1233.19360	5708553852375720015234632626749564780544.00000	5447832635696311248156153481464800870400.00000
1233.91920	34693355424146505885823255902257531584512.00000	5792686856151291003281495272121352323072.00000
1234.64480	14079038247821473617156852043232231555072.00000	5269209296219742556660387489775397896192.00000
1235.37040	21175454655663055540080422268720149168128.00000	4921535453098969867508780331779108110336.00000
1236.09600	17143072686983916363559222432337844240384.00000	4515958819490759285641953319178221912064.00000
1236.82160	14742088280205292330581151330581530804224.00000	4093838195420433985566955906207796166656.00000
1237.54720	12279931382653291805962694806534459752448.00000	3799111387804379247981036446246473039872.00000
1238.27280	17256193552468806416544954001217451720704.00000	3812951750151407271157001914208359546880.00000
1238.99840	22489271334058417902780160481187843801088.00000	4335108350364351393529004278385362337792.00000
1239.72400	22543104461282392043533194534310599720960.00000	4619465785408183717859777859279474655232.00000
1240.44960	13455239126380068481463908343064328929280.00000	4757357166850205777651856286362319716352.00000
1241.17520	16093956056617546667699427004035222208512.00000	5145406490731868498100509476840405991424.00000
1241.90080	17547087488085568192329501736433077977088.00000	5502070045944060395254925877159235944448.00000
1242.62640	16458589880831801104329429772310111322112.00000	5848315273019743846035578191085802881024.00000
1243.35200	21977020820788622732950044234469265637376.00000	6180572275217637094789279117075451740160.00000
1244.07760	39295868107598379528268398790657873805312.00000	6804974097068521472476233248514481586176.00000
1244.80320	15207255325804160586387968215524864688128.00000	6676277794426746808897111273386035642368.00000
1245.52880	10952956545710708592572803933611468259328.00000	6185906426812558744797740465803176706048.00000
1246.25440	18049233178560846808204215435833997524992.00000	5728307923651229373876685732331426676736.00000
1246.98000	12939779632139786850673092891833878446080.00000	5394963573096122493686668091176920285184.00000
1247.70560	8307112490943125362128878431788798574592.00000	5103485099295750904030606757118603165696.00000
1248.43120	4466721439942712206327934687450960494592.00000	4929245611450041772291549019407483142144.00000
1249.15680	15217991697171784576958490603756502122496.00000	4934665545750008931502642044645920473088.00000
1249.88240	26351414648474317030271339375867998502912.00000	4859900984682112880972579569332230553600.00000
1250.60800	23710373276256164713757662921428264026112.00000	4878850697556498752518608482748623486976.00000
1251.33360	20465708515233080445101945479406408433664.00000	4924497316775024580718070806185305440256.00000
1252.05920	14355719948354809331358265109877725593600.00000	5050738463656481168903974849852846637056.00000
1252.78480	17437761817408504646089486379087732670464.00000	5200596614919684125897825439904488751104.00000
1253.51040	21938905560071088886801018782506473750528.00000	5433895591765932680481743262627519266816.00000
1254.23600	25885605312822186747784850424169825828864.00000	5735493842698560705546534137120858046464.00000
1254.96160	16885890057921893705039134162897980096512.00000	5913993008749447330089896475462379503616.00000
1255.68720	10421050162188599337101632246013644242944.00000	5812994404705677773217816322887007600640.00000
1256.41280	8867391307968524052857307076348474294272.00000	5320857671162689743742687227678902190080.00000
1257.13840	20323394154218571778369152157372530032640.00000	5075006733941451865135853840068948000768.00000
1257.86400	17471030918268725565419024100639280988160.00000	4945774967455110721709085612004578689024.00000
1258.58960	12102432631230662623004807445940671610880.00000	4845765350042204755511994104220179496960.00000
1259.31520	22256519911570490898516079853652028686336.00000	4335029008563997855034039685218631155712.00000
1260.04080	16138646548898445196502270908891735785472.00000	4283860234473766576935781966810596769792.00000
1260.76640	10797403201700367238194579516534535749632.00000	4212163146705489645589549576885630926848.00000
1261.49200	21199342421037374304525987813458528174080.00000	4269327882757095529863760063313068687360.00000
1262.21760	32340402824911193906627280875610448068608.00000	4418988443298436612679021268702934859776.00000
1262.94320	21498693472191557526859407215734229565440.00000	4445094421601841494125426054269732126720.00000
1263.66880	18584515502621481417136494590075628158976.00000	4638456093618855771190206513874200428544.00000
1264.39440	19584736974056938423828994397189070389248.00000	4823003013416844757469103741017935314944.00000
1265.12000	19071980801734377210021808828469294923776.00000	5042699725568182799350158325168339943424.00000
1265.84560	22027234416555273138782134161983640961024.00000	5311351329559724042212465025277533093888.00000
1266.57120	25136935252717619478968673953289974317056.00000	5161953688586179959700618848698003095552.00000
1267.29680	27778200716331279589681694668152488591360.00000	4990970326311168164913346331338231250944.00000
1268.02240	10948370269215543758881608088011742904320.00000	4628202724149875031923348441849932021760.00000
1268.74800	11552583445765442624071573966636529483776.00000	4374816652523670753862053618621681238016.00000
1269.47360	19939604398791069514913705236422975291392.00000	4185052791777991993541695080123573731328.00000
1270.19920	17446781981360166027271440156140165398528.00000	4010150995199255249519424506405549244416.00000
1270.92480	13035770317658930152810879916545870397440.00000	3871805655731249562528403631045871665152.00000
1271.65040	15252399286810057736465783577563633811456.00000	3932342296919154438228425737389071138816.00000
1272.37600	8848494174894662352585218654037778366464.00000	3929254893927083245072965466756401332224.00000
1273.10160	-1432508708315493968332078572267412389888.00000	3901319812361366945626661756868101144576.00000
1273.82720	14190291972589492734208834803342180876288.00000	4139811574079321059789499265513301213184.00000
1274.55280	25498301306490710779982400897042194890752.00000	4393931760256080730144027724386274377728.00000
1275.27840	17392714483708399042327252471390488494080.00000	4560677382900442293122734738222771863552.00000
1276.00400	8498009190465907264713280363047837237248.00000	4787754346682699262538549993966420361216.00000
1276.72960	7693276406268488842311345983436173082624.00000	4869611470895836942952109274550664953856.00000
1277.45520	21285221620169363179265495722787174612992.00000	4781967066985495147985119553561340936192.00000
1278.18080	14809891635399679875206493208484950048768.00000	4392173039958924661158074961025503854592.00000
1278.90640	8225357970446051033192266387156021280768.00000	4054634007157320416701503178944798523392.00000
1279.63200	9516367162079482582375320085935763226624.00000	3802416702499058732924867678488923996160.00000
1280.35760	9085504361115871569942026190860851347456.00000	3652658973283251349835767891954161942528.00000
1281.08320	6945260976273873874253872817962810867712.00000	3561675948443609231482823350721663991808.00000
1281.80880	19820112019318868578927990099034094174208.00000	3627234534773336078893766588053525102592.00000
1282.53440	31526769038504374692026762170060479922176.00000	3759133129851714713141783554374064144384.00000
1283.26000	25108664528006623101256005808975612215296.00000	3751285462677914920467594496461292699648.00000
1283.98560	25763675275593198461228796196623562571776.00000	3859713569787326662862946922341140004864.00000
1284.71120	18477479898163836865213252648996666605568.00000	3941787464735952301962091218849346093056.00000
1285.43680	13517973559153763765449585945843484065792.00000	4165021342898987616681205120572751609856.00000
1286.16240	7216350786464609863831062959363555590144.00000	4417278321300489258458721039098929217536.00000
1286.88800	4103161351809977163713191783834778075136.00000	4720281561539567568205274505450381901824.00000
1287.61360	3488608784893807200541841820262342852608.00000	4828869967416359451209375880134323601408.00000
1288.33920	2269399447931526289153365094022967721984.00000	4673899684446659425485002965669094883328.00000
1289.06480	11204749340754071644713339079442233819136.00000	4397422392405771496612844728530967199744.00000
1289.79040	14235491115436989289320148651994567933952.00000	4181551876669191792289567521898361782272.00000
1290.51600	6554768917034592424046053155532408094720.00000	3971765632714284032331563036939690967040.00000
1291.24160	15704525543645281610685532322655973146624.00000	3865892686506235298802038431451510210560.00000
1291.96720	19120203588605341086410308313352832548864.00000	3799236634092737292011646628060354052096.00000
1292.69280	11554197099224679655825637780288895451136.00000	3677369251477941474299861170429760634880.00000
1293.41840	17642714599139792902711147050883610574848.00000	3669223139443482941074058972000960905216.00000
1294.14400	17064155269851566452659183765358058143744.00000	3726292791596499558156105785293798375424.00000
1294.86960	14018390785288939942626310668980504756224.00000	3772016161415514019174088264022208020480.00000
1295.59520	17090261578781464931315769530176531070976.00000	4009621608546538062126812050027282694144.00000
1296.32080	14309935941174602142262742477437449273344.00000	4247412441912161709406004521835878678528.00000
1297.04640	13205906877043648630899251494857532768256.00000	4587527636746406548563793466688993755136.00000
1297.77200	14220504521961174119880675723715117318144.00000	4938091215914442753597697153459797622784.00000
1298.49760	13021468555987406920837168623186715082752.00000	5070461978224879141217603633782814932992.00000
1299.22320	12541566693720687123801866580933295996928.00000	4914633473195164996775434851351189782528.00000
1299.94880	7424425610284027265727167347406330134528.00000	4622726975047830968049765573895370309632.00000
1300.67440	11276773362871334135040667267371290853376.00000	4323953186249786912504981645024403914752.00000
1301.40000	17432423060035463703220669988745678684160.00000	4096744769296338712656432745145717227520.00000
1302.12560	14638285331757750505489076708900314546176.00000	3882051481133439084592163888513085865984.00000
1302.85120	15643354391433906206829550709871522873344.00000	3771644847114431666296811294918900187136.00000
1303.57680	10317473491672087962759444780588327763968.00000	3681460334182150839937633709861453692928.00000
1304.30240	16215008476066029415666502292012514934784.00000	3719300700047698025234927669710025654272.00000
1305.02800	23173373156656074192714486492269023068160.00000	3804990787846032459583783321281123844096.00000
1305.75360	17284721756039623564651627436815941632000.00000	3844673065733462686401422207084102942720.00000
1306.47920	17341399406906355545700522875539958005760.00000	4045190073269676005615527788698350387200.00000
1307.20480	15715770527723173915783995156092445261824.00000	4267828413591642880141974333761953726464.00000
1307.93040	2435190514856578869742606542833654431744.00000	4491964077985805173037129910529432748032.00000
1308.65600	7894195108226122971939843668127120359424.00000	4762528534650923271365628598604240257024.00000
1309.38160	15794376998587247366998050360696347033600.00000	4779677940950485940163682787456651886592.00000
1310.10720	7267734940658168429346743061076525449216.00000	4399231310227221376513040115240978612224.00000
1310.83280	12991062715992964777160133824535184015360.00000	4210549295038552249618467187889532829696.00000
1311.55840	11993481495041313680093889505517136510976.00000	4046119689267776667851609220071028686848.00000
1312.28400	20714214922317920435886477039565174472704.00000	3972553798749232905589583266238232002560.00000
1313.00960	12191002144563234068691926356777070755840.00000	3801430745551029783569477999942147506176.00000
1313.73520	10074569298218122846519947111882207264768.00000	3682212244379392228922107988559676833792.00000
1314.46080	14940156321841968035774463898890564272128.00000	3644969825852289574979139912668085747712.00000
1315.18640	10868086904403256454658612489561019777024.00000	3651925047521482384749772039545371492352.00000
1315.91200	10031314382453337205596532968419017883648.00000	3761930297922785373880905482961395122176.00000
1316.63760	21574355591056800894444659942790164119552.00000	4143115319076036405417182404030691803136.00000
1317.36320	27202827244313119489735943776369865916416.00000	4406905813237396846443528564481978269696.00000
1318.08880	16718823855076573913754111064787765952512.00000	4177796865478777944809001440351608635392.00000
1318.81440	15643741981302733611207880924251039989760.00000	4438739177350259743986064883146775592960.00000
1319.54000	9025119417177903092923678319028094369792.00000	4769933096380033373433045554348892880896.00000
1320.26560	14572105794766215113296513084602651246592.00000	4855000167136177444725190441055425658880.00000
1320.99120	5542840884650157387126647778367565201408.00000	4497164402437502520919240187093790490624.00000
1321.71680	8892510455037313688006292298193979834368.00000	4210161092778345244903688047732107247616.00000
1322.44240	12548491277822883795397102971267745579008.00000	4057588343400397968785983718592155222016.00000
1323.16800	6578240577135898718189227013140727726080.00000	3868024829684812803729654345788978888704.00000
1323.89360	11464844778031254859300018788461103284224.00000	3802640972551355936010709333283159670784.00000
1324.61920	17936408633564036723139033211703723556864.00000	3784416820333596944976100655768142872576.00000
1325.34480	13242191434619685767864916286268996845568.00000	3763144651713008673682958297663751061504.00000
1326.07040	8722257443770488477360214067188678524928.00000	3774488208383163920539653223113218326528.00000
1326.79600	6158619324981408140508263450293735260160.00000	3849392359495643611337880872909826686976.00000
1327.52160	20302305059335664698226220356498104516608.00000	4129911592487410832330062462755195060224.00000
1328.24720	11034080897962881529259733527274610229248.00000	4206625085351666716763214730606174797824.00000
1328.97280	12359537355045586820466747926584739495936.00000	4455211697589023198506060843586724823040.00000
1329.69840	1830699920402698316183966342366791467008.00000	4722382886462962785746308218481180409856.00000
1330.42400	4484942606968831032195799594754258239488.00000	5048088390465392599017507015359689916416.00000
1331.14960	19590872784385090466010527178256178741248.00000	5124449543943888500758115787708682993664.00000
1331.87520	5448683174043307259174327375307019911168.00000	4670654519934157125424957984205298466816.00000
1332.60080	326310107769246105786791619292408315904.00000	4255965538446802079954845592574704484352.00000
1333.32640	15316205453039095783899971371982496202752.00000	4134673920333433051361882526952980480000.00000
1334.05200	13035157603678591899655482785651767640064.00000	4011120218775147031348800864625358798848.00000
1334.77760	7581653719571312524652487630918216843264.00000	3942431530905073675885235673663476334592.00000
1335.50320	5198642686217753400092677167226768326656.00000	3864012842485510845177999869969870880768.00000
1336.22880	6853204538274994323464140759799718477824.00000	3823428577237612024559136041537302953984.00000
1336.95440	13785840385608453725942252405810966560768.00000	3880467833112449566021173181207151640576.00000
1337.68000	7262453037993359644333315183397404934144.00000	3914149194825057954436318113454142521344.00000
1338.40560	12307293323985369460129416499257258541056.00000	4164588292628960239376012280966902972416.00000
1339.13120	8267498889038675041374140732689153523712.00000	4382675417894562794619381754525485367296.00000
1339.85680	8679543431795280372176867295738806140928.00000	4593735784267449658567414814996758003712.00000
1340.58240	31087829329778413651882667998428673343488.00000	4979738989215071841321022033830785056768.00000
1341.30800	13073841817686207637961907561510119407616.00000	4922380045319703538582726124780954583040.00000
1342.03360	18584236088621026730071123640978530893824.00000	4836636432263371520689174548809259155456.00000
1342.75920	14954373102104547167727363355292582543360.00000	4514495357044982492258466189119395463168.00000
1343.48480	22953252009236793391615767613391402696704.00000	4305136517285167416184302065601245872128.00000
1344.21040	23992772813470948031901181657319030652928.00000	4221096024193246057768411091118162182144.00000
1344.93600	19340230215653528219251065065412346511360.00000	4091659823236681932277516563157608300544.00000
1345.66160	20076657130296522215926436459548076146688.00000	4169022439828696339917126482628280582144.00000
1346.38720	14809660290089021095354972738785573339136.00000	4229512912560015741916754201702022774784.00000
1347.11280	14542735292594941665370952923391740346368.00000	4328282884007461819561648846312979824640.00000
1347.83840	20341352961669172763286979035182766489600.00000	4368442348945189596577545038299758854144.00000
1348.56400	18825116168575602175874587564684315983872.00000	4374406789754158290306440003507210682368.00000
1349.28960	7416825043075544777758760930889684746240.00000	4481179538073261440728752215527977385984.00000
1350.01520	21344331361596117844468542918565535154176.00000	4893620934743546906001136605258382835712.00000
1350.74080	18712790180480404146769815581678383398912.00000	5254976189915191382878528496928854900736.00000
1351.46640	22546293309582101078105313189828285693952.00000	5611822691732103538472181547046159777792.00000
1352.19200	25284123642529556641507292364855457087488.00000	5772503455967572696879266514390824779776.00000
1352.91760	17133835388201186288966886250952785920000.00000	5504173540034866901674657496710521028608.00000
1353.64320	21488270419397590731916816608500440367104.00000	5046433417816397225412267930589094477824.00000
1354.36880	10665498452245133363462181535801722011648.00000	4659059961003717774129403684726325116928.00000
1355.09440	11093409529628046361214126168232712732672.00000	4513909398181425438128531202996520878080.00000
1355.82000	5952187755097763879166227185071999156224.00000	4329476745231407263900958768106049634304.00000
1356.54560	4542538781577409408153588887225576194048.00000	4196564596799126426556656771115910168576.00000
1357.27120	13037228966206206943898731185196893208576.00000	4161672968968841322886288231834253787136.00000
1357.99680	10939272768733285320187502070466718203904.00000	4122642921340168416430648669430574219264.00000
1358.72240	16965626525057225362181126073965063700480.00000	4281815402630142984607172324832395132928.00000
1359.44800	14178650321841138582800154653249331265536.00000	4400658398533819985079031982925604192256.00000
1360.17360	18484045322550939326237395563146706419712.00000	4602500905365998382118618251479729831936.00000
1360.89920	24668544459136012988783686125338885095424.00000	4822052101585667651203711230337427177472.00000
1361.62480	11572432442417210080551976419955308494848.00000	4917116119653579000078471125031519780864.00000
1362.35040	14647477223293847859758451072512374603776.00000	5190011502401106816888558005630776901632.00000
1363.07600	15241131144073002863107596850319834742784.00000	5269806457339889499096462781268935835648.00000
1363.80160	16446442171673775068959390485317219778560.00000	4955290346819534499903941725614872985600.00000
1364.52720	21712034328436987276264020359701931753472.00000	4672960499599666052304016471395248635904.00000
1365.25280	18918539360215599644224663174866119163904.00000	4473000264818867108369830338031085682688.00000
1365.97840	20549974793958639375158611378184740929536.00000	4222681308000323240788944472099772170240.00000
1366.70400	20785054990981190171153701844261835636736.00000	3921111322197679147940501347097773080576.00000
1367.42960	15241124310669953734413801641826806923264.00000	3725068130792602200026156658984614887424.00000
1368.15520	7074996377754986843775928519885085212672.00000	3594853818102237932375902202901731213312.00000
1368.88080	5944529900780402298365097931406858780672.00000	3614004202618224759419946095097646415872.00000
1369.60640	11076121478472854114920778493681595318272.00000	3707807089867235145278040743255344152576.00000
1370.33200	18189979912930645070286459069901559562240.00000	3873478623147104327170631742698427514880.00000
1371.05760	22151568799745564408758977450649868828672.00000	4089347393131123362735729118408177876992.00000
1371.78320	20062839395451994198595511608640899383296.00000	4275881450460572114359473542272114491392.00000
1372.50880	6499185028752489444215770999634972901376.00000	4464035874155944457717756156527920545792.00000
1373.23440	-1337048536620346230506948084196249174016.00000	4675061328046364684221199924968332197888.00000
1373.96000	17995797991850821666878205733070971076608.00000	4846036098714776119516755543453228597248.00000
1374.68560	13913629910507708565068055210812290105344.00000	4530137849855933758330411907542220275712.00000
1375.41120	6465999125286457436966943827792198893568.00000	4283457515513843365788314895231836225536.00000
1376.13680	14808863535137040460125258398702294269952.00000	4124134923381169326133258902669656850432.00000
1376.86240	17860018727423197111894268779061644886016.00000	3976899470917190129211262182944950714368.00000
1377.58800	11166853294658000382176699759397437440000.00000	3786244039988412787012323159603652067328.00000
1378.31360	12007744720689382957476423232179958448128.00000	3690562486191351652828574090691673587712.00000
1379.03920	8431756721008090051196126109999646638080.00000	3630680184095939472512352030470864633856.00000
1379.76480	7352010034655566836355162339025562370048.00000	3655636936235781968472304306277371084800.00000
1380.49040	10063650252392404840601320950507352621056.00000	3717405152047996831202205226058402234368.00000
1381.21600	896133872164499599397470640558034649088.00000	3787959983718576080090930304359833010176.00000
1381.94160	8205027785736689342760775182610188992512.00000	3945020148162241597776925781059860168704.00000
1382.66720	14640708186127758508627818604733279502336.00000	4192222749887821718053656280561388355584.00000
1383.39280	3694056203210236372288593922666402938880.00000	4380771625258453898506841598275824386048.00000
1384.11840	3837442489643501342726955286062591639552.00000	4687872882340163649515869507757029720064.00000
1384.84400	4034030067760624364422350186609052221440.00000	4676836170944772659429680035765069807616.00000
1385.56960	14480804129373709936596245476936576401408.00000	4458304380518339318345781904466608390144.00000
1386.29520	13522640598045805638322930863745762590720.00000	4230323707301100181247810605492935327744.00000
1387.02080	4018564104320180000865525379014892453888.00000	3970965571412911867241760910194681839616.00000
1387.74640	3408862308758393388734990841793526890496.00000	3806414111568469830481919341057863057408.00000
1388.47200	6568750526739952373770896640433299914752.00000	3647883406560311790126866660478402166784.00000
1389.19760	12871488681042050998397505384986785611776.00000	3577351248348324146803860270962159124480.00000
1389.92320	16494614284940648263282251352702426546176.00000	3542960527085802607695256264637658693632.00000
1390.64880	20849128650069591886852809520309436678144.00000	3590335763764680041313100459134311989248.00000
1391.37440	23779670496049726219116680839090690588672.00000	3737778551753158738613821961292830736384.00000
1392.10000	19507799104669335769303752730381266190336.00000	3926036014002186177587728131268739596288.00000
1392.82560	15698022189141579262086538580617175498752.00000	4157292496655145486913867964518848528384.00000
1393.55120	7093594214073389192673335836500939505664.00000	4390223719265441130007197260310741254144.00000
1394.27680	2672379677226632798218618805710881816576.00000	4680581486454828686796788938802898927616.00000
1395.00240	18040866713194517461607336164573386375168.00000	5056394694527262806364544038977067286528.00000
1395.72800	19386938776616851272975955810639855747072.00000	5119138904242501170280087160441454723072.00000
1396.45360	19712707797647516720625828977977556205568.00000	4900651733459406162303047450169228394496.00000
1397.17920	16494315883838620286915263676940984254464.00000	4628452284067837647878409094308397318144.00000
1397.90480	13737169436324884664142332526792538062848.00000	4387000270199638021631063690465427587072.00000
1398.63040	7714101016757391856011598446477168345088.00000	4249877608037822419293815696390170345472.00000
1399.35600	-1014620593801732029876420887091739623424.00000	4107234507039555286893375909892573888512.00000
1400.08160	1236379134472995085144566695641269403648.00000	4093494886971023494637244889766484246528.00000
1400.80720	7420943833937967934584482708588458934272.00000	4145704967287370876190478037356612943872.00000
1401.53280	9783544890463900182934532372788043317248.00000	4253326792489698215365274530642665668608.00000
1402.25840	6363728266730217019565164047334604013568.00000	4361382173398297634930457543238991478784.00000
1402.98400	9363748259417667627844554767751842889728.00000	4626525367384657624617624513847020748800.00000
1403.70960	17722247738873880350903942424019658080256.00000	4956759571398274358167635617977068421120.00000
1404.43520	19579372930536267105817186238497772535808.00000	5367878522700153206200826755202682978304.00000
1405.16080	10415097263785217897067067894943967084544.00000	5672606397470769870445249427715884318720.00000
1405.88640	10759865343408059335904248112216090345472.00000	5981286983195546375964557101611161223168.00000
1406.61200	3275099462376151363844485706191715958784.00000	5886797261922956189644556694159613755392.00000
1407.33760	9763488811954576473670720129796401004544.00000	5590466054292136330375307945792872906752.00000
1408.06320	12211066637565869604457214361594941669376.00000	5338217345700855321000721287232100499456.00000
1408.78880	14304271481385811303226971639617442283520.00000	5022605545547378150286832732873177432064.00000
1409.51440	26529110150565119745608211696662557491200.00000	4826201392945664284015043414887571128320.00000
1410.24000	31273007328436442452447458670031017082880.00000	4649309767746353476411394626858638114816.00000
1410.96560	14001081108036986569429287875547190263808.00000	4387460502359698585137864863605179023360.00000
1411.69120	12971543368555929755512540697072561553408.00000	4297454908314860871267507019186545098752.00000
1412.41680	20444814873010219402486144824573159276544.00000	4316206956728422573880009599901086253056.00000
1413.14240	15717679966764992303285556286313377824768.00000	4330088652382343483391413356278595977216.00000
1413.86800	14864676111430093253176058176624710909952.00000	4463738968410823097322380290337036828672.00000
1414.59360	17215504887279939487327106599681850867712.00000	4709709685343597249829009006318158086144.00000
1415.31920	10759646923650407656527991267384459526144.00000	4913120958025821258273147400102076219392.00000
1416.04480	2952987136584329650523275574707866304512.00000	5066894401200066050974329219622635569152.00000
1416.77040	10584463300227117595103450229249364983808.00000	5221607766847431135885806341209330810880.00000
1417.49600	27136101725264291805963008662733259276288.00000	5149491850260829125043594974400782270464.00000
1418.22160	19474601025475955758780140310639381839872.00000	4804091970684718717251349599688201338880.00000
1418.94720	17558141156256629019360295507251202883584.00000	4218204314894850649136294415474488246272.00000
1419.67280	21841961854295693551735289312091859582976.00000	4075895568860568809529063254053454086144.00000
1420.39840	14030129161206440718453945767426879651840.00000	3800167074080886386754629464166720602112.00000
1421.12400	16265747229237819260890208706616467914752.00000	3691373102160144701541331814130527502336.00000
1421.84960	12719681379236217134325002805334616571904.00000	3564838096640295017120154079208224587776.00000
1422.57520	7266371536943672277672118038180294295552.00000	3508574524626205441735996040942127677440.00000
1423.30080	6745901747968851863527253719569703895040.00000	3548388807728919289662879202982641008640.00000
1424.02640	7301047001351832884491646167915199201280.00000	3639352207026613083757749587443777011712.00000
1424.75200	2426920194904096673283393410704588406784.00000	3765662781407037823135854816576273383424.00000
1425.47760	-2431661116601666198881565570752114065408.00000	3939549603521022858214898237087292588032.00000
1426.20320	1463083558993768523224394290536118222848.00000	4151352696481104867450522119638421078016.00000
1426.92880	9330396346747342045692956214711862427648.00000	4428907955156347198500827669272819924992.00000
1427.65440	19573503298453621132222989288144606593024.00000	4551746820757417654650250255735447355392.00000
1428.38000	17572811160181103353919884433101565198336.00000	4364876756577692679539716861317554896896.00000
1429.10560	13531426890442546360221149316938859544576.00000	4081425377936527739940067156670306844672.00000
1429.83120	18077304821859412907063377803195680030720.00000	3860167809204896925052634432803384066048.00000
1430.55680	18530155342046159172045729430109159424000.00000	3706171705428845906113285374758388498432.00000
1431.28240	10174419371641675411674645498587934359552.00000	3540801550547377615905370231567275786240.00000
1432.00800	10257313134184270468580701203575064231936.00000	3435763620962976745024426476013854130176.00000
1432.73360	22131495879904383315152359584750073020416.00000	3454183999619549417234621717150712201216.00000
1433.45920	18241439661555272329887479814404475715584.00000	3472373041465730836776485368330629152768.00000
1434.18480	9607220378475700119666693243124276264960.00000	3519470495182691026697553926056969240576.00000
1434.91040	7304842112188014086812170844414918262784.00000	3685336606174015192668824286870548512768.00000
1435.63600	12850036049239394457271630427681015726080.00000	3911999736574861696086804480754295242752.00000
1436.36160	20031372607678791415256927274385677484032.00000	4259731475866411634808776447629266518016.00000
1437.08720	10309784010206748076451451514821046960128.00000	4533860799502113456040142449567720275968.00000
1437.81280	15863487353646115769286299967663795863552.00000	4925262762954252349029524488710223036416.00000
1438.53840	2801000192737570928579710887271596032000.00000	5013394927345721396233451354056229388288.00000
1439.26400	4691811862684408147909478235201693810688.00000	4822907876133908311601796500508186247168.00000
1439.98960	8764298473696240831636817764850673385472.00000	4652437706511396319675748374611912294400.00000
1440.71520	2441662811363119077326569750833638932480.00000	4367516579420745007887850750150029869056.00000
1441.44080	9723143673982459663279479891707541061632.00000	4318120453978398354338670857112384438272.00000
1442.16640	6601076610924983757008218791030126804992.00000	4196557622444114412579878531353699942400.00000
1442.89200	23253015727850950619570725308635583348736.00000	4277144263035909808199984663386560397312.00000
1443.61760	21063671903485850201432188533430103834624.00000	4326385662746697690170469388926530355200.00000
1444.34320	13634212014658415894822292442782418075648.00000	4653833763017039421132646510848097910784.00000
1445.06880	4838908458637138253192413231795268485120.00000	4971139623212649975303794353947795259392.00000
1445.79440	7178327294834671906782569006340413325312.00000	5260695837121250870168044625901800914944.00000
1446.52000	12883120775622755616967734411566585479168.00000	5068856940522727498268435806454932307968.00000
1447.24560	3075697284769828819434946565799480918016.00000	5355872824348026552928740762344426045440.00000
1447.97120	9824665503690390025854191891109424136192.00000	5770704155631435300662452632305730060288.00000
1448.69680	1257801397713602380192680926442938171392.00000	6006713595686675918558544196042598907904.00000
1449.42240	4672781119371433868146558423317358837760.00000	5809068851940955743342748668664383275008.00000
1450.14800	17557405327894342565586763051781675024384.00000	5476256303184516260942018835419886518272.00000
1450.87360	3074648880338900011186671812013365133312.00000	5029330615942163164851735877469991862272.00000
1451.59920	2042126122461697021376562545398657318912.00000	4677265142935384628242903263402069590016.00000
1452.32480	4976161171848343753670239643945643540480.00000	4422149863181354694555990566046403657728.00000
1453.05040	6543918206069513304729991870033417994240.00000	4221170405471872865204302799707870068736.00000
1453.77600	13988338226848459831999970026058040737792.00000	4098830820931350143164462989084601614336.00000
1454.50160	17841846332303041463734739880049031249920.00000	3983648658715637963678342163758565031936.00000
1455.22720	9129022176379386769219127586220461260800.00000	3857994448271701393075564206264592367616.00000
1455.95280	9189805498329924871036646558029844578304.00000	3880648863835584291766056226032443195392.00000
1456.67840	13350499143863249178882561786983873511424.00000	3988974813245418563933017394901766111232.00000
1457.40400	7114428643083499966603401080435103498240.00000	4096514595598001102714008467743281512448.00000
1458.12960	11135763349599526985592263596215099195392.00000	4313434354377180359116458641370908721152.00000
1458.85520	17744399668628799908657941211872820723712.00000	4572894376468946246951975726728259567616.00000
1459.58080	25850702773424406556836978106255437463552.00000	4763156276763917018901423360063295193088.00000
1460.30640	17733071542323707989205596294361684901888.00000	4615962948273228801721338850621001826304.00000
1461.03200	13929673585359419673355449781836562038784.00000	4275197754204391128036832384731792277504.00000
1461.75760	16416956365955938039406098078314014965760.00000	3994371410414570459402402865719686463488.00000
1462.48320	15860199845424525685678182957975961862144.00000	3759938118556129389350973771625581772800.00000
1463.20880	13068279788584952489130438390111275057152.00000	3572348880972752060255203617795016228864.00000
1463.93440	9744488527801458149576217657806145191936.00000	3410957513919063660297903082110804033536.00000
1464.66000	12370638757945296729246092859891794313216.00000	3325499595174782930108955358344993832960.00000
1465.38560	18218029315625387997900186183464831156224.00000	3311023650937692418832569607675067760640.00000
1466.11120	15590536246417003774800254589639011074048.00000	3312581467326885646713021786003601358848.00000
1466.83680	4160798939734824849534828404106674044928.00000	3368763767003041660680581680959319965696.00000
1467.56240	862168354852804098807922904281265471488.00000	3511030912287844747231348727346102272000.00000
1468.28800	9049246249714490874916178655149813661696.00000	3772029427603634810659502276581466832896.00000
1469.01360	9134992399324070948405906414581277786112.00000	4015616195089355663541302342341711888384.00000
1469.73920	5640436659440203887383095930164898430976.00000	4296828556046103138511122637956717740032.00000
1470.46480	919775403076642707182565781564307800064.00000	4504757405483633949323786028404954890240.00000
1471.19040	5051866474089438075554769453917686202368.00000	4504256780282941213056801492599343939584.00000
1471.91600	13123327444616077071119536189316882497536.00000	4387977576425329059237695521543543586816.00000
1472.64160	11959835786819778390757535355530962272256.00000	4223669675095607511841679846817589624832.00000
1473.36720	8424946586239875963746535810060978749440.00000	4050686371138578903897142676807324008448.00000
1474.09280	5221054364355720591409527835825889345536.00000	3919822821224114352514034177012662272000.00000
1474.81840	4994898155917538703885187973572364075008.00000	3841417307075399536150278653591846649856.00000
1475.54400	2498006958140188820246588461678810103808.00000	3830565042307664751224721520494437728256.00000
1476.26960	-135653296291866890931271690267798798336.00000	3857528528484019239975073550099732758528.00000
1476.99520	11014547884897880311361955323193992413184.00000	4069713592655797467435076978198989242368.00000
1477.72080	22991390256323441130755475501460945371136.00000	4384665621946993924473238093582726856704.00000
1478.44640	13644372178689292803370642248442312654848.00000	4567120713777398533613886065630009884672.00000
1479.17200	7323514100154261141342747134459287437312.00000	4933273169702628873334679611736443584512.00000
1479.89760	8402246746081804947235054330379612717056.00000	5396661718606122525622875222492735078400.00000
1480.62320	9435636832806742212935068781737374908416.00000	5834046482771738173356782871530845503488.00000
1481.34880	6794261866522039756765767905708005654528.00000	6030308577384556093406002883858932957184.00000
1482.07440	2595701494013284777164955300817291706368.00000	5768877233645671130476556901771580014592.00000
1482.80000	8773415702119029252074401472574306385920.00000	5369088179966874208668415998628705861632.00000
1483.52560	6113534967051408564598350829739036377088.00000	5004429276652430911998334477123283058688.00000
1484.25120	17554516968758255056003334936015323267072.00000	4718860474066753832455964010843060830208.00000
1484.97680	15584014039418057528912732833609953574912.00000	4418762954529419383258802718567808630784.00000
1485.70240	14214501888565172355746117312952724881408.00000	4148549084560235129973938655869691494400.00000
1486.42800	23945093875884596300525880893850173571072.00000	4031584891480533131037433248022448308224.00000
1487.15360	18710559039632581522314229296122736672768.00000	3922365800015801339432419591570264686592.00000
1487.87920	12178614255884661952052998878115355688960.00000	3923831195586225559789897496027063123968.00000
1488.60480	12197475214831713974746764247903103877120.00000	3997592807028549582163481913888738377728.00000
1489.33040	6121763269882166305831976619919389229056.00000	4080273810755976908219555615178561159168.00000
1490.05600	6378116526686223935804496912639747686400.00000	4255149198278523883784027973521982357504.00000
1490.78160	9135898505153277567189769344208368304128.00000	4452061801266477959546015191907975561216.00000
1491.50720	8221590779850070721042605447578707296256.00000	4575196543707488024820560621572540334080.00000
1492.23280	516149558933463852797753137692596502528.00000	4547727493564549767621025680057415237632.00000
1492.95840	6508673828138454055458688695747242622976.00000	4386992688945438718230783377636581179392.00000
1493.68400	11854669077457622911166132714144301842432.00000	4104817776536291289756812097044541865984.00000
1494.40960	8219614301737414046607732149110184083456.00000	3858525227662784926241691426299668594688.00000
1495.13520	857400268820995012513427187326726963200.00000	3643911450712043070679970271776988987392.00000
1495.86080	2164839703853374989534521461453153632256.00000	3498063160665115134134744977332659814400.00000
1496.58640	7717352423106776749847259982844296953856.00000	3404248152355787516472145963935175016448.00000
1497.31200	7857644690593213549347026460575468093440.00000	3343418104882863549676208236423429488640.00000
1498.03760	4044304007815225434810875850433167884288.00000	3414774761057869854525308974130297569280.00000
1498.76320	-8003961125001029387375844557364838531072.00000	3591491743434473379325978801942869049344.00000
1499.48880	-2325396500807608846620619578470909870080.00000	3589632956169989550731309174842500055040.00000
1500.21440	12984818808284449788129118805807496953856.00000	3778203607423863125790492269819388231680.00000
1500.94000	18158218065231641192742240125703644250112.00000	4087257388877237187503418456879738650624.00000
1501.66560	-588844651905576803214767375302493470720.00000	4286069962571734205809417779015824965632.00000
1502.39120	6785459251970759738923768021918135877632.00000	4733861668017991442687636152829536632832.00000
1503.11680	1669620458257030485202400460564003291136.00000	4873982912588734686745868340728852119552.00000
1503.84240	8607193572292394047972443506127593799680.00000	4721553499193351193487761961628163112960.00000
1504.56800	14928234895276608545475616085258207756288.00000	4554480798951190932300946003202381185024.00000
1505.29360	6200234704572800864526414165745934008320.00000	4333847866881470973031130198656900136960.00000
1506.01920	5699781799884214312237361876494972878848.00000	4145609442190609817218938258056800108544.00000
1506.74480	16962184629938471615634991643477311225856.00000	4159419222979158822813891557791643992064.00000
1507.47040	19911580468943397999088110969192135524352.00000	4183586076935984954211782133027518283776.00000
1508.19600	18241813995533343110577492107953505828864.00000	4190105322283250995915967060944812507136.00000
1508.92160	9244966993420214978836932181030816710656.00000	4260662209278636217588422528882364645376.00000
1509.64720	18228071862275490326188686077709462274048.00000	4506588598205397476038120660789368979456.00000
1510.37280	18767985563589213551040159516726873030656.00000	4760443908775518754269490149709251084288.00000
1511.09840	6066513982728698043465093851668264517632.00000	4947474674678833120640387769324238012416.00000
1511.82400	-7119222581512144881914024690527489753088.00000	5129867550469805107285801449172959756288.00000
1512.54960	18812221572307749936359592583471202041856.00000	5491200772455760852089104846003885834240.00000
1513.27520	-920243427109333852701601321559565271040.00000	5559256744759457887816742815495046037504.00000
1514.00080	5301458559912598869259291505591958110208.00000	5477135503250489008900681461895318732800.00000
1514.72640	17318836018889853265799392482398618779648.00000	5118538507393573376592101951922163941376.00000
1515.45200	5335177075482813573148033969343306924032.00000	4587416012834956882130133221570196275200.00000
1516.17760	8279885454819763351415966250744745558016.00000	4292988169407036022771725340339012108288.00000
1516.90320	18231246069484714151139170875810244460544.00000	4111876977797346797112138211293988388864.00000
1517.62880	8779024456169981553393906110921227370496.00000	3904739414614690026797790205079904583680.00000
1518.35440	-1457553772306087278435285557707263705088.00000	3698721774113333542766656908717274955776.00000
1519.08000	4375124828928434058347511650128410705920.00000	3640583452091003069006634396385282097152.00000
1519.80560	13908026553607664117988952545591990157312.00000	3635380473307684935891280017280523567104.00000
1520.53120	6490162904329170011400327901377661501440.00000	3619833624593792857380887279459935191040.00000
1521.25680	6232241350787474763173674915913418145792.00000	3784839009884003159640358098138124255232.00000
1521.98240	7538404973885256422152668006895082012672.00000	3954090730874141785221247847206416809984.00000
1522.70800	-1294497700503605156504932762616841895936.00000	4091842079610940625832477715269702123520.00000
1523.43360	-467820233363237394864531724214693003264.00000	4275383021083367544723795291461600149504.00000
1524.15920	1971209419333594267247311534457249333248.00000	4476378892191522483856125586488166449152.00000
1524.88480	7229058335612504270284373068642487631872.00000	4409986034417970832675228955084368904192.00000
1525.61040	6503309106096273066522887511393905410048.00000	4130406795101139572928179080916616871936.00000
1526.33600	4267182594708720556178233490344341667840.00000	3920193407352526360815631929840360226816.00000
1527.06160	6545335522820619875168539859463230717952.00000	3756143812715028940706820571628117688320.00000
1527.78720	6556680728144311368410284463925198061568.00000	3621612251619451879997747575691073814528.00000
1528.51280	8195447395800999240742881346586815758336.00000	3538301125164173402743593268986163232768.00000
1529.23840	9420200658332011695047482710865800593408.00000	3476512223854007023293225120192524189696.00000
1529.96400	10134730516974594596457043372953261047808.00000	3502427260756364651807954388501722562560.00000
1530.68960	7473702538882437759845973677022189191168.00000	3578728423794553517403617239700665794560.00000
1531.41520	12288981895778714063526263720099136405504.00000	3729642650174362883970536504993725284352.00000
1532.14080	14680546923355149031389881587184097558528.00000	3928043443869196691765712460253195403264.00000
1532.86640	10465348618750621281067496024622336311296.00000	4118620495030110647655953098979867099136.00000
1533.59200	16218024380260725557209496126805145288704.00000	4438505338633105816401072779346067849216.00000
1534.31760	9352476136238251033966236050226287738880.00000	4722083841158872510875603509646773452800.00000
1535.04320	7430839666736707819213689487864843206656.00000	5025007720286569850405343225108641087488.00000
1535.76880	1919197465445107577141558328432049258496.00000	4988821088406258333735264732041525067776.00000
1536.49440	5136379765568134279471365846538886578176.00000	4882497629748099304164112301901507198976.00000
1537.22000	8541266275783190589392157931825719672832.00000	4786217809188505367865601337142865297408.00000
1537.94560	9736247736679897608881457725598578245632.00000	4673924276170040993447088144007326334976.00000
1538.67120	17238874679666702848814259915106321170432.00000	4626160925035438910948127989391224209408.00000
1539.39680	14792577214279431657945176743970204549120.00000	4464693240298827964192472645882173456384.00000
1540.12240	10953402095291727542701641285619761020928.00000	4223965786248898472120366853759980011520.00000
1540.84800	6723883654538606686328673453031460700160.00000	4122278153757507432311871316389657575424.00000
1541.57360	1730750577581124486387216099160134516736.00000	4113251969420586863550774568092231008256.00000
1542.29920	1027749483395364074185494026749382492160.00000	4195527387149033232207398046781581295616.00000
1543.02480	11176934990886130234640163321087113822208.00000	4340403380469369379386544895276361973760.00000
1543.75040	10946913195226355291587546928554136567808.00000	4468080434023183882885451415897107333120.00000
1544.47600	5548424457761103475820732119996725985280.00000	4634296222389952407958918516139232329728.00000
1545.20160	9579738492952249581215383503835297218560.00000	4813606380233691884201443736097055047680.00000
1545.92720	5146612208811595086921740679504740745216.00000	4823795856660147872683581920327969538048.00000
1546.65280	4034818363038307989453289032386013560832.00000	4620521958695301824228987321467189329920.00000
1547.37840	6826250214051739302652454730201777045504.00000	4323327348552730378455619825698856763392.00000
1548.10400	12229677634887738172895142173457988452352.00000	4097398347818327877689762177440733462528.00000
1548.82960	13433229943299423075022622551642566819840.00000	3890803390444035875929042107183956754432.00000
1549.55520	13245325518052657677421967827033544196096.00000	3714367759874915726553625356609047756800.00000
1550.28080	10641087166298656316086222604069748342784.00000	3572094607611839583024133271839588745216.00000
1551.00640	11880067552455726397211716218248784510976.00000	3504922234734804816628740308336220569600.00000
1551.73200	12683151809537020488979548051128476237824.00000	3473756751601977683433301602151539146752.00000
1552.45760	14330122271493169135803128640222164680704.00000	3509685340442666077193699913361361207296.00000
1553.18320	9884711817916557752400113970955021189120.00000	3566701321439520709225134736333221134336.00000
1553.90880	3971886166629143053966033317447759560704.00000	3663702140381745702573695975072240500736.00000
1554.63440	10732458531236175072266616548464244293632.00000	3896028570373205723170319623274134241280.00000
1555.36000	12680294676663937716035638231286910287872.00000	4172539558381160594367862567718373818368.00000
1556.08560	11449422123987786000174976472843607343104.00000	4539491678967737304368015108761484001280.00000
1556.81120	9154769368272289948546787856402603835392.00000	4755775932200051727041686520885474754560.00000
1557.53680	22280470364295142932330392816051380289536.00000	4722256157932682127263516051044290265088.00000
1558.26240	22504862235330525813501279358392838651904.00000	4520211506636206604607883991837094969344.00000
1558.98800	16374109405237687494942564015154137137152.00000	4239862313457891228975602058196636663808.00000
1559.71360	15778930854627241381122659900626493767680.00000	4072060930205845554602476106530263400448.00000
1560.43920	16342734449227576391143463454992691625984.00000	3940309351972910942458542454001868210176.00000
1561.16480	12695589396036716725159054840408597069824.00000	3899082536440348109537992449803199447040.00000
1561.89040	4574131365560344838386735491776667189248.00000	3930170468963913486527187881715973488640.00000
1562.61600	-752540022317467489446056973302298050560.00000	3994193068146006297516697704596303249408.00000
1563.34160	4031259366858820919200266662443126620160.00000	4157610953814516606673148342816716357632.00000
1564.06720	1145475599310127348211573984741642207232.00000	4371351479432659448362002747675289583616.00000
1564.79280	10892531305845191567986611181010452217856.00000	4609947398349526970067888181881128091648.00000
1565.51840	15301272716292920955375586071729833771008.00000	4832651809486776034756025354237293625344.00000
1566.24400	14251536028795953170441166755365105172480.00000	5010755747424033434252614211431999471616.00000
1566.96960	11112607100135989083907936728357600755712.00000	5195912479973897892041865664238431764480.00000
1567.69520	12149548389060385162485247027398699909120.00000	5249380881963031425999573655338623172608.00000
1568.42080	8639414635430393298335564225731394273280.00000	4897541389691020795676829831127682252800.00000
1569.14640	5426570776539767570041979694550010036224.00000	4571428043856335909942940525512200552448.00000
1569.87200	2483638266587471472563327875152191946752.00000	4237310319996609913317999875835585101824.00000
1570.59760	14301532224109876606974909041520957980672.00000	4006417949133327241267253366113999781888.00000
1571.32320	16243680876581325063106126115839034785792.00000	3766954683633707809829671936244792164352.00000
1572.04880	10217263260903857663522307561043838107648.00000	3543597618136240176483069110488148213760.00000
1572.77440	5582374743552919825098671895967202017280.00000	3460663506379643370503139169408617807872.00000
1573.50000	4615592689310088069227340330627414097920.00000	3459952697342534431432732066385334632448.00000
1574.22560	428752140133912058308255203903332679680.00000	3508016759180785354601995717440673153024.00000
1574.95120	-135443272733230795825721439101128802304.00000	3593645823499396049576147773008757391360.00000
1575.67680	-1793874156809371271927012490665607036928.00000	3725324133266772766716068539611517812736.00000
1576.40240	-2512347139487867980855418894273619165184.00000	3948027640929620765106422764817598119936.00000
1577.12800	6531766645564804750526086294482169364480.00000	4245370314312873699350499231532266291200.00000
1577.85360	4105242655491147076656583280210330255360.00000	4539125072064373065172524066980667326464.00000
1578.57920	5064820046436937458196711551521060290560.00000	4552827012300063632651913977854846566400.00000
1579.30480	8051544566546750770845105698710820487168.00000	4286534017662154851079972584070968246272.00000
1580.03040	10632063609050778360363371345448221540352.00000	4083566586338672751162775336174445658112.00000
1580.75600	5988284503830287966636056247212301090816.00000	3880293691845934128084047298644456505344.00000
1581.48160	7619000654738277138277934057798135447552.00000	3726606647341274834740105187003652374528.00000
1582.20720	10723325871122851011170105332508554952704.00000	3696326642690447961354854986305750695936.00000
1582.93280	622339312635980217403660768116987658240.00000	3616565948639390308152976281334070640640.00000
1583.65840	1578216572575289710036341739682233581568.00000	3657099195870354169923073101243992768512.00000
1584.38400	5476174573794742070507288819796646297600.00000	3757635944754001717897451522795126128640.00000
1585.10960	-387136231532936455015535132876086444032.00000	4031467820576288754780182867415939416064.00000
1585.83520	-1271530205389957183842248036700620062720.00000	4606403109395397796014391959491648159744.00000
1586.56080	7670470823091563654222461533916344877056.00000	4534748070320178537433157757998955757568.00000
1587.28640	3684365363231083551793354577042468765696.00000	4809392264664699948658785022976880279552.00000
1588.01200	10016155137045389324730053588076053135360.00000	5235669334073751793618751226975895945216.00000
1588.73760	12106457831409196247659411379529457860608.00000	5621209955458756966572408997308794929152.00000
1589.46320	9985781237859521567524374569092560977920.00000	5610492761084555295953356446112940032000.00000
1590.18880	10749009563533808060177748149772797083648.00000	5242556782203270514223308661934685945856.00000
1590.91440	2924064960840276746638187697558079406080.00000	4824496427497956707761166965518700118016.00000
1591.64000	-7496166982904044664669622778580302823424.00000	4445768347040731375385716080674787557376.00000
1592.36560	6667234446650990698203211121076299890688.00000	4189835438593048828979392657728726892544.00000
1593.09120	18259806345943871993098004540432228286464.00000	4036651464968124187686367850834608259072.00000
1593.81680	9212388437080470694868192319279284092928.00000	3814700558314775298317213499655066746880.00000
1594.54240	2827266028868899724419207424695682990080.00000	3714731575145894055632992298027873992704.00000
1595.26800	4623933991918701469383967448659790921728.00000	3731486847529119196640126872475274313728.00000
1595.99360	7889023668986942580001671281324985417728.00000	3792540677372223089940606733019020001280.00000
1596.71920	20366245729787429396611512761838259404800.00000	3934456370902811659851400515559410892800.00000
1597.44480	19744578183929223713024937507395649667072.00000	4018272757725161672184031437342814240768.00000
1598.17040	9157538164271646349306193797714253185024.00000	4094635340757090107008949373585955225600.00000
1598.89600	9103279002233140807329861455606683009024.00000	4286256262580308356166111238514978848768.00000
1599.62160	15950960304228945722661749629542914326528.00000	4523374087812967799157283891212489588736.00000
1600.34720	7076689025835267186187758415045019566080.00000	4433024095183133344513086138138260144128.00000
1601.07280	-3058876539867553882462548340655001698304.00000	4161278711510761581633047338886058999808.00000
1601.79840	3828890526507358558336799686518955311104.00000	3948558990939238312500822172135885635584.00000
1602.52400	15608171602888215602254446990590681808896.00000	3815866512881710548072368663488997883904.00000
1603.24960	21183894744953369318667958473120643284992.00000	3728130400174642527977920030224836198400.00000
1603.97520	14703120860537143799912754308249513099264.00000	3618758987689636070819788379504456499200.00000
1604.70080	5720300798608864577425900003810349154304.00000	3560106504147700064465024391178721689600.00000
1605.42640	7905537930306504499884077603841013448704.00000	3625569983330132696624863281360826007552.00000
1606.15200	4670895203360834678409196001736433598464.00000	3710842873196463040435747501673283584000.00000
1606.87760	3517125271699451278677432177797298651136.00000	3858635956139062080677973585371932393472.00000
1607.60320	10985210814951835942009401882101839560704.00000	4182658628581489919948394082052243193856.00000
1608.32880	2197376763932039654026856959523147481088.00000	4423095362897510532708520620672463929344.00000
1609.05440	11140144554079611043308600538806509109248.00000	4829153766754259130018616751670767386624.00000
1609.78000	8356443465568937319389243660027123728384.00000	5138201814572254744127214784250701152256.00000
1610.50560	-6221639845907293801671671492917508177920.00000	5318020057925174426653663659255394205696.00000
1611.23120	9111346917507272280293939520385744633856.00000	5195157759132808934690825163801681199104.00000
1611.95680	-1710412690755052049698166493602203566080.00000	4856141496095749714655550394353787600896.00000
1612.68240	6619698298037823983579925592536107712512.00000	4647623783490138094942908991936743342080.00000
1613.40800	21586726494091876562125387027644772515840.00000	4632036789932092804110634761656966578176.00000
1614.13360	13679617826975870609523016654153075130368.00000	4425990189060898149701778709188939087872.00000
1614.85920	15449537142974052680022912878872132321280.00000	4292959368613226348272288469046851010560.00000
1615.58480	16336341420561809647783689503055351382016.00000	4099860258864166068900389666192818700288.00000
1616.31040	8125806063013117825005139245653685174272.00000	3889866816275916896170531354277153079296.00000
1617.03600	7889594400120331825696812189253000757248.00000	3896885476653980721692601593863300186112.00000
1617.76160	5855324548481449997205474600099529097216.00000	3964571421999503760890831914829443235840.00000
1618.48720	6153391506956414498668666119014506823680.00000	4142780347446279140968088360628055441408.00000
1619.21280	10774427095342408285787145950656433487872.00000	4309655938298085372614186323876109090816.00000
1619.93840	18908457507152263512451318334944186466304.00000	4695084133528347903673031473098108436480.00000
1620.66400	10434049119772369708053817241103748825088.00000	5086304869471934195126919089361195630592.00000
1621.38960	12142274073513667413512042438852851269632.00000	5283644032803476329170176984970747183104.00000
1622.11520	14914942067474047938134055364068905058304.00000	5083930974492399580044476778081245200384.00000
1622.84080	15213134133671420967188761508995871539200.00000	4598455238864237900260000589805426573312.00000
1623.56640	10817065995175099853232215233012789411840.00000	4110431589223249438895065738167913021440.00000
1624.29200	29512959173793895499078683754250633216.00000	3710820654375147493962434512514631860224.00000
1625.01760	-2462798516859228577451942260911307227136.00000	3510145652569967163712061840630858383360.00000
1625.74320	-1274008869513861184559772341080231510016.00000	3454812221118761219511470375299058761728.00000
1626.46880	-35536108974411810499076393583217999872.00000	3468927439161682290521075233205115682816.00000
1627.19440	7891636603512183815823715199355482800128.00000	3576056207997484411641026875275874402304.00000
1627.92000	10215805331406479980013522930398761320448.00000	3714165439785234863251157119743752667136.00000
1628.64560	1810570163598913440482508374990773026816.00000	3887271216026109468105530538602245652480.00000
1629.37120	2074838524554337142795714750588972433408.00000	4141105204165559815541748063380686503936.00000
1630.09680	8494904123241600982383947337226023600128.00000	4466855090941135978981708466545831706624.00000
1630.82240	1489451328668316206705810382910977474560.00000	4755684667219279876044909822471934312448.00000
1631.54800	1787722484640252292330158768125307256832.00000	5162691759644197366761042978641876615168.00000
1632.27360	10888251697780929710864093982840479285248.00000	5400120613254309874016732151455829458944.00000
1632.99920	15361457298006299243202213835059838844928.00000	5358058335664586341636890257524969701376.00000
1633.72480	454698439876793260753166690091028971520.00000	5122189190546463293678631859303699447808.00000
1634.45040	12683008537698907379640261754766242086912.00000	5007168537527734905374891534003944292352.00000
1635.17600	-1045901476070012643797829498878151360512.00000	4792654962738293326313992207540349304832.00000
1635.90160	684101159721191580905374550373685002240.00000	4655266486641809490314417990805883977728.00000
1636.62720	7289020692193974965296188639721612640256.00000	4617886050886113146057805769997950124032.00000
1637.35280	14845209428390855885821814782931584942080.00000	4563730477762647010811636616237340950528.00000
1638.07840	11897954987967587443018557759213671546880.00000	4489239618938860902118959459319918100480.00000
1638.80400	10690033259880713647565694531594792992768.00000	4512030175312019937911164527930826031104.00000
1639.52960	11976291966373775574245663970314539761664.00000	4559195679255898244164042132430767783936.00000
1640.25520	   0.00000	   0.00000
