#A1689_1.rest_UV.280.resampled_noDC.txt
#Rest Wavelengths (A) | Resampled Luminosities (Unitless) | Resampled Lum. Errors
#
1110.00000	   0.00000	   0.00000
1110.80580	  -7.07635	   1.72260
1111.61160	  -3.21343	   1.50139
1112.41740	  -0.20658	   1.38529
1113.22320	  -1.20683	   1.31022
1114.02900	  -1.28325	   1.19657
1114.83480	  -1.22504	   1.03882
1115.64060	   0.71038	   0.88627
1116.44640	   0.52658	   0.78445
1117.25220	  -1.26757	   0.73995
1118.05800	  -0.57311	   0.71260
1118.86380	   0.17692	   0.65687
1119.66960	  -0.02202	   0.56608
1120.47540	   0.09765	   0.48908
1121.28120	  -0.32808	   0.44585
1122.08700	  -0.29043	   0.43765
1122.89280	   0.33676	   0.43348
1123.69860	  -0.91042	   0.38047
1124.50440	  -0.91912	   0.32755
1125.31020	  -0.21372	   0.28975
1126.11600	   0.19124	   0.27139
1126.92180	   0.15557	   0.26782
1127.72760	  -0.09423	   0.26249
1128.53340	   0.33771	   0.25545
1129.33920	   0.40577	   0.21985
1130.14500	   0.15214	   0.18934
1130.95080	   0.23093	   0.17481
1131.75660	   0.45174	   0.17480
1132.56240	   0.43874	   0.17923
1133.36820	   0.29039	   0.17261
1134.17400	   0.09542	   0.15077
1134.97980	   0.24849	   0.13437
1135.78560	   0.12384	   0.12354
1136.59140	   0.02710	   0.12057
1137.39720	   0.08047	   0.12348
1138.20300	   0.04390	   0.12539
1139.00880	   0.12740	   0.11621
1139.81460	   0.34109	   0.10286
1140.62040	   0.40956	   0.09466
1141.42620	   0.48710	   0.09247
1142.23200	   0.33623	   0.09250
1143.03780	   0.24228	   0.09586
1143.84360	   0.20062	   0.09108
1144.64940	   0.23294	   0.08005
1145.45520	   0.20182	   0.06993
1146.26100	   0.13533	   0.06390
1147.06680	   0.07507	   0.06182
1147.87260	   0.16535	   0.06412
1148.67840	   0.15392	   0.06794
1149.48420	   0.13579	   0.06555
1150.29000	   0.28974	   0.05917
1151.09580	   0.26029	   0.05248
1151.90160	   0.17045	   0.04903
1152.70740	   0.16414	   0.04898
1153.51320	   0.15765	   0.05166
1154.31900	   0.24005	   0.05610
1155.12480	   0.28398	   0.05541
1155.93060	   0.21334	   0.04840
1156.73640	   0.19611	   0.04296
1157.54220	   0.18607	   0.04023
1158.34800	   0.20766	   0.04009
1159.15380	   0.23975	   0.04276
1159.95960	   0.17097	   0.04788
1160.76540	  -0.01556	   0.04494
1161.57120	   0.03345	   0.04302
1162.37700	   0.16843	   0.04166
1163.18280	   0.21519	   0.04149
1163.98860	   0.22220	   0.04210
1164.79440	   0.22567	   0.04342
1165.60020	   0.11647	   0.04434
1166.40600	   0.11631	   0.04548
1167.21180	   0.17565	   0.04224
1168.01760	   0.19789	   0.03663
1168.82340	   0.15022	   0.03242
1169.62920	   0.16531	   0.03069
1170.43500	   0.21875	   0.03104
1171.24080	   0.21338	   0.03253
1172.04660	   0.16427	   0.03458
1172.85240	   0.12776	   0.03473
1173.65820	   0.13729	   0.03199
1174.46400	   0.16091	   0.02834
1175.26980	   0.10627	   0.02535
1176.07560	   0.10663	   0.02379
1176.88140	   0.13683	   0.02396
1177.68720	   0.14362	   0.02521
1178.49300	   0.13990	   0.02691
1179.29880	   0.17809	   0.02827
1180.10460	   0.18270	   0.02656
1180.91040	   0.15621	   0.02373
1181.71620	   0.17352	   0.02199
1182.52200	   0.16039	   0.02081
1183.32780	   0.14504	   0.02056
1184.13360	   0.16546	   0.02160
1184.93940	   0.16915	   0.02357
1185.74520	   0.16386	   0.02528
1186.55100	   0.13748	   0.02573
1187.35680	   0.13762	   0.02509
1188.16260	   0.16851	   0.02465
1188.96840	   0.19121	   0.02453
1189.77420	   0.12681	   0.02366
1190.58000	   0.11873	   0.02359
1191.38580	   0.11902	   0.02414
1192.19160	   0.16156	   0.02581
1192.99740	   0.13913	   0.02540
1193.80320	   0.16566	   0.02340
1194.60900	   0.19640	   0.02182
1195.41480	   0.15394	   0.02003
1196.22060	   0.15142	   0.01913
1197.02640	   0.15383	   0.01897
1197.83220	   0.17975	   0.01974
1198.63800	   0.17032	   0.02075
1199.44380	   0.12462	   0.02156
1200.24960	   0.14762	   0.02135
1201.05540	   0.17663	   0.01966
1201.86120	   0.15830	   0.01770
1202.66700	   0.12591	   0.01609
1203.47280	   0.12626	   0.01556
1204.27860	   0.10925	   0.01586
1205.08440	   0.13743	   0.01748
1205.89020	   0.11283	   0.01910
1206.69600	   0.09504	   0.02109
1207.50180	   0.11136	   0.02193
1208.30760	   0.16141	   0.02096
1209.11340	   0.14062	   0.01876
1209.91920	   0.12612	   0.01699
1210.72500	   0.15009	   0.01617
1211.53080	   0.14110	   0.01555
1212.33660	   0.14302	   0.01560
1213.14240	   0.18310	   0.01657
1213.94820	   0.30597	   0.01890
1214.75400	   0.59904	   0.02472
1215.55980	   1.13765	   0.03715
1216.36560	   1.53063	   0.04678
1217.17140	   1.52924	   0.04816
1217.97720	   0.99906	   0.03509
1218.78300	   0.46308	   0.02179
1219.58880	   0.21509	   0.01740
1220.39460	   0.16290	   0.01691
1221.20040	   0.16640	   0.01709
1222.00620	   0.15265	   0.01739
1222.81200	   0.12552	   0.01760
1223.61780	   0.13806	   0.01764
1224.42360	   0.16690	   0.01686
1225.22940	   0.14892	   0.01543
1226.03520	   0.19182	   0.01571
1226.84100	   0.17878	   0.01556
1227.64680	   0.17912	   0.01505
1228.45260	   0.15428	   0.01495
1229.25840	   0.12450	   0.01494
1230.06420	   0.10067	   0.01495
1230.87000	   0.12497	   0.01568
1231.67580	   0.13142	   0.01630
1232.48160	   0.11061	   0.01534
1233.28740	   0.13427	   0.01421
1234.09320	   0.09727	   0.01259
1234.89900	   0.11226	   0.01187
1235.70480	   0.12544	   0.01156
1236.51060	   0.11811	   0.01125
1237.31640	   0.12466	   0.01141
1238.12220	   0.11849	   0.01168
1238.92800	   0.12241	   0.01222
1239.73380	   0.14700	   0.01331
1240.53960	   0.14540	   0.01391
1241.34540	   0.14369	   0.01377
1242.15120	   0.15385	   0.01273
1242.95700	   0.18950	   0.01250
1243.76280	   0.17235	   0.01171
1244.56860	   0.16160	   0.01148
1245.37440	   0.16601	   0.01233
1246.18020	   0.13979	   0.01311
1246.98600	   0.11504	   0.01385
1247.79180	   0.12854	   0.01485
1248.59760	   0.15741	   0.01566
1249.40340	   0.17860	   0.01645
1250.20920	   0.13255	   0.01606
1251.01500	   0.14661	   0.01535
1251.82080	   0.17349	   0.01429
1252.62660	   0.16919	   0.01313
1253.43240	   0.15941	   0.01221
1254.23820	   0.15672	   0.01154
1255.04400	   0.16196	   0.01126
1255.84980	   0.16928	   0.01125
1256.65560	   0.17058	   0.01141
1257.46140	   0.17073	   0.01175
1258.26720	   0.16852	   0.01215
1259.07300	   0.13904	   0.01220
1259.87880	   0.13966	   0.01315
1260.68460	   0.16108	   0.01286
1261.49040	   0.15245	   0.01190
1262.29620	   0.14380	   0.01105
1263.10200	   0.14742	   0.01074
1263.90780	   0.16230	   0.01080
1264.71360	   0.15934	   0.01064
1265.51940	   0.16031	   0.01067
1266.32520	   0.15277	   0.01058
1267.13100	   0.16392	   0.01093
1267.93680	   0.14244	   0.01093
1268.74260	   0.16844	   0.01174
1269.54840	   0.19039	   0.01273
1270.35420	   0.17123	   0.01326
1271.16000	   0.16865	   0.01335
1271.96580	   0.18679	   0.01315
1272.77160	   0.16937	   0.01254
1273.57740	   0.15154	   0.01089
1274.38320	   0.11802	   0.00975
1275.18900	   0.13925	   0.00983
1275.99480	   0.14326	   0.01004
1276.80060	   0.16074	   0.01062
1277.60640	   0.15983	   0.01090
1278.41220	   0.16595	   0.01119
1279.21800	   0.18197	   0.01164
1280.02380	   0.17281	   0.01175
1280.82960	   0.15784	   0.01185
1281.63540	   0.14134	   0.01194
1282.44120	   0.17255	   0.01251
1283.24700	   0.15253	   0.01168
1284.05280	   0.13409	   0.01074
1284.85860	   0.14501	   0.01027
1285.66440	   0.14530	   0.00997
1286.47020	   0.15351	   0.01025
1287.27600	   0.13670	   0.01029
1288.08180	   0.15521	   0.01091
1288.88760	   0.15271	   0.01108
1289.69340	   0.14138	   0.01082
1290.49920	   0.15808	   0.01102
1291.30500	   0.15275	   0.01095
1292.11080	   0.16772	   0.01138
1292.91660	   0.12706	   0.01093
1293.72240	   0.12621	   0.01130
1294.52820	   0.13674	   0.01154
1295.33400	   0.10340	   0.01078
1296.13980	   0.11371	   0.01020
1296.94560	   0.14686	   0.01023
1297.75140	   0.10642	   0.00922
1298.55720	   0.12815	   0.00916
1299.36300	   0.13478	   0.00901
1300.16880	   0.12247	   0.00866
1300.97460	   0.11101	   0.00833
1301.78040	   0.12440	   0.00850
1302.58620	   0.11411	   0.00835
1303.39200	   0.11646	   0.00848
1304.19780	   0.11070	   0.00855
1305.00360	   0.12678	   0.00906
1305.80940	   0.15331	   0.00993
1306.61520	   0.14006	   0.01012
1307.42100	   0.13099	   0.01040
1308.22680	   0.13672	   0.01057
1309.03260	   0.14727	   0.01078
1309.83840	   0.14962	   0.01103
1310.64420	   0.14878	   0.01125
1311.45000	   0.11739	   0.01078
1312.25580	   0.10678	   0.01040
1313.06160	   0.11717	   0.01016
1313.86740	   0.11316	   0.00980
1314.67320	   0.13248	   0.00999
1315.47900	   0.14403	   0.01015
1316.28480	   0.11701	   0.00972
1317.09060	   0.11535	   0.00965
1317.89640	   0.12248	   0.00966
1318.70220	   0.13426	   0.00985
1319.50800	   0.12975	   0.00979
1320.31380	   0.12617	   0.00989
1321.11960	   0.13396	   0.01016
1321.92540	   0.15989	   0.01069
1322.73120	   0.12597	   0.00999
1323.53700	   0.15072	   0.00997
1324.34280	   0.15450	   0.00954
1325.14860	   0.15472	   0.00906
1325.95440	   0.12782	   0.00810
1326.76020	   0.13380	   0.00794
1327.56600	   0.13557	   0.00785
1328.37180	   0.13625	   0.00788
1329.17760	   0.11112	   0.00754
1329.98340	   0.10359	   0.00750
1330.78920	   0.10491	   0.00758
1331.59500	   0.10982	   0.00762
1332.40080	   0.10916	   0.00762
1333.20660	   0.10807	   0.00766
1334.01240	   0.10353	   0.00769
1334.81820	   0.11108	   0.00800
1335.62400	   0.12882	   0.00855
1336.42980	   0.13182	   0.00912
1337.23560	   0.12778	   0.00968
1338.04140	   0.12534	   0.01002
1338.84720	   0.15028	   0.01064
1339.65300	   0.15213	   0.01050
1340.45880	   0.14898	   0.01008
1341.26460	   0.14445	   0.00966
1342.07040	   0.12488	   0.00917
1342.87620	   0.13123	   0.00908
1343.68200	   0.12560	   0.00888
1344.48780	   0.12660	   0.00883
1345.29360	   0.13521	   0.00891
1346.09940	   0.11984	   0.00857
1346.90520	   0.12508	   0.00852
1347.71100	   0.14322	   0.00870
1348.51680	   0.13653	   0.00851
1349.32260	   0.12544	   0.00870
1350.12840	   0.12389	   0.00850
1350.93420	   0.13040	   0.00857
1351.74000	   0.12311	   0.00867
1352.54580	   0.12968	   0.00911
1353.35160	   0.14462	   0.00971
1354.15740	   0.13557	   0.00990
1354.96320	   0.12596	   0.01000
1355.76900	   0.11759	   0.00984
1356.57480	   0.11966	   0.00973
1357.38060	   0.13131	   0.00968
1358.18640	   0.13995	   0.00955
1358.99220	   0.13227	   0.00906
1359.79800	   0.12632	   0.00865
1360.60380	   0.13944	   0.00857
1361.40960	   0.12290	   0.00798
1362.21540	   0.11141	   0.00756
1363.02120	   0.11928	   0.00754
1363.82700	   0.11361	   0.00732
1364.63280	   0.11475	   0.00732
1365.43860	   0.11421	   0.00729
1366.24440	   0.11364	   0.00735
1367.05020	   0.13598	   0.00792
1367.85600	   0.14033	   0.00819
1368.66180	   0.13881	   0.00878
1369.46760	   0.11415	   0.00836
1370.27340	   0.12633	   0.00852
1371.07920	   0.13093	   0.00859
1371.88500	   0.14450	   0.00890
1372.69080	   0.14707	   0.00905
1373.49660	   0.13027	   0.00894
1374.30240	   0.12684	   0.00939
1375.10820	   0.13666	   0.00911
1375.91400	   0.11977	   0.00880
1376.71980	   0.13388	   0.00896
1377.52560	   0.13740	   0.00906
1378.33140	   0.13058	   0.00912
1379.13720	   0.12242	   0.00903
1379.94300	   0.12046	   0.00897
1380.74880	   0.12543	   0.00890
1381.55460	   0.12654	   0.00876
1382.36040	   0.12386	   0.00865
1383.16620	   0.12705	   0.00862
1383.97200	   0.11136	   0.00828
1384.77780	   0.12777	   0.00836
1385.58360	   0.13724	   0.00821
1386.38940	   0.12379	   0.00768
1387.19520	   0.12196	   0.00747
1388.00100	   0.11521	   0.00730
1388.80680	   0.09815	   0.00703
1389.61260	   0.11062	   0.00721
1390.41840	   0.12725	   0.00738
1391.22420	   0.11053	   0.00694
1392.03000	   0.09090	   0.00659
1392.83580	   0.07423	   0.00638
1393.64160	   0.09127	   0.00669
1394.44740	   0.09187	   0.00685
1395.25320	   0.09433	   0.00710
1396.05900	   0.10240	   0.00746
1396.86480	   0.12306	   0.00800
1397.67060	   0.11497	   0.00799
1398.47640	   0.10470	   0.00793
1399.28220	   0.10824	   0.00807
1400.08800	   0.12327	   0.00829
1400.89380	   0.10099	   0.00789
1401.69960	   0.08834	   0.00775
1402.50540	   0.08351	   0.00764
1403.31120	   0.10272	   0.00795
1404.11700	   0.11291	   0.00796
1404.92280	   0.11768	   0.00785
1405.72860	   0.11529	   0.00763
1406.53440	   0.12402	   0.00759
1407.34020	   0.11493	   0.00729
1408.14600	   0.10735	   0.00705
1408.95180	   0.11163	   0.00701
1409.75760	   0.11651	   0.00702
1410.56340	   0.11143	   0.00688
1411.36920	   0.11568	   0.00692
1412.17500	   0.11464	   0.00682
1412.98080	   0.10791	   0.00656
1413.78660	   0.10486	   0.00639
1414.59240	   0.11222	   0.00641
1415.39820	   0.12010	   0.00656
1416.20400	   0.09837	   0.00631
1417.00980	   0.09265	   0.00636
1417.81560	   0.10443	   0.00663
1418.62140	   0.10754	   0.00664
1419.42720	   0.11797	   0.00670
1420.23300	   0.10554	   0.00640
1421.03880	   0.10424	   0.00642
1421.84460	   0.10532	   0.00648
1422.65040	   0.10212	   0.00650
1423.45620	   0.10240	   0.00654
1424.26200	   0.11915	   0.00682
1425.06780	   0.12343	   0.00702
1425.87360	   0.11766	   0.00673
1426.67940	   0.10639	   0.00646
1427.48520	   0.11468	   0.00664
1428.29100	   0.11296	   0.00670
1429.09680	   0.13061	   0.00711
1429.90260	   0.10664	   0.00679
1430.70840	   0.10191	   0.00674
1431.51420	   0.11374	   0.00695
1432.32000	   0.10567	   0.00684
1433.12580	   0.10414	   0.00665
1433.93160	   0.10240	   0.00660
1434.73740	   0.09744	   0.00673
1435.54320	   0.08808	   0.00642
1436.34900	   0.10327	   0.00650
1437.15480	   0.09396	   0.00633
1437.96060	   0.10058	   0.00642
1438.76640	   0.11045	   0.00655
1439.57220	   0.10306	   0.00639
1440.37800	   0.10444	   0.00639
1441.18380	   0.11957	   0.00664
1441.98960	   0.10809	   0.00638
1442.79540	   0.10803	   0.00641
1443.60120	   0.10269	   0.00627
1444.40700	   0.10755	   0.00642
1445.21280	   0.10207	   0.00638
1446.01860	   0.09761	   0.00634
1446.82440	   0.11016	   0.00656
1447.63020	   0.10873	   0.00643
1448.43600	   0.11962	   0.00650
1449.24180	   0.12085	   0.00634
1450.04760	   0.11664	   0.00609
1450.85340	   0.10874	   0.00577
1451.65920	   0.11722	   0.00580
1452.46500	   0.10648	   0.00544
1453.27080	   0.09565	   0.00514
1454.07660	   0.09847	   0.00505
1454.88240	   0.10376	   0.00505
1455.68820	   0.10331	   0.00503
1456.49400	   0.10449	   0.00522
1457.29980	   0.11958	   0.00572
1458.10560	   0.11806	   0.00571
1458.91140	   0.11543	   0.00578
1459.71720	   0.10133	   0.00558
1460.52300	   0.10104	   0.00562
1461.32880	   0.09799	   0.00554
1462.13460	   0.10205	   0.00562
1462.94040	   0.11621	   0.00585
1463.74620	   0.11361	   0.00572
1464.55200	   0.10226	   0.00545
1465.35780	   0.10135	   0.00537
1466.16360	   0.09585	   0.00514
1466.96940	   0.09143	   0.00492
1467.77520	   0.09411	   0.00490
1468.58100	   0.10242	   0.00508
1469.38680	   0.09732	   0.00512
1470.19260	   0.10321	   0.00543
1470.99840	   0.10821	   0.00573
1471.80420	   0.10763	   0.00589
1472.61000	   0.10900	   0.00602
1473.41580	   0.10657	   0.00605
1474.22160	   0.11517	   0.00626
1475.02740	   0.10117	   0.00602
1475.83320	   0.10058	   0.00608
1476.63900	   0.10733	   0.00623
1477.44480	   0.09480	   0.00603
1478.25060	   0.10900	   0.00635
1479.05640	   0.10168	   0.00621
1479.86220	   0.11851	   0.00653
1480.66800	   0.09289	   0.00612
1481.47380	   0.09417	   0.00626
1482.27960	   0.09910	   0.00639
1483.08540	   0.10852	   0.00663
1483.89120	   0.10516	   0.00663
1484.69700	   0.10829	   0.00673
1485.50280	   0.11497	   0.00676
1486.30860	   0.10020	   0.00649
1487.11440	   0.09409	   0.00639
1487.92020	   0.09281	   0.00635
1488.72600	   0.09530	   0.00639
1489.53180	   0.10355	   0.00649
1490.33760	   0.10733	   0.00649
1491.14340	   0.10520	   0.00640
1491.94920	   0.10334	   0.00632
1492.75500	   0.09452	   0.00618
1493.56080	   0.09323	   0.00623
1494.36660	   0.07976	   0.00612
1495.17240	   0.08915	   0.00630
1495.97820	   0.08323	   0.00617
1496.78400	   0.10020	   0.00639
1497.58980	   0.11264	   0.00649
1498.39560	   0.10414	   0.00626
1499.20140	   0.09061	   0.00599
1500.00720	   0.09046	   0.00590
1500.81300	   0.09664	   0.00592
1501.61880	   0.08859	   0.00574
1502.42460	   0.08707	   0.00575
1503.23040	   0.10236	   0.00601
1504.03620	   0.10715	   0.00610
1504.84200	   0.10160	   0.00600
1505.64780	   0.07948	   0.00563
1506.45360	   0.07671	   0.00556
1507.25940	   0.08312	   0.00556
1508.06520	   0.07882	   0.00545
1508.87100	   0.08551	   0.00554
1509.67680	   0.09402	   0.00562
1510.48260	   0.08203	   0.00549
1511.28840	   0.06397	   0.00539
1512.09420	   0.08323	   0.00540
1512.90000	   0.08441	   0.00528
1513.70580	   0.09220	   0.00539
1514.51160	   0.08919	   0.00524
1515.31740	   0.09740	   0.00529
1516.12320	   0.09953	   0.00523
1516.92900	   0.09537	   0.00510
1517.73480	   0.08472	   0.00489
1518.54060	   0.08735	   0.00494
1519.34640	   0.09013	   0.00496
1520.15220	   0.09298	   0.00502
1520.95800	   0.09211	   0.00503
1521.76380	   0.08761	   0.00497
1522.56960	   0.09027	   0.00501
1523.37540	   0.08561	   0.00492
1524.18120	   0.08757	   0.00498
1524.98700	   0.08576	   0.00494
1525.79280	   0.07772	   0.00483
1526.59860	   0.06990	   0.00473
1527.40440	   0.07790	   0.00485
1528.21020	   0.08227	   0.00487
1529.01600	   0.09003	   0.00498
1529.82180	   0.09547	   0.00506
1530.62760	   0.09903	   0.00512
1531.43340	   0.09391	   0.00500
1532.23920	   0.09519	   0.00499
1533.04500	   0.09018	   0.00487
1533.85080	   0.07376	   0.00459
1534.65660	   0.07504	   0.00461
1535.46240	   0.08297	   0.00472
1536.26820	   0.08717	   0.00478
1537.07400	   0.09062	   0.00487
1537.87980	   0.08297	   0.00479
1538.68560	   0.07203	   0.00469
1539.49140	   0.07817	   0.00485
1540.29720	   0.08144	   0.00492
1541.10300	   0.07775	   0.00490
1541.90880	   0.07964	   0.00501
1542.71460	   0.08527	   0.00519
1543.52040	   0.08262	   0.00490
1544.32620	   0.08274	   0.00485
1545.13200	   0.08563	   0.00484
1545.93780	   0.07330	   0.00461
1546.74360	   0.06555	   0.00450
1547.54940	   0.06898	   0.00453
1548.35520	   0.06805	   0.00449
1549.16100	   0.06549	   0.00444
1549.96680	   0.07447	   0.00457
1550.77260	   0.08147	   0.00463
1551.57840	   0.08497	   0.00464
1552.38420	   0.08535	   0.00459
1553.19000	   0.08489	   0.00454
1553.99580	   0.09450	   0.00467
1554.80160	   0.09891	   0.00471
1555.60740	   0.10082	   0.00478
1556.41320	   0.09218	   0.00466
1557.21900	   0.08336	   0.00455
1558.02480	   0.08658	   0.00462
1558.83060	   0.09047	   0.00464
1559.63640	   0.08995	   0.00460
1560.44220	   0.08566	   0.00451
1561.24800	   0.08115	   0.00444
1562.05380	   0.08195	   0.00442
1562.85960	   0.08474	   0.00442
1563.66540	   0.07806	   0.00428
1564.47120	   0.07751	   0.00428
1565.27700	   0.09103	   0.00452
1566.08280	   0.09535	   0.00458
1566.88860	   0.09206	   0.00452
1567.69440	   0.08224	   0.00434
1568.50020	   0.07473	   0.00426
1569.30600	   0.07220	   0.00425
1570.11180	   0.07683	   0.00436
1570.91760	   0.08571	   0.00450
1571.72340	   0.08740	   0.00452
1572.52920	   0.08496	   0.00450
1573.33500	   0.08332	   0.00450
1574.14080	   0.08493	   0.00463
1574.94660	   0.08779	   0.00456
1575.75240	   0.08515	   0.00449
1576.55820	   0.08819	   0.00455
1577.36400	   0.08049	   0.00443
1578.16980	   0.07861	   0.00443
1578.97560	   0.08159	   0.00447
1579.78140	   0.08642	   0.00451
1580.58720	   0.09203	   0.00458
1581.39300	   0.08540	   0.00445
1582.19880	   0.08086	   0.00440
1583.00460	   0.09038	   0.00459
1583.81040	   0.07770	   0.00437
1584.61620	   0.07036	   0.00431
1585.42200	   0.07427	   0.00434
1586.22780	   0.08374	   0.00446
1587.03360	   0.08506	   0.00446
1587.83940	   0.08156	   0.00441
1588.64520	   0.07623	   0.00436
1589.45100	   0.07645	   0.00437
1590.25680	   0.07112	   0.00425
1591.06260	   0.07276	   0.00421
1591.86840	   0.07316	   0.00419
1592.67420	   0.07360	   0.00419
1593.48000	   0.08770	   0.00444
1594.28580	   0.09065	   0.00450
1595.09160	   0.08427	   0.00448
1595.89740	   0.08123	   0.00458
1596.70320	   0.06952	   0.00454
1597.50900	   0.08137	   0.00484
1598.31480	   0.07686	   0.00472
1599.12060	   0.07119	   0.00461
1599.92640	   0.07632	   0.00465
1600.73220	   0.07347	   0.00456
1601.53800	   0.07066	   0.00457
1602.34380	   0.07122	   0.00465
1603.14960	   0.07060	   0.00469
1603.95540	   0.08002	   0.00481
1604.76120	   0.07363	   0.00467
1605.56700	   0.07035	   0.00463
1606.37280	   0.08061	   0.00480
1607.17860	   0.07376	   0.00472
1607.98440	   0.07143	   0.00481
1608.79020	   0.07529	   0.00491
1609.59600	   0.07589	   0.00490
1610.40180	   0.07590	   0.00494
1611.20760	   0.08177	   0.00508
1612.01340	   0.08851	   0.00523
1612.81920	   0.08164	   0.00522
1613.62500	   0.08157	   0.00529
1614.43080	   0.07866	   0.00525
1615.23660	   0.07316	   0.00518
1616.04240	   0.08316	   0.00533
1616.84820	   0.09231	   0.00538
1617.65400	   0.08133	   0.00521
1618.45980	   0.08302	   0.00528
1619.26560	   0.08023	   0.00526
1620.07140	   0.07555	   0.00520
1620.87720	   0.07282	   0.00512
1621.68300	   0.07242	   0.00507
1622.48880	   0.07355	   0.00503
1623.29460	   0.06358	   0.00490
1624.10040	   0.07175	   0.00505
1624.90620	   0.08839	   0.00523
1625.71200	   0.08564	   0.00512
1626.51780	   0.08263	   0.00508
1627.32360	   0.08487	   0.00511
1628.12940	   0.08385	   0.00508
1628.93520	   0.08560	   0.00511
1629.74100	   0.08686	   0.00514
1630.54680	   0.08070	   0.00507
1631.35260	   0.07927	   0.00508
1632.15840	   0.08820	   0.00518
1632.96420	   0.09279	   0.00516
1633.77000	   0.08512	   0.00502
1634.57580	   0.09062	   0.00508
1635.38160	   0.08711	   0.00495
1636.18740	   0.07827	   0.00482
1636.99320	   0.08710	   0.00489
1637.79900	   0.09145	   0.00485
1638.60480	   0.09372	   0.00483
1639.41060	   0.09061	   0.00470
1640.21640	   0.09047	   0.00467
1641.02220	   0.09928	   0.00478
1641.82800	   0.09607	   0.00465
1642.63380	   0.08522	   0.00447
1643.43960	   0.08380	   0.00446
1644.24540	   0.08485	   0.00442
1645.05120	   0.08383	   0.00438
1645.85700	   0.08480	   0.00434
1646.66280	   0.08495	   0.00428
1647.46860	   0.08442	   0.00422
1648.27440	   0.08130	   0.00411
1649.08020	   0.08260	   0.00408
1649.88600	   0.08700	   0.00413
1650.69180	   0.08350	   0.00405
1651.49760	   0.08276	   0.00404
1652.30340	   0.07650	   0.00395
1653.10920	   0.07180	   0.00394
1653.91500	   0.07738	   0.00403
1654.72080	   0.07983	   0.00404
1655.52660	   0.08040	   0.00404
1656.33240	   0.07912	   0.00400
1657.13820	   0.08003	   0.00400
1657.94400	   0.08198	   0.00402
1658.74980	   0.08232	   0.00402
1659.55560	   0.08212	   0.00402
1660.36140	   0.07719	   0.00396
1661.16720	   0.07731	   0.00399
1661.97300	   0.08514	   0.00411
1662.77880	   0.08738	   0.00412
1663.58460	   0.08304	   0.00408
1664.39040	   0.08663	   0.00420
1665.19620	   0.09596	   0.00434
1666.00200	   0.10539	   0.00449
1666.80780	   0.09665	   0.00436
1667.61360	   0.07745	   0.00415
1668.41940	   0.07616	   0.00420
1669.22520	   0.07274	   0.00423
1670.03100	   0.06810	   0.00421
1670.83680	   0.05759	   0.00412
1671.64260	   0.06584	   0.00420
1672.44840	   0.07292	   0.00429
1673.25420	   0.07351	   0.00433
1674.06000	   0.07909	   0.00445
1674.86580	   0.07868	   0.00446
1675.67160	   0.08480	   0.00460
1676.47740	   0.08621	   0.00465
1677.28320	   0.08190	   0.00468
1678.08900	   0.08126	   0.00475
1678.89480	   0.08308	   0.00484
1679.70060	   0.08339	   0.00489
1680.50640	   0.07567	   0.00485
1681.31220	   0.07744	   0.00497
1682.11800	   0.08020	   0.00504
1682.92380	   0.07849	   0.00506
1683.72960	   0.07216	   0.00502
1684.53540	   0.06927	   0.00505
1685.34120	   0.08022	   0.00525
1686.14700	   0.07696	   0.00521
1686.95280	   0.07145	   0.00512
1687.75860	   0.07547	   0.00507
1688.56440	   0.07578	   0.00499
1689.37020	   0.07781	   0.00494
1690.17600	   0.07209	   0.00479
1690.98180	   0.06848	   0.00470
1691.78760	   0.07558	   0.00474
1692.59340	   0.06925	   0.00459
1693.39920	   0.06575	   0.00451
1694.20500	   0.07566	   0.00456
1695.01080	   0.07478	   0.00446
1695.81660	   0.07605	   0.00443
1696.62240	   0.07867	   0.00439
1697.42820	   0.07268	   0.00424
1698.23400	   0.07606	   0.00424
1699.03980	   0.08024	   0.00422
1699.84560	   0.08404	   0.00421
1700.65140	   0.07553	   0.00402
1701.45720	   0.07303	   0.00397
1702.26300	   0.06910	   0.00387
1703.06880	   0.06942	   0.00387
1703.87460	   0.07081	   0.00387
1704.68040	   0.07214	   0.00386
1705.48620	   0.07173	   0.00383
1706.29200	   0.06829	   0.00377
1707.09780	   0.06724	   0.00374
1707.90360	   0.07329	   0.00379
1708.70940	   0.07436	   0.00376
1709.51520	   0.07007	   0.00370
1710.32100	   0.06357	   0.00364
1711.12680	   0.05454	   0.00355
1711.93260	   0.05182	   0.00353
1712.73840	   0.05877	   0.00361
1713.54420	   0.06763	   0.00370
1714.35000	   0.07255	   0.00375
1715.15580	   0.07365	   0.00376
1715.96160	   0.06439	   0.00366
1716.76740	   0.05725	   0.00362
1717.57320	   0.06282	   0.00371
1718.37900	   0.06960	   0.00379
1719.18480	   0.06793	   0.00379
1719.99060	   0.06509	   0.00380
1720.79640	   0.06184	   0.00382
1721.60220	   0.05781	   0.00385
1722.40800	   0.05653	   0.00393
1723.21380	   0.06193	   0.00408
1724.01960	   0.06248	   0.00414
1724.82540	   0.06958	   0.00430
1725.63120	   0.07170	   0.00433
1726.43700	   0.06031	   0.00424
1727.24280	   0.06442	   0.00435
1728.04860	   0.06905	   0.00445
1728.85440	   0.07984	   0.00468
1729.66020	   0.07203	   0.00467
1730.46600	   0.05649	   0.00462
1731.27180	   0.06691	   0.00481
1732.07760	   0.07237	   0.00484
1732.88340	   0.06999	   0.00482
1733.68920	   0.06736	   0.00479
1734.49500	   0.06819	   0.00477
1735.30080	   0.07094	   0.00471
1736.10660	   0.06701	   0.00458
1736.91240	   0.06091	   0.00443
1737.71820	   0.06332	   0.00437
1738.52400	   0.06744	   0.00438
1739.32980	   0.06887	   0.00429
1740.13560	   0.07111	   0.00420
1740.94140	   0.07401	   0.00417
1741.74720	   0.07117	   0.00408
1742.55300	   0.06863	   0.00401
1743.35880	   0.07081	   0.00399
1744.16460	   0.07762	   0.00403
1744.97040	   0.07693	   0.00397
1745.77620	   0.06922	   0.00385
1746.58200	   0.06053	   0.00372
1747.38780	   0.06320	   0.00373
1748.19360	   0.07173	   0.00377
1748.99940	   0.07063	   0.00369
1749.80520	   0.06943	   0.00365
1750.61100	   0.06681	   0.00359
1751.41680	   0.06293	   0.00354
1752.22260	   0.06480	   0.00357
1753.02840	   0.06249	   0.00354
1753.83420	   0.06357	   0.00356
1754.64000	   0.06514	   0.00357
1755.44580	   0.06061	   0.00354
1756.25160	   0.06607	   0.00363
1757.05740	   0.07485	   0.00373
1757.86320	   0.06913	   0.00367
1758.66900	   0.06481	   0.00365
1759.47480	   0.07046	   0.00375
1760.28060	   0.07230	   0.00380
1761.08640	   0.07088	   0.00383
1761.89220	   0.06929	   0.00385
1762.69800	   0.06786	   0.00388
1763.50380	   0.06294	   0.00388
1764.30960	   0.05610	   0.00390
1765.11540	   0.06339	   0.00407
1765.92120	   0.06715	   0.00416
1766.72700	   0.06076	   0.00417
1767.53280	   0.06301	   0.00430
1768.33860	   0.06366	   0.00439
1769.14440	   0.06105	   0.00444
1769.95020	   0.06517	   0.00454
1770.75600	   0.06622	   0.00457
1771.56180	   0.06601	   0.00460
1772.36760	   0.06762	   0.00462
1773.17340	   0.07209	   0.00467
1773.97920	   0.06591	   0.00460
1774.78500	   0.05786	   0.00450
1775.59080	   0.05108	   0.00437
1776.39660	   0.05430	   0.00433
1777.20240	   0.06004	   0.00428
1778.00820	   0.05864	   0.00419
1778.81400	   0.05358	   0.00407
1779.61980	   0.05658	   0.00403
1780.42560	   0.06528	   0.00405
1781.23140	   0.06837	   0.00403
1782.03720	   0.06609	   0.00398
1782.84300	   0.06090	   0.00391
1783.64880	   0.06389	   0.00390
1784.45460	   0.06620	   0.00387
1785.26040	   0.06519	   0.00382
1786.06620	   0.06429	   0.00376
1786.87200	   0.06347	   0.00373
1787.67780	   0.06204	   0.00369
1788.48360	   0.06143	   0.00368
1789.28940	   0.06346	   0.00368
1790.09520	   0.06549	   0.00369
1790.90100	   0.06700	   0.00369
1791.70680	   0.07077	   0.00377
1792.51260	   0.06904	   0.00377
1793.31840	   0.06305	   0.00367
1794.12420	   0.06275	   0.00366
1794.93000	   0.06175	   0.00365
1795.73580	   0.06523	   0.00370
1796.54160	   0.06884	   0.00375
1797.34740	   0.06545	   0.00376
1798.15320	   0.06262	   0.00377
1798.95900	   0.05719	   0.00375
1799.76480	   0.05358	   0.00379
1800.57060	   0.05793	   0.00391
1801.37640	   0.05875	   0.00397
1802.18220	   0.05349	   0.00400
1802.98800	   0.05349	   0.00409
1803.79380	   0.05750	   0.00421
1804.59960	   0.06363	   0.00437
1805.40540	   0.06026	   0.00441
1806.21120	   0.05098	   0.00438
1807.01700	   0.04946	   0.00439
1807.82280	   0.05898	   0.00446
1808.62860	   0.06407	   0.00450
1809.43440	   0.06619	   0.00451
1810.24020	   0.06953	   0.00452
1811.04600	   0.06546	   0.00441
1811.85180	   0.06032	   0.00428
1812.65760	   0.05893	   0.00419
1813.46340	   0.06113	   0.00414
1814.26920	   0.06448	   0.00408
1815.07500	   0.06073	   0.00396
1815.88080	   0.06040	   0.00388
1816.68660	   0.05967	   0.00379
1817.49240	   0.06253	   0.00377
1818.29820	   0.06259	   0.00370
1819.10400	   0.06193	   0.00363
1819.90980	   0.06054	   0.00355
1820.71560	   0.05972	   0.00351
1821.52140	   0.06312	   0.00355
1822.32720	   0.06257	   0.00355
1823.13300	   0.06593	   0.00359
1823.93880	   0.06920	   0.00361
1824.74460	   0.06603	   0.00358
1825.55040	   0.06226	   0.00354
1826.35620	   0.05949	   0.00352
1827.16200	   0.06272	   0.00358
1827.96780	   0.07076	   0.00370
1828.77360	   0.07146	   0.00378
1829.57940	   0.06851	   0.00388
1830.38520	   0.06761	   0.00387
1831.19100	   0.06572	   0.00384
1831.99680	   0.06326	   0.00388
1832.80260	   0.05738	   0.00388
1833.60840	   0.05351	   0.00389
1834.41420	   0.05961	   0.00401
1835.22000	   0.06187	   0.00411
1836.02580	   0.05822	   0.00418
1836.83160	   0.06225	   0.00431
1837.63740	   0.06381	   0.00438
1838.44320	   0.05586	   0.00435
1839.24900	   0.06086	   0.00442
1840.05480	   0.05997	   0.00441
1840.86060	   0.05528	   0.00438
1841.66640	   0.06168	   0.00440
1842.47220	   0.06240	   0.00440
1843.27800	   0.05998	   0.00432
1844.08380	   0.06029	   0.00423
1844.88960	   0.06018	   0.00412
1845.69540	   0.06496	   0.00408
1846.50120	   0.07122	   0.00408
1847.30700	   0.07144	   0.00402
1848.11280	   0.06612	   0.00389
1848.91860	   0.06104	   0.00377
1849.72440	   0.05636	   0.00367
1850.53020	   0.05123	   0.00357
1851.33600	   0.04822	   0.00349
1852.14180	   0.05092	   0.00348
1852.94760	   0.06152	   0.00356
1853.75340	   0.06310	   0.00354
1854.55920	   0.05429	   0.00344
1855.36500	   0.04674	   0.00335
1856.17080	   0.04941	   0.00337
1856.97660	   0.06101	   0.00349
1857.78240	   0.06755	   0.00357
1858.58820	   0.06660	   0.00359
1859.39400	   0.06317	   0.00358
1860.19980	   0.06212	   0.00361
1861.00560	   0.06174	   0.00366
1861.81140	   0.05592	   0.00366
1862.61720	   0.05229	   0.00368
1863.42300	   0.05060	   0.00373
1864.22880	   0.05080	   0.00378
1865.03460	   0.05881	   0.00390
1865.84040	   0.06363	   0.00403
1866.64620	   0.06606	   0.00414
1867.45200	   0.06703	   0.00422
1868.25780	   0.06327	   0.00423
1869.06360	   0.06135	   0.00423
1869.86940	   0.05912	   0.00424
1870.67520	   0.06254	   0.00430
1871.48100	   0.05824	   0.00430
1872.28680	   0.05070	   0.00424
1873.09260	   0.05022	   0.00421
1873.89840	   0.04412	   0.00412
1874.70420	   0.04712	   0.00405
1875.51000	   0.04847	   0.00397
1876.31580	   0.05051	   0.00390
1877.12160	   0.06095	   0.00391
1877.92740	   0.06342	   0.00385
1878.73320	   0.05854	   0.00372
1879.53900	   0.05617	   0.00364
1880.34480	   0.07059	   0.00374
1881.15060	   0.08370	   0.00386
1881.95640	   0.08427	   0.00386
1882.76220	   0.08499	   0.00386
1883.56800	   0.07744	   0.00376
1884.37380	   0.06369	   0.00359
1885.17960	   0.05653	   0.00350
1885.98540	   0.05663	   0.00349
1886.79120	   0.05712	   0.00350
1887.59700	   0.05453	   0.00349
1888.40280	   0.05252	   0.00349
1889.20860	   0.05648	   0.00355
1890.01440	   0.06295	   0.00366
1890.82020	   0.07359	   0.00382
1891.62600	   0.08344	   0.00399
1892.43180	   0.08382	   0.00406
1893.23760	   0.07828	   0.00407
1894.04340	   0.06849	   0.00405
1894.84920	   0.05990	   0.00404
1895.65500	   0.05090	   0.00403
1896.46080	   0.05089	   0.00406
1897.26660	   0.05467	   0.00414
1898.07240	   0.05348	   0.00416
1898.87820	   0.05718	   0.00423
1899.68400	   0.05369	   0.00425
1900.48980	   0.05361	   0.00426
1901.29560	   0.05643	   0.00429
1902.10140	   0.05626	   0.00430
1902.90720	   0.05561	   0.00426
1903.71300	   0.06398	   0.00427
1904.51880	   0.07418	   0.00427
1905.32460	   0.09356	   0.00441
1906.13040	   0.12437	   0.00475
1906.93620	   0.14432	   0.00500
1907.74200	   0.13667	   0.00486
1908.54780	   0.12083	   0.00456
1909.35360	   0.10393	   0.00428
1910.15940	   0.07975	   0.00390
1910.96520	   0.06691	   0.00367
1911.77100	   0.06116	   0.00354
1912.57680	   0.05464	   0.00342
1913.38260	   0.05250	   0.00339
1914.18840	   0.05977	   0.00349
1914.99420	   0.06248	   0.00357
1915.80000	   0.05682	   0.00354
1916.60580	   0.05993	   0.00357
1917.41160	   0.06736	   0.00370
1918.21740	   0.06739	   0.00384
1919.02320	   0.06375	   0.00395
1919.82900	   0.06092	   0.00392
1920.63480	   0.06105	   0.00392
1921.44060	   0.06169	   0.00404
1922.24640	   0.06291	   0.00419
1923.05220	   0.06022	   0.00433
1923.85800	   0.05304	   0.00443
1924.66380	   0.05005	   0.00441
1925.46960	   0.04994	   0.00437
1926.27540	   0.05157	   0.00431
1927.08120	   0.06069	   0.00433
1927.88700	   0.05771	   0.00430
1928.69280	   0.05593	   0.00429
1929.49860	   0.05342	   0.00429
1930.30440	   0.05348	   0.00432
1931.11020	   0.05632	   0.00433
1931.91600	   0.05569	   0.00426
1932.72180	   0.05497	   0.00416
1933.52760	   0.05597	   0.00406
1934.33340	   0.05713	   0.00399
1935.13920	   0.05305	   0.00386
1935.94500	   0.04845	   0.00378
1936.75080	   0.04913	   0.00376
1937.55660	   0.05653	   0.00381
1938.36240	   0.05573	   0.00380
1939.16820	   0.05641	   0.00377
1939.97400	   0.05915	   0.00377
1940.77980	   0.05700	   0.00372
1941.58560	   0.05624	   0.00369
1942.39140	   0.05765	   0.00372
1943.19720	   0.06009	   0.00378
1944.00300	   0.06183	   0.00386
1944.80880	   0.05811	   0.00387
1945.61460	   0.05419	   0.00386
1946.42040	   0.05352	   0.00388
1947.22620	   0.04869	   0.00383
1948.03200	   0.05004	   0.00382
1948.83780	   0.06014	   0.00396
1949.64360	   0.06625	   0.00408
1950.44940	   0.06856	   0.00420
1951.25520	   0.05840	   0.00421
1952.06100	   0.05092	   0.00427
1952.86680	   0.04929	   0.00434
1953.67260	   0.04691	   0.00424
1954.47840	   0.04294	   0.00419
1955.28420	   0.05169	   0.00423
1956.09000	   0.05870	   0.00434
1956.89580	   0.05018	   0.00428
1957.70160	   0.05107	   0.00432
1958.50740	   0.04610	   0.00424
1959.31320	   0.04465	   0.00414
1960.11900	   0.04780	   0.00408
1960.92480	   0.05023	   0.00403
1961.73060	   0.04512	   0.00396
1962.53640	   0.03900	   0.00385
1963.34220	   0.04746	   0.00388
1964.14800	   0.04995	   0.00388
1964.95380	   0.04349	   0.00381
1965.75960	   0.03772	   0.00376
1966.56540	   0.04334	   0.00378
1967.37120	   0.05551	   0.00389
1968.17700	   0.05589	   0.00393
1968.98280	   0.05216	   0.00386
1969.78860	   0.05063	   0.00382
1970.59440	   0.05025	   0.00383
1971.40020	   0.05052	   0.00390
1972.20600	   0.05140	   0.00398
1973.01180	   0.05293	   0.00401
1973.81760	   0.05353	   0.00410
1974.62340	   0.05025	   0.00415
1975.42920	   0.04550	   0.00415
1976.23500	   0.04488	   0.00414
1977.04080	   0.05133	   0.00420
1977.84660	   0.05061	   0.00423
1978.65240	   0.05174	   0.00426
1979.45820	   0.05561	   0.00435
1980.26400	   0.04739	   0.00431
1981.06980	   0.04392	   0.00431
1981.87560	   0.04615	   0.00433
1982.68140	   0.04830	   0.00436
1983.48720	   0.04796	   0.00434
1984.29300	   0.04638	   0.00430
1985.09880	   0.03918	   0.00418
1985.90460	   0.04063	   0.00409
1986.71040	   0.05141	   0.00412
1987.51620	   0.05891	   0.00420
1988.32200	   0.05146	   0.00413
1989.12780	   0.04909	   0.00408
1989.93360	   0.05263	   0.00408
1990.73940	   0.04391	   0.00393
1991.54520	   0.03882	   0.00386
1992.35100	   0.04009	   0.00385
1993.15680	   0.03900	   0.00383
1993.96260	   0.03511	   0.00381
1994.76840	   0.03703	   0.00384
1995.57420	   0.05211	   0.00403
1996.38000	   0.05829	   0.00407
1997.18580	   0.05706	   0.00402
1997.99160	   0.05536	   0.00406
1998.79740	   0.04833	   0.00405
1999.60320	   0.04879	   0.00409
2000.40900	   0.05191	   0.00414
2001.21480	   0.05089	   0.00413
2002.02060	   0.05738	   0.00421
2002.82640	   0.05778	   0.00428
2003.63220	   0.05155	   0.00425
2004.43800	   0.04967	   0.00428
2005.24380	   0.04940	   0.00431
2006.04960	   0.04751	   0.00431
2006.85540	   0.04573	   0.00434
2007.66120	   0.04845	   0.00436
2008.46700	   0.04670	   0.00439
2009.27280	   0.03994	   0.00434
2010.07860	   0.04511	   0.00437
2010.88440	   0.04428	   0.00432
2011.69020	   0.04661	   0.00431
2012.49600	   0.03735	   0.00421
2013.30180	   0.03282	   0.00414
2014.10760	   0.03914	   0.00415
2014.91340	   0.04197	   0.00415
2015.71920	   0.00000	   0.00000
